"City:    ","SAN JUAN              "
"State:   ","PR"
"WBAN No: ", 11641
"Lat(N):  ", 18.43
"Long(W): ", 66.00
"Elev(m): ",    19
"Pres(mb):",  1014
"Stn Type:","Primary"
"MONTHLY SOLAR RADIATION (kWh/m2/day)"
"COLUMN A: Year"
"COLUMN B: Month"
"COLUMN C: Flat-Plate Collector Facing South at Fixed Tilt=0"
"COLUMN D: Flat-Plate Collector Facing South at Fixed Tilt=Lat-15"
"COLUMN E: Flat-Plate Collector Facing South at Fixed Tilt=Lat"
"COLUMN F: Flat-Plate Collector Facing South at Fixed Tilt=Lat+15"
"COLUMN G: Flat-Plate Collector Facing South at Fixed Tilt=90"
"COLUMN H: 1-Axis Tracking Flat-Plate Collector with North-South Axis, Axis Tilt=0"
"COLUMN I: 1-Axis Tracking Flat-Plate Collector with North-South Axis, Axis Tilt=Lat-15"
"COLUMN J: 1-Axis Tracking Flat-Plate Collector with North-South Axis, Axis Tilt=Lat"
"COLUMN K: 1-Axis Tracking Flat-Plate Collector with North-South Axis, Axis Tilt=Lat+15"
"COLUMN L: 2-Axis Tracking Flat-Plate Collector"
"COLUMN M: 1-Axis Tracking Concentrating Collector with East-West Horizontal Axis"
"COLUMN N: 1-Axis Tracking Concentrating Collector with North-South Horizontal Axis"
"COLUMN O: 1-Axis Tracking Concentrating Collector with North-South Axis, Axis Tilt=Lat"
"COLUMN P: 2-Axis Tracking Concentrating Collector"
"COL A","COL B","COL C","COL D","COL E","COL F","COL G","COL H","COL I","COL J","COL K","COL L","COL M","COL N","COL O","COL P"
61, 1, 4.3, 4.5, 5.2, 5.6, 4.3, 5.8, 5.9, 6.4, 6.7, 6.8, 3.7, 3.7, 4.2, 4.5
61, 2, 5.0, 5.2, 5.8, 6.0, 4.1, 6.7, 6.9, 7.3, 7.5, 7.5, 3.9, 4.4, 4.9, 5.0
61, 3, 5.6, 5.7, 6.0, 5.9, 3.1, 7.2, 7.3, 7.5, 7.4, 7.5, 3.4, 4.3, 4.5, 4.5
61, 4, 5.8, 5.8, 5.7, 5.4, 2.0, 7.4, 7.4, 7.3, 7.1, 7.4, 3.3, 4.4, 4.4, 4.5
61, 5, 6.3, 6.3, 5.9, 5.3, 1.5, 8.0, 8.0, 7.7, 7.2, 8.0, 3.7, 4.8, 4.6, 4.8
61, 6, 5.7, 5.6, 5.2, 4.6, 1.5, 6.9, 6.9, 6.6, 6.1, 7.0, 3.0, 3.8, 3.6, 3.9
61, 7, 5.9, 5.8, 5.5, 4.8, 1.5, 7.2, 7.2, 6.9, 6.4, 7.3, 3.3, 4.2, 3.9, 4.2
61, 8, 5.6, 5.6, 5.4, 5.0, 1.6, 6.9, 6.9, 6.8, 6.4, 7.0, 3.0, 4.0, 3.9, 4.0
61, 9, 5.6, 5.6, 5.7, 5.5, 2.5, 7.1, 7.1, 7.2, 7.0, 7.2, 3.1, 4.1, 4.2, 4.2
61,10, 4.4, 4.5, 4.8, 4.9, 3.0, 5.5, 5.6, 5.8, 5.9, 5.9, 2.5, 2.9, 3.1, 3.2
61,11, 3.9, 4.0, 4.5, 4.7, 3.4, 4.8, 4.9, 5.2, 5.4, 5.4, 2.5, 2.6, 2.9, 3.1
61,12, 3.8, 3.9, 4.5, 4.9, 3.8, 4.8, 4.9, 5.4, 5.6, 5.7, 2.9, 2.8, 3.2, 3.5
62, 1, 4.3, 4.4, 5.1, 5.5, 4.3, 5.6, 5.7, 6.3, 6.6, 6.6, 3.5, 3.5, 4.0, 4.3
62, 2, 4.7, 4.8, 5.3, 5.5, 3.7, 6.2, 6.3, 6.7, 6.8, 6.8, 3.3, 3.9, 4.3, 4.4
62, 3, 5.7, 5.8, 6.1, 6.1, 3.1, 7.5, 7.6, 7.8, 7.7, 7.8, 4.0, 5.1, 5.3, 5.3
62, 4, 6.0, 6.1, 6.0, 5.6, 2.0, 7.8, 7.8, 7.8, 7.5, 7.9, 3.7, 5.0, 4.9, 5.0
62, 5, 5.6, 5.6, 5.3, 4.8, 1.5, 6.8, 6.8, 6.6, 6.2, 6.8, 2.9, 3.8, 3.6, 3.8
62, 6, 5.4, 5.4, 5.0, 4.4, 1.5, 6.6, 6.6, 6.3, 5.8, 6.7, 2.8, 3.6, 3.3, 3.6
62, 7, 6.2, 6.2, 5.7, 5.1, 1.5, 7.8, 7.8, 7.4, 6.9, 7.9, 3.8, 4.8, 4.5, 4.9
62, 8, 5.8, 5.8, 5.7, 5.2, 1.7, 7.3, 7.3, 7.2, 6.8, 7.4, 3.2, 4.3, 4.2, 4.3
62, 9, 5.4, 5.4, 5.5, 5.3, 2.4, 6.7, 6.8, 6.8, 6.7, 6.8, 2.9, 3.8, 3.9, 3.9
62,10, 5.0, 5.1, 5.5, 5.6, 3.4, 6.4, 6.5, 6.8, 6.8, 6.9, 3.1, 3.8, 4.0, 4.1
62,11, 4.3, 4.4, 5.0, 5.3, 3.8, 5.4, 5.5, 6.0, 6.2, 6.2, 3.0, 3.2, 3.5, 3.7
62,12, 4.0, 4.1, 4.8, 5.2, 4.1, 5.0, 5.2, 5.7, 6.0, 6.1, 3.1, 3.0, 3.4, 3.7
63, 1, 4.1, 4.2, 4.8, 5.2, 3.9, 5.2, 5.3, 5.7, 6.0, 6.1, 3.1, 3.0, 3.5, 3.7
63, 2, 4.9, 5.0, 5.5, 5.7, 3.8, 6.4, 6.5, 6.9, 7.0, 7.0, 3.5, 4.0, 4.3, 4.5
63, 3, 5.3, 5.4, 5.6, 5.5, 2.9, 6.7, 6.8, 7.0, 6.9, 7.0, 3.1, 3.9, 4.1, 4.1
63, 4, 5.6, 5.6, 5.5, 5.2, 1.9, 7.0, 7.0, 7.0, 6.7, 7.1, 3.0, 4.1, 4.0, 4.1
63, 5, 5.3, 5.3, 5.0, 4.5, 1.5, 6.5, 6.5, 6.3, 5.9, 6.5, 2.6, 3.4, 3.3, 3.4
63, 6, 6.0, 5.9, 5.5, 4.8, 1.5, 7.4, 7.4, 7.0, 6.5, 7.5, 3.4, 4.3, 4.0, 4.3
63, 7, 6.1, 6.1, 5.7, 5.0, 1.5, 7.7, 7.7, 7.4, 6.9, 7.8, 3.7, 4.8, 4.5, 4.8
63, 8, 6.0, 6.0, 5.8, 5.3, 1.7, 7.4, 7.5, 7.3, 6.9, 7.5, 3.4, 4.5, 4.3, 4.5
63, 9, 5.2, 5.2, 5.3, 5.1, 2.4, 6.5, 6.5, 6.6, 6.4, 6.6, 2.7, 3.6, 3.6, 3.6
63,10, 5.0, 5.2, 5.6, 5.7, 3.5, 6.4, 6.6, 6.8, 6.9, 6.9, 3.2, 3.8, 4.1, 4.2
63,11, 4.4, 4.6, 5.2, 5.5, 4.0, 5.8, 5.9, 6.3, 6.6, 6.6, 3.3, 3.5, 3.9, 4.1
63,12, 4.2, 4.4, 5.1, 5.6, 4.4, 5.6, 5.7, 6.2, 6.6, 6.7, 3.5, 3.4, 4.0, 4.3
64, 1, 4.0, 4.1, 4.7, 5.0, 3.8, 5.1, 5.2, 5.6, 5.8, 5.9, 2.8, 2.8, 3.2, 3.4
64, 2, 4.9, 5.0, 5.6, 5.8, 3.8, 6.5, 6.6, 7.0, 7.2, 7.2, 3.7, 4.2, 4.6, 4.7
64, 3, 5.5, 5.5, 5.8, 5.7, 3.0, 7.0, 7.0, 7.2, 7.2, 7.2, 3.3, 4.3, 4.4, 4.4
64, 4, 5.8, 5.8, 5.8, 5.4, 2.0, 7.3, 7.3, 7.2, 6.9, 7.3, 3.2, 4.2, 4.2, 4.3
64, 5, 6.3, 6.3, 5.9, 5.3, 1.5, 8.0, 8.0, 7.8, 7.3, 8.1, 3.9, 5.1, 4.9, 5.2
64, 6, 6.1, 6.0, 5.6, 4.8, 1.5, 7.6, 7.5, 7.2, 6.7, 7.7, 3.5, 4.5, 4.2, 4.5
64, 7, 5.7, 5.6, 5.3, 4.7, 1.5, 7.1, 7.0, 6.8, 6.3, 7.1, 3.2, 4.1, 3.8, 4.1
64, 8, 5.7, 5.7, 5.5, 5.0, 1.7, 7.0, 7.0, 6.8, 6.5, 7.0, 3.0, 3.9, 3.8, 3.9
64, 9, 5.3, 5.4, 5.5, 5.3, 2.4, 6.5, 6.6, 6.6, 6.5, 6.6, 2.8, 3.5, 3.6, 3.6
64,10, 4.9, 5.1, 5.5, 5.6, 3.4, 6.3, 6.4, 6.7, 6.8, 6.8, 3.1, 3.7, 4.0, 4.0
64,11, 4.3, 4.5, 5.0, 5.3, 3.9, 5.5, 5.6, 6.0, 6.2, 6.3, 3.1, 3.2, 3.6, 3.8
64,12, 3.9, 4.1, 4.7, 5.1, 4.0, 4.9, 5.1, 5.6, 5.9, 6.0, 3.0, 2.8, 3.3, 3.6
65, 1, 4.2, 4.3, 5.0, 5.3, 4.1, 5.4, 5.5, 6.0, 6.3, 6.3, 3.2, 3.2, 3.7, 3.9
65, 2, 4.7, 4.8, 5.3, 5.4, 3.6, 5.8, 5.9, 6.3, 6.4, 6.4, 2.9, 3.2, 3.5, 3.6
65, 3, 6.1, 6.2, 6.5, 6.5, 3.3, 8.0, 8.1, 8.3, 8.3, 8.4, 4.2, 5.3, 5.5, 5.6
65, 4, 6.4, 6.4, 6.4, 5.9, 2.0, 8.2, 8.2, 8.2, 7.8, 8.2, 4.1, 5.4, 5.3, 5.4
65, 5, 4.9, 4.9, 4.7, 4.3, 1.5, 5.7, 5.7, 5.5, 5.2, 5.8, 2.0, 2.6, 2.5, 2.6
65, 6, 5.5, 5.4, 5.1, 4.5, 1.5, 6.5, 6.5, 6.2, 5.8, 6.6, 2.6, 3.3, 3.1, 3.3
65, 7, 6.0, 5.9, 5.6, 4.9, 1.5, 7.4, 7.4, 7.1, 6.6, 7.5, 3.3, 4.2, 4.0, 4.3
65, 8, 5.8, 5.8, 5.6, 5.2, 1.7, 7.2, 7.2, 7.0, 6.7, 7.2, 3.1, 4.1, 3.9, 4.1
65, 9, 5.7, 5.7, 5.8, 5.6, 2.5, 7.1, 7.1, 7.2, 7.0, 7.2, 3.3, 4.2, 4.2, 4.2
65,10, 5.0, 5.2, 5.6, 5.6, 3.4, 6.4, 6.5, 6.8, 6.8, 6.8, 3.2, 3.7, 4.0, 4.0
65,11, 4.3, 4.4, 4.9, 5.2, 3.8, 5.3, 5.5, 5.9, 6.1, 6.1, 2.9, 3.0, 3.4, 3.6
65,12, 3.8, 4.0, 4.6, 5.0, 3.9, 4.9, 5.1, 5.5, 5.8, 5.9, 3.0, 2.9, 3.3, 3.6
66, 1, 4.1, 4.2, 4.8, 5.2, 3.9, 5.3, 5.4, 5.8, 6.1, 6.2, 3.1, 3.1, 3.5, 3.8
66, 2, 4.7, 4.9, 5.3, 5.5, 3.7, 6.1, 6.2, 6.6, 6.7, 6.7, 3.2, 3.6, 4.0, 4.1
66, 3, 5.2, 5.3, 5.5, 5.4, 2.8, 6.4, 6.5, 6.7, 6.6, 6.7, 2.9, 3.6, 3.8, 3.8
66, 4, 6.0, 6.0, 6.0, 5.6, 2.0, 7.8, 7.9, 7.8, 7.5, 7.9, 3.6, 5.0, 4.9, 5.0
66, 5, 5.5, 5.5, 5.2, 4.7, 1.6, 6.6, 6.6, 6.4, 6.0, 6.7, 2.7, 3.4, 3.3, 3.5
66, 6, 6.1, 6.1, 5.6, 4.9, 1.5, 7.7, 7.6, 7.3, 6.7, 7.8, 3.5, 4.5, 4.2, 4.6
66, 7, 5.9, 5.8, 5.5, 4.8, 1.5, 7.1, 7.1, 6.8, 6.4, 7.2, 3.2, 4.0, 3.7, 4.0
66, 8, 5.8, 5.8, 5.7, 5.2, 1.7, 7.3, 7.3, 7.1, 6.8, 7.3, 3.1, 4.1, 4.0, 4.2
66, 9, 5.5, 5.6, 5.7, 5.5, 2.4, 7.0, 7.0, 7.1, 6.9, 7.1, 3.2, 4.2, 4.2, 4.2
66,10, 4.9, 5.0, 5.4, 5.5, 3.3, 6.2, 6.3, 6.6, 6.6, 6.7, 3.0, 3.5, 3.8, 3.8
66,11, 4.4, 4.6, 5.2, 5.5, 4.0, 5.6, 5.8, 6.2, 6.4, 6.5, 3.3, 3.4, 3.9, 4.1
66,12, 3.7, 3.9, 4.4, 4.7, 3.6, 4.5, 4.6, 5.1, 5.3, 5.4, 2.5, 2.3, 2.7, 2.9
67, 1, 4.3, 4.5, 5.2, 5.6, 4.3, 5.7, 5.8, 6.4, 6.7, 6.8, 3.5, 3.5, 4.0, 4.3
67, 2, 4.8, 5.0, 5.5, 5.7, 3.8, 6.2, 6.3, 6.7, 6.8, 6.8, 3.2, 3.7, 4.0, 4.1
67, 3, 6.0, 6.1, 6.4, 6.3, 3.3, 7.8, 7.8, 8.1, 8.0, 8.1, 4.0, 5.0, 5.2, 5.2
67, 4, 6.3, 6.3, 6.2, 5.8, 2.0, 8.0, 8.0, 8.0, 7.6, 8.1, 3.9, 5.1, 5.1, 5.2
67, 5, 6.0, 6.0, 5.7, 5.1, 1.5, 7.5, 7.5, 7.2, 6.8, 7.6, 3.3, 4.3, 4.1, 4.3
67, 6, 6.2, 6.2, 5.7, 4.9, 1.5, 7.9, 7.9, 7.5, 7.0, 8.1, 3.7, 4.8, 4.5, 4.8
67, 7, 6.0, 6.0, 5.6, 4.9, 1.5, 7.5, 7.5, 7.2, 6.7, 7.6, 3.4, 4.3, 4.1, 4.4
67, 8, 6.4, 6.4, 6.2, 5.7, 1.7, 8.1, 8.1, 8.0, 7.6, 8.2, 3.9, 5.1, 5.0, 5.1
67, 9, 5.5, 5.6, 5.7, 5.5, 2.5, 7.1, 7.1, 7.2, 7.0, 7.2, 3.3, 4.3, 4.4, 4.4
67,10, 5.2, 5.3, 5.8, 5.9, 3.6, 6.7, 6.8, 7.1, 7.2, 7.2, 3.5, 4.1, 4.4, 4.5
67,11, 4.5, 4.7, 5.3, 5.6, 4.1, 5.8, 5.9, 6.4, 6.7, 6.7, 3.4, 3.5, 4.0, 4.2
67,12, 4.0, 4.2, 4.9, 5.3, 4.2, 5.3, 5.4, 5.9, 6.2, 6.3, 3.3, 3.1, 3.6, 3.9
68, 1, 4.3, 4.5, 5.2, 5.5, 4.2, 5.6, 5.7, 6.2, 6.5, 6.6, 3.4, 3.4, 3.8, 4.1
68, 2, 4.9, 5.1, 5.6, 5.8, 3.9, 6.5, 6.6, 7.0, 7.2, 7.2, 3.6, 4.1, 4.5, 4.6
68, 3, 5.7, 5.8, 6.1, 6.0, 3.1, 7.3, 7.3, 7.5, 7.5, 7.6, 3.7, 4.7, 4.8, 4.9
68, 4, 6.1, 6.2, 6.1, 5.7, 2.0, 7.8, 7.8, 7.8, 7.5, 7.9, 3.8, 4.9, 4.9, 5.0
68, 5, 6.1, 6.1, 5.7, 5.1, 1.5, 7.7, 7.6, 7.4, 6.9, 7.7, 3.5, 4.5, 4.3, 4.6
68, 6, 5.9, 5.9, 5.4, 4.7, 1.5, 7.4, 7.3, 7.0, 6.5, 7.5, 3.3, 4.2, 3.9, 4.3
68, 7, 6.2, 6.1, 5.7, 5.1, 1.5, 7.8, 7.7, 7.4, 6.9, 7.8, 3.7, 4.7, 4.4, 4.8
68, 8, 6.2, 6.3, 6.1, 5.6, 1.7, 8.0, 8.0, 7.8, 7.5, 8.0, 3.8, 5.0, 4.8, 5.0
68, 9, 5.6, 5.6, 5.7, 5.5, 2.5, 7.0, 7.1, 7.2, 7.0, 7.2, 3.2, 4.1, 4.2, 4.2
68,10, 5.3, 5.5, 6.0, 6.1, 3.7, 7.0, 7.1, 7.5, 7.6, 7.6, 3.8, 4.6, 4.9, 4.9
68,11, 4.5, 4.7, 5.3, 5.6, 4.1, 5.9, 6.0, 6.5, 6.7, 6.8, 3.5, 3.7, 4.1, 4.3
68,12, 3.9, 4.1, 4.7, 5.0, 4.0, 4.9, 5.1, 5.5, 5.8, 5.9, 2.9, 2.8, 3.2, 3.5
69, 1, 4.1, 4.3, 4.9, 5.3, 4.0, 5.3, 5.4, 5.9, 6.1, 6.2, 3.2, 3.1, 3.5, 3.8
69, 2, 5.2, 5.3, 5.9, 6.2, 4.1, 6.8, 6.9, 7.3, 7.5, 7.5, 4.0, 4.4, 4.9, 5.0
69, 3, 5.7, 5.8, 6.1, 6.0, 3.1, 7.5, 7.6, 7.8, 7.7, 7.8, 3.7, 4.8, 5.0, 5.0
69, 4, 6.3, 6.4, 6.3, 5.9, 2.0, 8.3, 8.3, 8.2, 7.9, 8.3, 4.2, 5.5, 5.5, 5.6
69, 5, 5.6, 5.6, 5.3, 4.7, 1.6, 7.0, 6.9, 6.7, 6.3, 7.0, 2.8, 3.7, 3.5, 3.7
69, 6, 6.0, 5.9, 5.5, 4.8, 1.5, 7.5, 7.5, 7.2, 6.7, 7.6, 3.3, 4.3, 4.0, 4.4
69, 7, 5.8, 5.8, 5.4, 4.8, 1.5, 7.3, 7.3, 7.0, 6.6, 7.4, 3.3, 4.3, 4.1, 4.4
69, 8, 5.9, 5.9, 5.7, 5.2, 1.7, 7.6, 7.6, 7.4, 7.1, 7.6, 3.3, 4.5, 4.4, 4.6
69, 9, 5.3, 5.3, 5.4, 5.3, 2.5, 6.6, 6.6, 6.7, 6.5, 6.7, 2.8, 3.6, 3.7, 3.7
69,10, 5.0, 5.2, 5.6, 5.7, 3.5, 6.5, 6.6, 6.9, 7.0, 7.0, 3.3, 3.9, 4.2, 4.3
69,11, 4.0, 4.1, 4.6, 4.8, 3.5, 4.9, 5.0, 5.3, 5.5, 5.6, 2.5, 2.5, 2.9, 3.0
69,12, 3.8, 4.0, 4.6, 5.0, 3.9, 4.8, 5.0, 5.4, 5.7, 5.8, 2.9, 2.7, 3.2, 3.4
70, 1, 4.3, 4.5, 5.2, 5.6, 4.3, 5.7, 5.8, 6.3, 6.6, 6.7, 3.6, 3.6, 4.1, 4.3
70, 2, 4.9, 5.1, 5.6, 5.8, 3.8, 6.4, 6.5, 6.9, 7.0, 7.0, 3.5, 4.0, 4.3, 4.4
70, 3, 6.0, 6.2, 6.5, 6.4, 3.3, 8.0, 8.1, 8.3, 8.3, 8.4, 4.2, 5.4, 5.7, 5.7
70, 4, 6.5, 6.5, 6.4, 6.0, 2.0, 8.5, 8.5, 8.5, 8.1, 8.6, 4.3, 5.8, 5.8, 5.9
70, 5, 5.8, 5.8, 5.5, 4.9, 1.5, 7.1, 7.1, 6.9, 6.4, 7.2, 3.3, 4.1, 3.9, 4.2
70, 6, 5.6, 5.5, 5.1, 4.5, 1.5, 6.8, 6.7, 6.4, 6.0, 6.8, 2.9, 3.6, 3.4, 3.7
70, 7, 5.5, 5.5, 5.1, 4.5, 1.5, 6.8, 6.7, 6.5, 6.0, 6.8, 2.9, 3.7, 3.5, 3.7
70, 8, 5.8, 5.8, 5.6, 5.1, 1.7, 7.2, 7.2, 7.0, 6.7, 7.2, 3.1, 4.1, 4.0, 4.1
70, 9, 5.5, 5.5, 5.6, 5.4, 2.4, 7.0, 7.0, 7.1, 6.9, 7.1, 3.0, 4.0, 4.1, 4.1
70,10, 4.7, 4.9, 5.2, 5.3, 3.3, 6.0, 6.1, 6.3, 6.4, 6.4, 2.9, 3.4, 3.7, 3.7
70,11, 4.2, 4.3, 4.8, 5.1, 3.7, 5.3, 5.4, 5.8, 6.0, 6.0, 2.9, 3.0, 3.3, 3.5
70,12, 3.8, 3.9, 4.5, 4.8, 3.8, 4.8, 4.9, 5.3, 5.6, 5.7, 2.8, 2.7, 3.1, 3.4
71, 1, 4.2, 4.3, 5.0, 5.4, 4.1, 5.5, 5.6, 6.1, 6.4, 6.4, 3.4, 3.4, 3.9, 4.1
71, 2, 5.1, 5.3, 5.9, 6.1, 4.1, 6.7, 6.8, 7.3, 7.4, 7.4, 3.9, 4.3, 4.8, 4.9
71, 3, 5.9, 6.0, 6.3, 6.3, 3.2, 7.8, 7.8, 8.1, 8.0, 8.1, 4.0, 5.1, 5.3, 5.3
71, 4, 6.0, 6.0, 5.9, 5.5, 2.0, 7.7, 7.7, 7.6, 7.3, 7.7, 3.5, 4.7, 4.6, 4.7
71, 5, 6.0, 5.9, 5.6, 5.0, 1.6, 7.5, 7.5, 7.2, 6.8, 7.5, 3.2, 4.3, 4.1, 4.3
71, 6, 6.8, 6.7, 6.2, 5.3, 1.4, 8.9, 8.9, 8.5, 7.9, 9.1, 4.8, 6.2, 5.8, 6.3
71, 7, 6.5, 6.4, 6.0, 5.3, 1.5, 8.3, 8.3, 7.9, 7.4, 8.4, 4.2, 5.3, 5.0, 5.4
71, 8, 6.0, 6.0, 5.8, 5.3, 1.7, 7.7, 7.7, 7.5, 7.2, 7.7, 3.5, 4.7, 4.6, 4.7
71, 9, 6.1, 6.2, 6.3, 6.1, 2.7, 8.2, 8.2, 8.4, 8.2, 8.4, 4.0, 5.4, 5.6, 5.6
71,10, 4.4, 4.5, 4.8, 4.8, 2.9, 5.3, 5.4, 5.6, 5.6, 5.7, 2.2, 2.6, 2.8, 2.8
71,11, 4.6, 4.8, 5.4, 5.8, 4.3, 6.0, 6.1, 6.6, 6.9, 6.9, 3.6, 3.7, 4.2, 4.4
71,12, 4.0, 4.2, 4.9, 5.3, 4.2, 5.2, 5.3, 5.8, 6.2, 6.3, 3.3, 3.1, 3.6, 3.9
72, 1, 4.4, 4.6, 5.3, 5.7, 4.4, 5.9, 6.0, 6.6, 6.9, 7.0, 3.7, 3.8, 4.3, 4.6
72, 2, 5.1, 5.3, 5.9, 6.1, 4.1, 6.9, 7.0, 7.5, 7.6, 7.7, 3.9, 4.5, 5.0, 5.1
72, 3, 5.7, 5.8, 6.1, 6.0, 3.1, 7.5, 7.5, 7.7, 7.7, 7.8, 3.7, 4.8, 5.0, 5.0
72, 4, 6.4, 6.4, 6.3, 5.9, 2.0, 8.3, 8.4, 8.3, 8.0, 8.4, 4.1, 5.6, 5.6, 5.6
72, 5, 6.1, 6.1, 5.7, 5.1, 1.5, 7.7, 7.6, 7.4, 6.9, 7.7, 3.5, 4.5, 4.3, 4.6
72, 6, 5.8, 5.7, 5.3, 4.6, 1.5, 7.2, 7.1, 6.8, 6.3, 7.3, 3.1, 4.0, 3.7, 4.0
72, 7, 6.3, 6.3, 5.8, 5.1, 1.5, 8.0, 7.9, 7.6, 7.1, 8.1, 3.9, 5.0, 4.7, 5.1
72, 8, 5.3, 5.3, 5.2, 4.7, 1.7, 6.5, 6.5, 6.4, 6.1, 6.5, 2.5, 3.3, 3.2, 3.3
72, 9, 5.4, 5.5, 5.6, 5.4, 2.4, 7.0, 7.0, 7.1, 6.9, 7.1, 3.2, 4.2, 4.3, 4.3
72,10, 4.8, 4.9, 5.3, 5.4, 3.3, 6.2, 6.3, 6.6, 6.6, 6.6, 3.0, 3.6, 3.8, 3.9
72,11, 4.5, 4.6, 5.3, 5.6, 4.1, 5.9, 6.0, 6.5, 6.7, 6.8, 3.5, 3.6, 4.1, 4.3
72,12, 4.1, 4.3, 5.0, 5.4, 4.3, 5.3, 5.4, 6.0, 6.3, 6.4, 3.4, 3.2, 3.8, 4.1
73, 1, 4.4, 4.6, 5.3, 5.7, 4.3, 5.7, 5.9, 6.4, 6.7, 6.8, 3.6, 3.5, 4.1, 4.3
73, 2, 4.9, 5.1, 5.6, 5.8, 3.9, 6.4, 6.6, 7.0, 7.1, 7.1, 3.5, 4.0, 4.4, 4.5
73, 3, 5.7, 5.8, 6.0, 5.9, 3.1, 7.3, 7.4, 7.6, 7.5, 7.6, 3.6, 4.6, 4.8, 4.8
73, 4, 6.4, 6.5, 6.4, 6.0, 2.0, 8.6, 8.6, 8.6, 8.2, 8.7, 4.4, 6.0, 6.0, 6.1
73, 5, 6.5, 6.4, 6.1, 5.4, 1.5, 8.5, 8.4, 8.2, 7.7, 8.5, 4.2, 5.5, 5.3, 5.6
73, 6, 6.0, 5.9, 5.5, 4.8, 1.5, 7.6, 7.5, 7.2, 6.7, 7.7, 3.5, 4.5, 4.3, 4.6
73, 7, 6.2, 6.1, 5.7, 5.0, 1.5, 7.8, 7.8, 7.5, 7.0, 7.9, 3.7, 4.8, 4.5, 4.9
73, 8, 5.9, 5.9, 5.8, 5.3, 1.7, 7.6, 7.6, 7.4, 7.1, 7.6, 3.4, 4.6, 4.4, 4.6
73, 9, 5.6, 5.7, 5.8, 5.6, 2.5, 7.2, 7.3, 7.4, 7.2, 7.4, 3.2, 4.3, 4.4, 4.4
73,10, 5.2, 5.3, 5.8, 5.9, 3.7, 7.0, 7.1, 7.4, 7.5, 7.5, 3.6, 4.4, 4.7, 4.8
73,11, 4.6, 4.8, 5.4, 5.8, 4.2, 5.9, 6.1, 6.5, 6.8, 6.8, 3.6, 3.7, 4.1, 4.3
73,12, 4.0, 4.2, 4.9, 5.3, 4.2, 5.2, 5.3, 5.8, 6.1, 6.2, 3.2, 3.0, 3.5, 3.8
74, 1, 4.3, 4.5, 5.2, 5.5, 4.2, 5.6, 5.7, 6.2, 6.5, 6.6, 3.4, 3.3, 3.8, 4.1
74, 2, 5.2, 5.3, 5.9, 6.2, 4.2, 6.9, 7.0, 7.4, 7.6, 7.6, 4.0, 4.5, 4.9, 5.1
74, 3, 5.9, 6.0, 6.3, 6.2, 3.2, 7.7, 7.8, 8.0, 7.9, 8.0, 3.9, 5.0, 5.2, 5.3
74, 4, 6.3, 6.3, 6.3, 5.9, 2.1, 8.2, 8.2, 8.2, 7.9, 8.3, 3.9, 5.2, 5.2, 5.3
74, 5, 6.4, 6.4, 6.0, 5.4, 1.5, 8.3, 8.3, 8.0, 7.5, 8.4, 4.0, 5.3, 5.0, 5.3
74, 6, 6.4, 6.4, 5.9, 5.1, 1.5, 8.2, 8.2, 7.8, 7.3, 8.4, 4.0, 5.1, 4.8, 5.2
74, 7, 6.5, 6.4, 6.0, 5.2, 1.5, 8.5, 8.5, 8.1, 7.6, 8.6, 4.3, 5.6, 5.3, 5.7
74, 8, 6.1, 6.1, 5.8, 5.3, 1.7, 7.7, 7.7, 7.6, 7.2, 7.8, 3.6, 4.8, 4.6, 4.8
74, 9, 5.3, 5.4, 5.4, 5.3, 2.4, 6.6, 6.6, 6.7, 6.6, 6.7, 2.8, 3.7, 3.8, 3.8
74,10, 4.8, 4.9, 5.3, 5.4, 3.2, 6.2, 6.3, 6.6, 6.6, 6.6, 2.9, 3.6, 3.8, 3.8
74,11, 3.7, 3.8, 4.2, 4.3, 3.1, 4.4, 4.5, 4.8, 4.9, 5.0, 2.0, 2.0, 2.3, 2.5
74,12, 4.1, 4.3, 4.9, 5.4, 4.2, 5.2, 5.4, 5.9, 6.2, 6.3, 3.3, 3.1, 3.6, 3.9
75, 1, 4.2, 4.3, 4.9, 5.3, 4.0, 5.3, 5.4, 5.8, 6.1, 6.2, 3.1, 3.1, 3.5, 3.8
75, 2, 5.3, 5.5, 6.1, 6.3, 4.2, 7.0, 7.2, 7.6, 7.8, 7.8, 4.2, 4.8, 5.2, 5.4
75, 3, 5.8, 5.9, 6.2, 6.1, 3.2, 7.6, 7.7, 7.9, 7.8, 7.9, 3.8, 4.9, 5.1, 5.1
75, 4, 6.4, 6.4, 6.3, 5.9, 2.1, 8.2, 8.3, 8.2, 7.9, 8.3, 4.0, 5.3, 5.3, 5.4
75, 5, 6.3, 6.3, 5.9, 5.3, 1.5, 8.1, 8.1, 7.9, 7.4, 8.2, 3.8, 5.1, 4.9, 5.2
75, 6, 6.6, 6.5, 6.0, 5.2, 1.5, 8.6, 8.5, 8.1, 7.6, 8.7, 4.4, 5.6, 5.3, 5.7
75, 7, 6.4, 6.4, 5.9, 5.2, 1.5, 8.3, 8.2, 7.9, 7.4, 8.4, 4.0, 5.2, 4.9, 5.3
75, 8, 6.2, 6.2, 6.0, 5.5, 1.7, 7.9, 7.9, 7.7, 7.3, 7.9, 3.7, 4.9, 4.8, 4.9
75, 9, 5.2, 5.3, 5.4, 5.2, 2.4, 6.3, 6.4, 6.4, 6.3, 6.4, 2.7, 3.4, 3.5, 3.5
75,10, 4.9, 5.0, 5.3, 5.4, 3.3, 6.0, 6.1, 6.4, 6.4, 6.5, 2.8, 3.3, 3.6, 3.6
75,11, 4.5, 4.6, 5.3, 5.6, 4.1, 5.8, 5.9, 6.4, 6.6, 6.7, 3.5, 3.6, 4.1, 4.3
75,12, 3.6, 3.8, 4.3, 4.6, 3.5, 4.4, 4.6, 4.9, 5.2, 5.3, 2.5, 2.3, 2.7, 2.9
76, 1, 4.5, 4.7, 5.4, 5.8, 4.5, 5.9, 6.0, 6.6, 6.9, 7.0, 3.8, 3.7, 4.3, 4.6
76, 2, 4.9, 5.0, 5.6, 5.8, 3.8, 6.3, 6.4, 6.8, 6.9, 7.0, 3.4, 3.9, 4.2, 4.3
76, 3, 5.8, 5.9, 6.2, 6.1, 3.1, 7.7, 7.7, 7.9, 7.8, 7.9, 3.8, 4.9, 5.1, 5.2
76, 4, 5.9, 5.9, 5.8, 5.5, 2.0, 7.6, 7.6, 7.5, 7.2, 7.6, 3.3, 4.5, 4.5, 4.6
76, 5, 6.4, 6.4, 6.0, 5.3, 1.5, 8.3, 8.3, 8.0, 7.5, 8.4, 4.1, 5.3, 5.1, 5.4
76, 6, 6.0, 5.9, 5.5, 4.8, 1.5, 7.5, 7.4, 7.1, 6.6, 7.6, 3.4, 4.3, 4.0, 4.4
76, 7, 6.1, 6.1, 5.6, 5.0, 1.5, 7.7, 7.7, 7.3, 6.9, 7.8, 3.6, 4.6, 4.4, 4.7
76, 8, 6.2, 6.2, 6.0, 5.5, 1.7, 7.9, 7.9, 7.8, 7.4, 8.0, 3.7, 4.9, 4.8, 5.0
76, 9, 5.6, 5.6, 5.7, 5.5, 2.5, 7.1, 7.2, 7.2, 7.1, 7.3, 3.3, 4.3, 4.4, 4.4
76,10, 4.9, 5.0, 5.4, 5.5, 3.3, 6.1, 6.2, 6.5, 6.5, 6.6, 3.0, 3.5, 3.7, 3.8
76,11, 4.6, 4.8, 5.5, 5.9, 4.3, 6.2, 6.3, 6.8, 7.1, 7.1, 3.7, 3.9, 4.4, 4.6
76,12, 4.1, 4.3, 5.1, 5.5, 4.4, 5.6, 5.7, 6.2, 6.6, 6.7, 3.6, 3.5, 4.0, 4.4
77, 1, 4.3, 4.5, 5.2, 5.7, 4.4, 5.8, 5.9, 6.4, 6.8, 6.8, 3.7, 3.7, 4.3, 4.6
77, 2, 5.0, 5.1, 5.7, 5.9, 3.9, 6.6, 6.7, 7.1, 7.3, 7.3, 3.6, 4.1, 4.5, 4.6
77, 3, 5.5, 5.6, 5.9, 5.8, 3.0, 7.2, 7.2, 7.4, 7.3, 7.4, 3.5, 4.4, 4.6, 4.6
77, 4, 5.7, 5.7, 5.7, 5.3, 2.0, 7.1, 7.1, 7.1, 6.8, 7.2, 3.1, 4.1, 4.0, 4.1
77, 5, 5.5, 5.5, 5.2, 4.7, 1.6, 6.9, 6.8, 6.7, 6.3, 6.9, 2.7, 3.6, 3.5, 3.7
77, 6, 6.6, 6.5, 6.0, 5.2, 1.5, 8.4, 8.4, 8.0, 7.4, 8.5, 4.3, 5.4, 5.1, 5.5
77, 7, 6.5, 6.4, 6.0, 5.3, 1.5, 8.3, 8.2, 7.9, 7.3, 8.4, 4.3, 5.4, 5.1, 5.5
77, 8, 5.9, 5.9, 5.7, 5.2, 1.7, 7.4, 7.4, 7.3, 6.9, 7.4, 3.3, 4.4, 4.2, 4.4
77, 9, 5.6, 5.7, 5.8, 5.5, 2.5, 7.3, 7.3, 7.4, 7.2, 7.4, 3.3, 4.5, 4.6, 4.6
77,10, 4.9, 5.0, 5.4, 5.5, 3.3, 6.3, 6.4, 6.6, 6.7, 6.7, 3.0, 3.6, 3.9, 4.0
77,11, 4.0, 4.1, 4.5, 4.8, 3.4, 4.9, 5.0, 5.3, 5.5, 5.5, 2.5, 2.6, 2.9, 3.1
77,12, 4.2, 4.4, 5.1, 5.6, 4.4, 5.5, 5.7, 6.2, 6.6, 6.7, 3.6, 3.5, 4.0, 4.4
78, 1, 4.5, 4.8, 5.5, 6.0, 4.6, 6.1, 6.2, 6.8, 7.2, 7.3, 4.0, 4.0, 4.6, 4.9
78, 2, 4.8, 4.9, 5.4, 5.6, 3.7, 6.2, 6.3, 6.6, 6.8, 6.8, 3.2, 3.7, 4.1, 4.2
78, 3, 5.4, 5.5, 5.7, 5.7, 2.9, 7.0, 7.1, 7.3, 7.2, 7.3, 3.3, 4.3, 4.5, 4.5
78, 4, 5.9, 5.9, 5.8, 5.4, 2.0, 7.4, 7.4, 7.4, 7.1, 7.5, 3.3, 4.4, 4.3, 4.4
78, 5, 5.9, 5.9, 5.6, 5.0, 1.5, 7.6, 7.6, 7.3, 6.9, 7.7, 3.5, 4.6, 4.4, 4.6
78, 6, 6.4, 6.4, 5.9, 5.1, 1.5, 8.1, 8.0, 7.7, 7.1, 8.2, 4.1, 5.1, 4.8, 5.2
78, 7, 6.2, 6.1, 5.7, 5.0, 1.5, 7.8, 7.8, 7.5, 7.0, 7.9, 3.8, 4.9, 4.6, 4.9
78, 8, 5.9, 5.8, 5.7, 5.2, 1.7, 7.5, 7.5, 7.3, 7.0, 7.5, 3.4, 4.6, 4.5, 4.6
78, 9, 5.6, 5.6, 5.7, 5.5, 2.5, 7.1, 7.1, 7.2, 7.0, 7.2, 3.2, 4.2, 4.3, 4.3
78,10, 4.8, 4.9, 5.2, 5.3, 3.1, 6.1, 6.2, 6.4, 6.5, 6.5, 3.0, 3.7, 3.9, 4.0
78,11, 4.4, 4.6, 5.2, 5.5, 4.0, 5.7, 5.8, 6.3, 6.5, 6.5, 3.3, 3.5, 3.9, 4.1
78,12, 4.1, 4.3, 4.9, 5.4, 4.3, 5.3, 5.5, 6.0, 6.3, 6.4, 3.4, 3.3, 3.8, 4.1
79, 1, 4.3, 4.5, 5.2, 5.6, 4.3, 5.7, 5.8, 6.4, 6.7, 6.8, 3.7, 3.7, 4.2, 4.5
79, 2, 4.8, 5.0, 5.5, 5.7, 3.8, 6.4, 6.5, 6.9, 7.0, 7.0, 3.5, 4.0, 4.4, 4.5
79, 3, 5.4, 5.5, 5.7, 5.7, 3.0, 6.7, 6.8, 7.0, 6.9, 7.0, 3.5, 4.3, 4.5, 4.5
79, 4, 5.4, 5.5, 5.4, 5.1, 2.0, 6.5, 6.5, 6.4, 6.2, 6.5, 2.6, 3.4, 3.3, 3.4
79, 5, 4.6, 4.6, 4.4, 4.0, 1.5, 5.2, 5.2, 5.0, 4.7, 5.2, 1.8, 2.2, 2.1, 2.2
79, 6, 5.3, 5.2, 4.9, 4.3, 1.5, 6.3, 6.3, 6.0, 5.6, 6.4, 2.7, 3.4, 3.2, 3.5
79, 7, 6.1, 6.1, 5.7, 5.0, 1.5, 7.6, 7.5, 7.2, 6.7, 7.6, 3.6, 4.5, 4.2, 4.5
79, 8, 5.2, 5.2, 5.1, 4.6, 1.6, 6.4, 6.4, 6.2, 5.9, 6.4, 2.7, 3.4, 3.3, 3.5
79, 9, 4.8, 4.8, 4.8, 4.7, 2.2, 5.8, 5.8, 5.8, 5.7, 5.9, 2.4, 3.1, 3.2, 3.2
79,10, 5.3, 5.4, 5.9, 6.0, 3.7, 7.0, 7.1, 7.4, 7.5, 7.5, 3.7, 4.4, 4.8, 4.8
79,11, 3.8, 4.0, 4.4, 4.6, 3.3, 4.8, 4.9, 5.2, 5.4, 5.4, 2.4, 2.5, 2.8, 3.0
79,12, 3.8, 3.9, 4.5, 4.9, 3.8, 4.8, 4.9, 5.3, 5.6, 5.7, 2.8, 2.7, 3.1, 3.3
80, 1, 4.3, 4.5, 5.1, 5.5, 4.2, 5.6, 5.8, 6.3, 6.6, 6.7, 3.5, 3.5, 4.0, 4.3
80, 2, 5.0, 5.2, 5.7, 5.9, 4.0, 6.7, 6.9, 7.3, 7.4, 7.4, 3.9, 4.6, 5.0, 5.1
80, 3, 6.0, 6.1, 6.4, 6.3, 3.2, 7.6, 7.7, 7.9, 7.8, 7.9, 4.2, 5.1, 5.3, 5.3
80, 4, 6.1, 6.2, 6.1, 5.8, 2.1, 7.6, 7.7, 7.6, 7.3, 7.7, 3.8, 4.8, 4.8, 4.9
80, 5, 5.8, 5.8, 5.5, 4.9, 1.5, 7.1, 7.1, 6.8, 6.4, 7.1, 3.3, 4.1, 3.9, 4.2
80, 6, 6.6, 6.5, 6.0, 5.2, 1.5, 8.5, 8.5, 8.1, 7.5, 8.7, 4.5, 5.7, 5.3, 5.8
80, 7, 6.3, 6.3, 5.9, 5.2, 1.5, 7.8, 7.7, 7.4, 6.9, 7.8, 4.0, 4.9, 4.6, 5.0
80, 8, 6.1, 6.1, 5.9, 5.4, 1.7, 7.6, 7.6, 7.5, 7.1, 7.7, 3.7, 4.8, 4.7, 4.8
80, 9, 5.7, 5.7, 5.8, 5.6, 2.5, 7.0, 7.0, 7.1, 6.9, 7.1, 3.5, 4.3, 4.4, 4.4
80,10, 4.8, 5.0, 5.3, 5.4, 3.3, 6.1, 6.2, 6.5, 6.5, 6.5, 2.9, 3.5, 3.7, 3.8
80,11, 4.6, 4.8, 5.5, 5.8, 4.3, 6.1, 6.3, 6.8, 7.0, 7.1, 3.8, 4.0, 4.5, 4.7
80,12, 3.8, 4.0, 4.6, 5.0, 3.9, 4.9, 5.0, 5.5, 5.8, 5.8, 2.9, 2.8, 3.2, 3.5
81, 1, 4.1, 4.3, 5.0, 5.3, 4.1, 5.5, 5.6, 6.1, 6.4, 6.4, 3.4, 3.4, 3.9, 4.2
81, 2, 4.8, 5.0, 5.5, 5.7, 3.8, 6.2, 6.3, 6.7, 6.8, 6.8, 3.4, 3.7, 4.1, 4.2
81, 3, 5.5, 5.6, 5.9, 5.8, 3.0, 7.1, 7.2, 7.3, 7.3, 7.4, 3.5, 4.4, 4.6, 4.6
81, 4, 5.6, 5.6, 5.6, 5.2, 2.0, 6.9, 6.9, 6.9, 6.6, 7.0, 2.9, 3.8, 3.8, 3.9
81, 5, 4.8, 4.8, 4.6, 4.1, 1.5, 5.6, 5.6, 5.5, 5.1, 5.7, 2.0, 2.6, 2.5, 2.7
81, 6, 5.6, 5.6, 5.2, 4.5, 1.5, 6.9, 6.9, 6.6, 6.1, 7.0, 3.1, 3.9, 3.7, 4.0
81, 7, 5.9, 5.8, 5.4, 4.8, 1.4, 7.4, 7.4, 7.1, 6.6, 7.5, 3.5, 4.5, 4.3, 4.6
81, 8, 6.1, 6.1, 5.9, 5.4, 1.7, 7.7, 7.7, 7.6, 7.2, 7.8, 3.7, 4.8, 4.7, 4.9
81, 9, 6.0, 6.0, 6.2, 6.0, 2.6, 7.8, 7.8, 7.9, 7.8, 7.9, 3.9, 5.2, 5.3, 5.3
81,10, 4.8, 4.9, 5.3, 5.4, 3.3, 6.2, 6.3, 6.6, 6.6, 6.6, 3.0, 3.6, 3.9, 3.9
81,11, 4.4, 4.6, 5.2, 5.5, 4.0, 5.7, 5.8, 6.3, 6.5, 6.6, 3.4, 3.5, 3.9, 4.1
81,12, 3.4, 3.5, 4.0, 4.3, 3.3, 4.2, 4.3, 4.6, 4.8, 4.9, 2.2, 2.1, 2.5, 2.7
82, 1, 4.2, 4.4, 5.1, 5.5, 4.2, 5.7, 5.8, 6.3, 6.6, 6.7, 3.4, 3.5, 3.9, 4.2
82, 2, 4.7, 4.9, 5.3, 5.5, 3.7, 6.0, 6.1, 6.4, 6.6, 6.6, 3.2, 3.6, 3.9, 4.0
82, 3, 6.0, 6.2, 6.5, 6.4, 3.2, 8.1, 8.2, 8.4, 8.4, 8.4, 4.3, 5.6, 5.8, 5.8
82, 4, 6.4, 6.4, 6.3, 5.9, 2.0, 8.3, 8.3, 8.3, 7.9, 8.3, 4.1, 5.5, 5.4, 5.5
82, 5, 4.4, 4.4, 4.2, 3.8, 1.5, 5.0, 5.0, 4.9, 4.6, 5.1, 1.6, 2.1, 2.0, 2.1
82, 6, 6.2, 6.1, 5.7, 4.9, 1.5, 7.7, 7.6, 7.3, 6.8, 7.8, 3.7, 4.6, 4.3, 4.7
82, 7, 6.2, 6.1, 5.8, 5.1, 1.5, 7.6, 7.6, 7.3, 6.8, 7.7, 3.7, 4.6, 4.3, 4.6
82, 8, 6.3, 6.3, 6.1, 5.6, 1.7, 8.1, 8.1, 8.0, 7.6, 8.2, 3.9, 5.2, 5.1, 5.2
82, 9, 5.7, 5.8, 5.9, 5.7, 2.5, 7.3, 7.3, 7.4, 7.2, 7.4, 3.4, 4.4, 4.5, 4.6
82,10, 5.2, 5.4, 5.8, 5.9, 3.5, 6.7, 6.8, 7.2, 7.2, 7.2, 3.5, 4.2, 4.5, 4.5
82,11, 4.1, 4.2, 4.7, 4.9, 3.5, 5.0, 5.1, 5.5, 5.7, 5.7, 2.6, 2.6, 3.0, 3.1
82,12, 3.8, 4.0, 4.6, 4.9, 3.8, 4.8, 4.9, 5.3, 5.6, 5.7, 2.8, 2.6, 3.0, 3.3
83, 1, 4.2, 4.4, 5.0, 5.3, 4.0, 5.4, 5.5, 6.0, 6.2, 6.3, 3.1, 3.1, 3.5, 3.8
83, 2, 4.7, 4.8, 5.3, 5.5, 3.7, 5.9, 6.0, 6.3, 6.5, 6.5, 3.0, 3.3, 3.6, 3.7
83, 3, 5.6, 5.7, 5.9, 5.8, 3.0, 7.1, 7.2, 7.3, 7.3, 7.4, 3.5, 4.4, 4.6, 4.6
83, 4, 6.1, 6.1, 6.0, 5.6, 2.0, 7.7, 7.7, 7.6, 7.3, 7.7, 3.5, 4.7, 4.6, 4.7
83, 5, 5.3, 5.3, 5.0, 4.5, 1.5, 6.3, 6.3, 6.1, 5.7, 6.3, 2.4, 3.1, 3.0, 3.1
83, 6, 6.3, 6.2, 5.8, 5.1, 1.5, 7.8, 7.7, 7.4, 6.8, 7.9, 3.7, 4.6, 4.3, 4.7
83, 7, 5.7, 5.7, 5.3, 4.7, 1.5, 6.9, 6.9, 6.7, 6.2, 7.0, 3.0, 3.8, 3.6, 3.9
83, 8, 5.6, 5.6, 5.5, 5.0, 1.7, 6.9, 6.9, 6.7, 6.4, 6.9, 3.0, 3.8, 3.7, 3.8
83, 9, 5.7, 5.8, 5.9, 5.7, 2.5, 7.3, 7.3, 7.4, 7.3, 7.4, 3.4, 4.5, 4.5, 4.6
83,10, 5.3, 5.4, 5.8, 5.9, 3.6, 6.8, 6.9, 7.2, 7.3, 7.3, 3.5, 4.2, 4.5, 4.6
83,11, 4.5, 4.7, 5.4, 5.7, 4.2, 6.0, 6.1, 6.6, 6.9, 6.9, 3.7, 3.8, 4.3, 4.5
83,12, 4.1, 4.3, 5.0, 5.4, 4.3, 5.3, 5.4, 5.9, 6.3, 6.4, 3.3, 3.1, 3.6, 4.0
84, 1, 4.4, 4.7, 5.4, 5.8, 4.5, 5.9, 6.0, 6.6, 6.9, 7.0, 3.8, 3.8, 4.3, 4.6
84, 2, 4.8, 5.0, 5.5, 5.7, 3.8, 6.3, 6.4, 6.8, 6.9, 6.9, 3.3, 3.8, 4.2, 4.3
84, 3, 6.2, 6.3, 6.6, 6.5, 3.3, 8.2, 8.3, 8.5, 8.4, 8.5, 4.3, 5.5, 5.7, 5.7
84, 4, 6.3, 6.3, 6.3, 5.9, 2.1, 8.3, 8.4, 8.3, 8.0, 8.4, 4.0, 5.4, 5.4, 5.4
84, 5, 6.2, 6.2, 5.9, 5.2, 1.5, 7.9, 7.9, 7.6, 7.2, 7.9, 3.7, 4.8, 4.6, 4.8
84, 6, 5.8, 5.7, 5.3, 4.7, 1.5, 7.1, 7.1, 6.8, 6.3, 7.2, 3.2, 4.0, 3.8, 4.1
84, 7, 5.8, 5.8, 5.4, 4.8, 1.5, 7.2, 7.1, 6.8, 6.4, 7.2, 3.2, 4.0, 3.8, 4.0
84, 8, 6.0, 6.0, 5.8, 5.3, 1.7, 7.7, 7.7, 7.6, 7.2, 7.7, 3.6, 4.8, 4.7, 4.8
84, 9, 5.1, 5.2, 5.3, 5.1, 2.3, 6.3, 6.4, 6.4, 6.3, 6.4, 2.8, 3.6, 3.7, 3.7
84,10, 4.6, 4.7, 5.0, 5.1, 3.1, 5.6, 5.7, 5.9, 6.0, 6.0, 2.7, 3.0, 3.3, 3.3
84,11, 4.0, 4.1, 4.7, 4.9, 3.6, 4.9, 5.1, 5.5, 5.7, 5.7, 2.9, 2.9, 3.3, 3.5
84,12, 4.0, 4.2, 4.9, 5.3, 4.2, 5.2, 5.3, 5.8, 6.2, 6.3, 3.3, 3.2, 3.7, 4.0
85, 1, 4.6, 4.8, 5.6, 6.0, 4.7, 6.2, 6.3, 6.9, 7.3, 7.4, 4.2, 4.2, 4.8, 5.1
85, 2, 4.9, 5.1, 5.6, 5.8, 3.9, 6.3, 6.4, 6.8, 7.0, 7.0, 3.5, 3.8, 4.2, 4.3
85, 3, 5.7, 5.8, 6.0, 6.0, 3.1, 7.4, 7.5, 7.7, 7.6, 7.7, 3.6, 4.7, 4.9, 4.9
85, 4, 6.4, 6.4, 6.3, 5.9, 2.1, 8.3, 8.3, 8.3, 7.9, 8.4, 4.1, 5.4, 5.4, 5.5
85, 5, 6.0, 6.0, 5.6, 5.0, 1.5, 7.6, 7.6, 7.3, 6.9, 7.7, 3.7, 4.8, 4.5, 4.8
85, 6, 6.6, 6.5, 6.0, 5.2, 1.4, 8.6, 8.5, 8.1, 7.5, 8.7, 4.5, 5.8, 5.4, 5.9
85, 7, 6.3, 6.2, 5.8, 5.1, 1.5, 7.9, 7.9, 7.6, 7.0, 8.0, 3.9, 5.0, 4.7, 5.1
85, 8, 6.2, 6.2, 6.0, 5.5, 1.7, 8.0, 8.0, 7.8, 7.4, 8.0, 3.9, 5.1, 5.0, 5.2
85, 9, 5.3, 5.4, 5.5, 5.3, 2.4, 6.8, 6.8, 6.9, 6.7, 6.9, 3.0, 4.0, 4.1, 4.1
85,10, 4.4, 4.6, 4.8, 4.9, 3.0, 5.5, 5.6, 5.8, 5.9, 5.9, 2.6, 3.1, 3.3, 3.3
85,11, 4.2, 4.4, 5.0, 5.3, 3.9, 5.5, 5.6, 6.0, 6.3, 6.3, 3.2, 3.3, 3.7, 3.9
85,12, 4.1, 4.3, 4.9, 5.4, 4.3, 5.3, 5.4, 6.0, 6.3, 6.4, 3.4, 3.3, 3.8, 4.1
86, 1, 4.2, 4.4, 5.1, 5.5, 4.2, 5.7, 5.8, 6.3, 6.6, 6.7, 3.5, 3.5, 4.0, 4.3
86, 2, 4.9, 5.0, 5.6, 5.8, 3.8, 6.4, 6.5, 6.9, 7.0, 7.1, 3.4, 3.9, 4.3, 4.4
86, 3, 5.8, 5.9, 6.2, 6.2, 3.2, 7.7, 7.8, 8.0, 7.9, 8.0, 3.9, 5.0, 5.2, 5.2
86, 4, 5.8, 5.8, 5.7, 5.4, 1.9, 7.4, 7.4, 7.4, 7.1, 7.5, 3.4, 4.6, 4.6, 4.7
86, 5, 5.4, 5.4, 5.1, 4.6, 1.5, 6.6, 6.6, 6.4, 6.0, 6.6, 2.7, 3.5, 3.3, 3.5
86, 6, 6.2, 6.1, 5.6, 4.9, 1.5, 7.7, 7.6, 7.3, 6.8, 7.8, 3.7, 4.6, 4.3, 4.7
86, 7, 6.4, 6.3, 5.9, 5.1, 1.5, 8.1, 8.1, 7.8, 7.3, 8.2, 4.1, 5.2, 4.9, 5.3
86, 8, 6.2, 6.2, 6.0, 5.5, 1.6, 8.0, 8.0, 7.8, 7.4, 8.0, 3.9, 5.1, 5.0, 5.2
86, 9, 5.8, 5.9, 6.0, 5.8, 2.6, 7.3, 7.4, 7.5, 7.3, 7.5, 3.5, 4.5, 4.6, 4.6
86,10, 5.1, 5.2, 5.6, 5.7, 3.4, 6.6, 6.6, 6.9, 7.0, 7.0, 3.3, 4.0, 4.3, 4.3
86,11, 4.1, 4.2, 4.7, 5.0, 3.6, 5.1, 5.2, 5.6, 5.7, 5.8, 2.7, 2.8, 3.1, 3.3
86,12, 4.1, 4.3, 5.0, 5.4, 4.3, 5.5, 5.6, 6.1, 6.5, 6.6, 3.5, 3.4, 3.9, 4.2
87, 1, 4.3, 4.5, 5.2, 5.6, 4.3, 5.8, 5.9, 6.4, 6.7, 6.8, 3.7, 3.7, 4.2, 4.5
87, 2, 5.1, 5.2, 5.8, 6.1, 4.1, 6.8, 6.9, 7.3, 7.5, 7.5, 3.9, 4.5, 4.9, 5.1
87, 3, 5.6, 5.6, 5.9, 5.8, 3.0, 7.1, 7.2, 7.4, 7.3, 7.4, 3.5, 4.4, 4.6, 4.6
87, 4, 6.0, 6.0, 5.9, 5.5, 2.0, 7.7, 7.7, 7.7, 7.4, 7.8, 3.7, 4.9, 4.9, 5.0
87, 5, 5.2, 5.2, 5.0, 4.5, 1.5, 6.3, 6.3, 6.1, 5.7, 6.3, 2.5, 3.2, 3.1, 3.3
87, 6, 5.5, 5.4, 5.1, 4.4, 1.5, 6.7, 6.7, 6.4, 5.9, 6.8, 2.9, 3.7, 3.4, 3.7
87, 7, 6.0, 5.9, 5.5, 4.9, 1.5, 7.3, 7.3, 7.0, 6.5, 7.4, 3.5, 4.4, 4.1, 4.4
87, 8, 6.5, 6.5, 6.3, 5.8, 1.7, 8.6, 8.6, 8.4, 8.0, 8.6, 4.4, 5.9, 5.7, 5.9
87, 9, 6.0, 6.1, 6.2, 6.0, 2.6, 7.8, 7.8, 7.9, 7.8, 7.9, 4.0, 5.1, 5.2, 5.3
87,10, 5.1, 5.2, 5.6, 5.8, 3.5, 6.7, 6.8, 7.1, 7.2, 7.2, 3.4, 4.2, 4.5, 4.5
87,11, 4.3, 4.4, 5.0, 5.3, 3.9, 5.6, 5.7, 6.2, 6.4, 6.4, 3.3, 3.5, 3.9, 4.1
87,12, 4.0, 4.2, 4.9, 5.4, 4.3, 5.3, 5.5, 6.0, 6.3, 6.5, 3.5, 3.4, 3.9, 4.3
88, 1, 4.0, 4.2, 4.8, 5.1, 3.8, 5.1, 5.2, 5.6, 5.9, 6.0, 3.1, 3.0, 3.5, 3.7
88, 2, 4.8, 4.9, 5.4, 5.6, 3.7, 6.2, 6.3, 6.7, 6.8, 6.8, 3.4, 3.8, 4.2, 4.3
88, 3, 5.8, 5.9, 6.2, 6.2, 3.2, 7.6, 7.7, 7.9, 7.8, 7.9, 4.0, 5.0, 5.3, 5.3
88, 4, 6.1, 6.1, 6.0, 5.6, 2.0, 7.8, 7.8, 7.7, 7.4, 7.8, 3.7, 5.0, 4.9, 5.0
88, 5, 6.1, 6.1, 5.8, 5.1, 1.5, 7.9, 7.9, 7.7, 7.2, 8.0, 3.7, 5.0, 4.8, 5.0
88, 6, 6.3, 6.3, 5.8, 5.0, 1.5, 8.1, 8.1, 7.7, 7.2, 8.3, 4.2, 5.3, 5.0, 5.4
88, 7, 5.9, 5.8, 5.4, 4.8, 1.5, 7.5, 7.4, 7.1, 6.7, 7.6, 3.6, 4.6, 4.3, 4.7
88, 8, 5.9, 5.9, 5.7, 5.2, 1.6, 7.6, 7.6, 7.4, 7.1, 7.6, 3.6, 4.8, 4.7, 4.9
88, 9, 5.5, 5.6, 5.7, 5.5, 2.4, 7.0, 7.0, 7.1, 6.9, 7.1, 3.3, 4.3, 4.4, 4.4
88,10, 4.9, 5.1, 5.5, 5.6, 3.4, 6.4, 6.5, 6.8, 6.9, 6.9, 3.3, 4.0, 4.3, 4.3
88,11, 4.5, 4.7, 5.3, 5.7, 4.2, 5.9, 6.0, 6.5, 6.8, 6.8, 3.6, 3.8, 4.3, 4.5
88,12, 3.8, 4.0, 4.6, 5.0, 3.9, 4.9, 5.1, 5.5, 5.8, 5.9, 3.0, 2.9, 3.3, 3.6
89, 1, 4.6, 4.8, 5.6, 6.1, 4.8, 6.3, 6.5, 7.1, 7.4, 7.5, 4.3, 4.3, 4.9, 5.3
89, 2, 5.0, 5.2, 5.7, 6.0, 4.0, 6.6, 6.7, 7.2, 7.3, 7.3, 3.9, 4.4, 4.8, 5.0
89, 3, 5.8, 5.9, 6.2, 6.1, 3.1, 7.7, 7.8, 8.0, 7.9, 8.0, 4.0, 5.2, 5.4, 5.4
89, 4, 6.4, 6.4, 6.3, 5.9, 2.0, 8.4, 8.4, 8.3, 8.0, 8.4, 4.2, 5.6, 5.5, 5.6
89, 5, 6.2, 6.2, 5.8, 5.2, 1.4, 8.0, 8.0, 7.8, 7.3, 8.1, 4.0, 5.3, 5.1, 5.4
89, 6, 6.3, 6.2, 5.7, 5.0, 1.5, 7.9, 7.8, 7.5, 6.9, 8.0, 4.1, 5.1, 4.8, 5.2
89, 7, 5.8, 5.8, 5.4, 4.8, 1.4, 7.2, 7.2, 6.9, 6.4, 7.3, 3.5, 4.4, 4.2, 4.4
89, 8, 6.0, 6.0, 5.8, 5.3, 1.6, 7.7, 7.7, 7.6, 7.2, 7.8, 3.8, 5.0, 4.9, 5.0
89, 9, 5.4, 5.4, 5.5, 5.3, 2.3, 6.8, 6.8, 6.9, 6.7, 6.9, 3.2, 4.1, 4.2, 4.2
89,10, 5.4, 5.5, 6.0, 6.1, 3.7, 7.2, 7.3, 7.6, 7.7, 7.7, 4.1, 4.9, 5.3, 5.3
89,11, 4.9, 5.1, 5.9, 6.3, 4.7, 6.6, 6.8, 7.3, 7.7, 7.7, 4.5, 4.6, 5.2, 5.5
89,12, 4.5, 4.8, 5.7, 6.3, 5.1, 6.4, 6.5, 7.2, 7.7, 7.8, 4.8, 4.7, 5.4, 5.9
90, 1, 4.4, 4.6, 5.4, 5.8, 4.5, 5.9, 6.1, 6.6, 6.9, 7.0, 3.9, 3.9, 4.4, 4.8
90, 2, 4.8, 4.9, 5.4, 5.6, 3.8, 6.2, 6.3, 6.7, 6.8, 6.9, 3.5, 4.0, 4.3, 4.5
90, 3, 5.5, 5.6, 5.9, 5.8, 3.0, 7.2, 7.3, 7.4, 7.4, 7.5, 3.7, 4.7, 4.9, 4.9
90, 4, 6.5, 6.6, 6.5, 6.1, 2.0, 8.7, 8.7, 8.6, 8.3, 8.8, 4.5, 6.1, 6.0, 6.1
90, 5, 6.6, 6.5, 6.2, 5.5, 1.5, 8.4, 8.4, 8.1, 7.6, 8.5, 4.3, 5.5, 5.3, 5.6
90, 6, 6.0, 5.9, 5.5, 4.8, 1.5, 7.5, 7.5, 7.2, 6.7, 7.6, 3.6, 4.6, 4.3, 4.7
90, 7, 6.3, 6.2, 5.8, 5.1, 1.4, 8.1, 8.1, 7.7, 7.2, 8.2, 4.1, 5.3, 5.0, 5.3
90, 8, 6.2, 6.2, 5.9, 5.4, 1.6, 8.0, 8.0, 7.9, 7.5, 8.1, 4.0, 5.3, 5.2, 5.4
90, 9, 5.9, 6.0, 6.1, 5.9, 2.6, 7.7, 7.8, 7.9, 7.7, 7.9, 3.9, 5.2, 5.3, 5.3
90,10, 4.3, 4.4, 4.7, 4.7, 2.8, 5.2, 5.3, 5.5, 5.5, 5.5, 2.3, 2.7, 2.9, 2.9
90,11, 4.5, 4.7, 5.3, 5.6, 4.1, 5.9, 6.0, 6.5, 6.7, 6.8, 3.5, 3.7, 4.1, 4.3
90,12, 4.1, 4.3, 5.0, 5.4, 4.3, 5.4, 5.5, 6.1, 6.4, 6.5, 3.7, 3.5, 4.0, 4.4
