"City:    ","KEY WEST              "
"State:   ","FL"
"WBAN No: ", 12836
"Lat(N):  ", 24.55
"Long(W): ", 81.75
"Elev(m): ",     1
"Pres(mb):",  1016
"Stn Type:","Secondary"
"MONTHLY SOLAR RADIATION (kWh/m2/day)"
"COLUMN A: Year"
"COLUMN B: Month"
"COLUMN C: Flat-Plate Collector Facing South at Fixed Tilt=0"
"COLUMN D: Flat-Plate Collector Facing South at Fixed Tilt=Lat-15"
"COLUMN E: Flat-Plate Collector Facing South at Fixed Tilt=Lat"
"COLUMN F: Flat-Plate Collector Facing South at Fixed Tilt=Lat+15"
"COLUMN G: Flat-Plate Collector Facing South at Fixed Tilt=90"
"COLUMN H: 1-Axis Tracking Flat-Plate Collector with North-South Axis, Axis Tilt=0"
"COLUMN I: 1-Axis Tracking Flat-Plate Collector with North-South Axis, Axis Tilt=Lat-15"
"COLUMN J: 1-Axis Tracking Flat-Plate Collector with North-South Axis, Axis Tilt=Lat"
"COLUMN K: 1-Axis Tracking Flat-Plate Collector with North-South Axis, Axis Tilt=Lat+15"
"COLUMN L: 2-Axis Tracking Flat-Plate Collector"
"COLUMN M: 1-Axis Tracking Concentrating Collector with East-West Horizontal Axis"
"COLUMN N: 1-Axis Tracking Concentrating Collector with North-South Horizontal Axis"
"COLUMN O: 1-Axis Tracking Concentrating Collector with North-South Axis, Axis Tilt=Lat"
"COLUMN P: 2-Axis Tracking Concentrating Collector"
"COL A","COL B","COL C","COL D","COL E","COL F","COL G","COL H","COL I","COL J","COL K","COL L","COL M","COL N","COL O","COL P"
61, 1, 3.5, 4.0, 4.6, 4.9, 4.0, 4.8, 5.1, 5.6, 5.8, 5.9, 3.3, 3.2, 3.8, 4.1
61, 2, 4.4, 4.9, 5.4, 5.6, 4.1, 6.1, 6.4, 6.8, 7.0, 7.0, 4.0, 4.3, 4.9, 5.0
61, 3, 5.4, 5.7, 6.0, 5.9, 3.4, 7.2, 7.4, 7.7, 7.6, 7.7, 4.0, 5.0, 5.3, 5.3
61, 4, 6.3, 6.5, 6.4, 5.9, 2.5, 8.4, 8.6, 8.5, 8.1, 8.6, 4.6, 6.0, 6.0, 6.1
61, 5, 6.3, 6.2, 5.9, 5.2, 1.7, 8.1, 8.1, 7.8, 7.3, 8.1, 4.2, 5.4, 5.2, 5.5
61, 6, 6.0, 5.8, 5.4, 4.8, 1.5, 7.3, 7.2, 6.9, 6.4, 7.3, 3.3, 4.1, 3.8, 4.1
61, 7, 6.2, 6.1, 5.7, 5.0, 1.6, 7.7, 7.7, 7.4, 6.9, 7.8, 3.7, 4.7, 4.4, 4.8
61, 8, 6.1, 6.2, 6.0, 5.5, 2.1, 7.7, 7.8, 7.6, 7.2, 7.8, 3.7, 4.8, 4.7, 4.8
61, 9, 5.3, 5.5, 5.6, 5.4, 2.9, 6.7, 6.9, 7.0, 6.8, 7.0, 3.3, 4.2, 4.3, 4.3
61,10, 4.6, 5.0, 5.4, 5.5, 3.7, 6.1, 6.4, 6.7, 6.8, 6.8, 3.5, 4.1, 4.5, 4.6
61,11, 4.1, 4.7, 5.3, 5.7, 4.5, 5.6, 6.0, 6.5, 6.8, 6.9, 4.1, 3.9, 4.7, 4.9
61,12, 3.6, 4.2, 4.9, 5.4, 4.6, 5.0, 5.4, 6.0, 6.4, 6.5, 4.0, 3.6, 4.4, 4.8
62, 1, 3.6, 4.1, 4.8, 5.1, 4.2, 5.0, 5.4, 5.9, 6.2, 6.2, 3.7, 3.4, 4.2, 4.4
62, 2, 4.8, 5.4, 6.0, 6.3, 4.6, 6.9, 7.3, 7.8, 8.0, 8.0, 4.9, 5.3, 6.1, 6.2
62, 3, 5.3, 5.7, 5.9, 5.9, 3.5, 7.3, 7.5, 7.7, 7.7, 7.7, 4.1, 5.2, 5.5, 5.5
62, 4, 5.7, 5.8, 5.8, 5.4, 2.3, 7.4, 7.5, 7.4, 7.1, 7.5, 3.6, 4.7, 4.7, 4.8
62, 5, 6.4, 6.3, 6.0, 5.3, 1.7, 8.2, 8.2, 7.9, 7.4, 8.3, 4.2, 5.4, 5.2, 5.5
62, 6, 5.7, 5.6, 5.2, 4.6, 1.5, 6.9, 6.9, 6.6, 6.1, 7.0, 3.1, 3.9, 3.7, 4.0
62, 7, 6.2, 6.1, 5.7, 5.0, 1.6, 7.7, 7.7, 7.4, 6.9, 7.8, 3.7, 4.7, 4.4, 4.7
62, 8, 5.7, 5.7, 5.6, 5.1, 2.0, 6.9, 6.9, 6.8, 6.4, 6.9, 3.2, 4.0, 3.9, 4.0
62, 9, 4.9, 5.1, 5.2, 5.0, 2.6, 6.1, 6.2, 6.3, 6.1, 6.3, 2.8, 3.4, 3.6, 3.6
62,10, 4.5, 4.8, 5.2, 5.3, 3.5, 5.9, 6.2, 6.5, 6.5, 6.5, 3.3, 3.8, 4.2, 4.3
62,11, 3.8, 4.2, 4.8, 5.1, 4.0, 5.0, 5.3, 5.8, 6.0, 6.1, 3.4, 3.3, 4.0, 4.2
62,12, 3.4, 3.9, 4.6, 5.1, 4.3, 4.7, 5.1, 5.6, 6.0, 6.1, 3.7, 3.3, 4.0, 4.4
63, 1, 3.5, 4.1, 4.7, 5.1, 4.2, 5.0, 5.4, 5.9, 6.2, 6.2, 3.7, 3.5, 4.2, 4.5
63, 2, 4.2, 4.7, 5.2, 5.4, 3.9, 5.8, 6.1, 6.5, 6.6, 6.6, 3.7, 4.0, 4.6, 4.7
63, 3, 5.7, 6.1, 6.4, 6.3, 3.7, 7.9, 8.2, 8.4, 8.3, 8.4, 4.7, 5.9, 6.3, 6.3
63, 4, 6.6, 6.7, 6.7, 6.2, 2.6, 8.8, 9.0, 8.9, 8.6, 9.0, 4.9, 6.4, 6.4, 6.6
63, 5, 6.5, 6.4, 6.1, 5.4, 1.7, 8.3, 8.3, 8.0, 7.5, 8.4, 4.3, 5.6, 5.3, 5.7
63, 6, 6.1, 6.0, 5.6, 4.8, 1.6, 7.5, 7.4, 7.1, 6.6, 7.5, 3.4, 4.3, 4.0, 4.4
63, 7, 6.2, 6.1, 5.7, 5.1, 1.6, 7.6, 7.6, 7.3, 6.8, 7.7, 3.6, 4.6, 4.3, 4.6
63, 8, 5.7, 5.7, 5.6, 5.1, 2.0, 7.1, 7.1, 7.0, 6.6, 7.1, 3.2, 4.2, 4.1, 4.2
63, 9, 4.6, 4.8, 4.8, 4.6, 2.4, 5.6, 5.7, 5.8, 5.6, 5.8, 2.4, 3.0, 3.1, 3.2
63,10, 4.7, 5.2, 5.6, 5.7, 3.8, 6.3, 6.7, 7.0, 7.0, 7.1, 3.8, 4.3, 4.8, 4.9
63,11, 3.5, 4.0, 4.5, 4.8, 3.8, 4.7, 5.0, 5.4, 5.6, 5.7, 3.1, 3.0, 3.6, 3.8
63,12, 3.3, 3.8, 4.4, 4.8, 4.0, 4.4, 4.8, 5.3, 5.6, 5.7, 3.3, 2.9, 3.6, 3.9
64, 1, 3.4, 3.8, 4.3, 4.6, 3.8, 4.5, 4.8, 5.2, 5.4, 5.5, 3.0, 2.8, 3.5, 3.7
64, 2, 4.4, 4.8, 5.3, 5.6, 4.0, 6.0, 6.3, 6.7, 6.8, 6.8, 3.8, 4.2, 4.8, 4.9
64, 3, 5.3, 5.6, 5.9, 5.9, 3.5, 7.1, 7.4, 7.6, 7.5, 7.6, 4.0, 5.0, 5.3, 5.4
64, 4, 6.3, 6.4, 6.4, 5.9, 2.5, 8.4, 8.5, 8.4, 8.1, 8.5, 4.4, 5.8, 5.8, 5.9
64, 5, 6.2, 6.1, 5.8, 5.2, 1.8, 7.7, 7.6, 7.4, 6.9, 7.7, 3.6, 4.6, 4.4, 4.7
64, 6, 6.2, 6.0, 5.6, 4.9, 1.5, 7.6, 7.5, 7.2, 6.6, 7.6, 3.7, 4.6, 4.3, 4.7
64, 7, 6.2, 6.1, 5.7, 5.1, 1.6, 7.6, 7.5, 7.2, 6.7, 7.6, 3.6, 4.5, 4.2, 4.5
64, 8, 6.1, 6.1, 5.9, 5.4, 2.0, 7.7, 7.7, 7.6, 7.2, 7.7, 3.9, 4.9, 4.8, 5.0
64, 9, 5.3, 5.6, 5.7, 5.5, 2.9, 6.8, 7.0, 7.1, 6.9, 7.1, 3.3, 4.1, 4.3, 4.3
64,10, 4.1, 4.4, 4.7, 4.7, 3.2, 5.2, 5.4, 5.7, 5.7, 5.7, 2.7, 3.1, 3.4, 3.5
64,11, 3.8, 4.3, 4.8, 5.1, 4.0, 5.0, 5.3, 5.8, 6.0, 6.1, 3.4, 3.2, 3.9, 4.1
64,12, 3.2, 3.6, 4.2, 4.6, 3.8, 4.3, 4.6, 5.1, 5.3, 5.4, 3.2, 2.8, 3.5, 3.8
65, 1, 3.8, 4.3, 5.0, 5.5, 4.5, 5.2, 5.7, 6.2, 6.5, 6.6, 4.0, 3.7, 4.5, 4.8
65, 2, 4.2, 4.6, 5.1, 5.3, 3.8, 5.6, 5.9, 6.3, 6.4, 6.4, 3.4, 3.6, 4.1, 4.3
65, 3, 5.7, 6.1, 6.4, 6.3, 3.7, 7.7, 8.0, 8.2, 8.2, 8.3, 4.6, 5.7, 6.1, 6.1
65, 4, 6.3, 6.5, 6.4, 6.0, 2.5, 8.5, 8.6, 8.6, 8.3, 8.6, 4.6, 6.1, 6.1, 6.2
65, 5, 6.8, 6.8, 6.4, 5.7, 1.8, 8.8, 8.8, 8.5, 7.9, 8.8, 4.6, 6.0, 5.7, 6.0
65, 6, 6.2, 6.1, 5.6, 4.9, 1.5, 7.7, 7.6, 7.3, 6.8, 7.7, 3.7, 4.7, 4.3, 4.7
65, 7, 6.3, 6.2, 5.8, 5.1, 1.6, 7.8, 7.8, 7.5, 7.0, 7.9, 3.8, 4.8, 4.5, 4.8
65, 8, 5.9, 6.0, 5.8, 5.3, 2.1, 7.3, 7.4, 7.2, 6.9, 7.4, 3.3, 4.3, 4.2, 4.3
65, 9, 4.9, 5.1, 5.2, 5.0, 2.6, 6.1, 6.2, 6.3, 6.1, 6.3, 2.7, 3.4, 3.5, 3.6
65,10, 4.4, 4.8, 5.1, 5.2, 3.5, 5.8, 6.0, 6.3, 6.3, 6.4, 3.2, 3.6, 4.0, 4.1
65,11, 4.1, 4.7, 5.4, 5.8, 4.6, 5.8, 6.2, 6.7, 7.0, 7.1, 4.2, 4.1, 4.9, 5.2
65,12, 3.5, 4.1, 4.8, 5.2, 4.4, 4.8, 5.3, 5.8, 6.1, 6.3, 3.7, 3.3, 4.1, 4.4
66, 1, 3.3, 3.7, 4.3, 4.6, 3.7, 4.4, 4.7, 5.1, 5.3, 5.4, 2.9, 2.7, 3.3, 3.5
66, 2, 4.2, 4.7, 5.1, 5.3, 3.9, 5.6, 5.9, 6.3, 6.4, 6.4, 3.5, 3.7, 4.2, 4.4
66, 3, 5.2, 5.5, 5.8, 5.7, 3.4, 6.9, 7.1, 7.3, 7.3, 7.3, 3.8, 4.7, 5.0, 5.0
66, 4, 5.9, 6.0, 5.9, 5.6, 2.4, 7.7, 7.8, 7.8, 7.4, 7.8, 3.8, 5.1, 5.1, 5.2
66, 5, 6.2, 6.2, 5.8, 5.2, 1.7, 7.9, 7.8, 7.6, 7.1, 7.9, 3.9, 5.0, 4.7, 5.0
66, 6, 5.2, 5.1, 4.7, 4.2, 1.5, 6.1, 6.0, 5.8, 5.4, 6.1, 2.5, 3.1, 2.9, 3.1
66, 7, 6.1, 6.0, 5.7, 5.0, 1.6, 7.4, 7.4, 7.1, 6.6, 7.5, 3.4, 4.3, 4.0, 4.3
66, 8, 6.1, 6.2, 6.0, 5.5, 2.1, 7.7, 7.7, 7.6, 7.2, 7.8, 3.7, 4.8, 4.7, 4.8
66, 9, 5.2, 5.4, 5.4, 5.2, 2.8, 6.5, 6.6, 6.7, 6.5, 6.7, 3.0, 3.7, 3.8, 3.9
66,10, 4.3, 4.6, 5.0, 5.1, 3.4, 5.5, 5.7, 6.0, 6.0, 6.1, 2.9, 3.3, 3.7, 3.7
66,11, 4.0, 4.6, 5.3, 5.6, 4.5, 5.6, 6.0, 6.5, 6.8, 6.9, 4.1, 4.0, 4.8, 5.1
66,12, 3.5, 4.1, 4.8, 5.3, 4.5, 5.0, 5.4, 5.9, 6.3, 6.4, 3.9, 3.5, 4.3, 4.7
67, 1, 3.5, 4.0, 4.6, 5.0, 4.1, 4.8, 5.1, 5.6, 5.8, 5.9, 3.3, 3.1, 3.8, 4.0
67, 2, 4.4, 4.9, 5.5, 5.7, 4.1, 6.1, 6.5, 6.9, 7.1, 7.1, 4.0, 4.3, 5.0, 5.1
67, 3, 5.6, 6.0, 6.3, 6.3, 3.7, 7.8, 8.1, 8.3, 8.2, 8.3, 4.5, 5.7, 6.1, 6.1
67, 4, 6.4, 6.5, 6.4, 6.0, 2.5, 8.5, 8.6, 8.6, 8.2, 8.6, 4.5, 5.9, 6.0, 6.1
67, 5, 6.8, 6.8, 6.4, 5.7, 1.8, 8.8, 8.8, 8.5, 8.0, 8.9, 4.7, 6.0, 5.8, 6.1
67, 6, 5.9, 5.8, 5.4, 4.7, 1.6, 7.1, 7.1, 6.8, 6.3, 7.2, 3.1, 4.0, 3.7, 4.0
67, 7, 6.4, 6.3, 5.9, 5.2, 1.6, 8.0, 8.0, 7.7, 7.1, 8.1, 3.9, 5.0, 4.7, 5.0
67, 8, 5.8, 5.9, 5.7, 5.2, 2.1, 7.2, 7.2, 7.1, 6.8, 7.3, 3.2, 4.1, 4.1, 4.2
67, 9, 5.2, 5.4, 5.5, 5.3, 2.7, 6.5, 6.7, 6.7, 6.6, 6.8, 3.0, 3.8, 4.0, 4.0
67,10, 4.2, 4.5, 4.8, 4.8, 3.3, 5.2, 5.5, 5.7, 5.7, 5.8, 2.7, 3.0, 3.3, 3.4
67,11, 3.9, 4.5, 5.1, 5.5, 4.3, 5.3, 5.7, 6.2, 6.5, 6.5, 3.8, 3.6, 4.3, 4.6
67,12, 3.3, 3.9, 4.5, 4.9, 4.2, 4.6, 4.9, 5.4, 5.8, 5.8, 3.3, 3.0, 3.7, 4.0
68, 1, 3.9, 4.5, 5.3, 5.8, 4.8, 5.5, 6.0, 6.6, 6.9, 7.0, 4.3, 4.0, 4.8, 5.2
68, 2, 4.6, 5.1, 5.7, 5.9, 4.3, 6.2, 6.6, 7.0, 7.2, 7.2, 4.2, 4.5, 5.2, 5.3
68, 3, 5.3, 5.6, 5.8, 5.8, 3.4, 7.1, 7.3, 7.5, 7.4, 7.5, 3.9, 4.8, 5.2, 5.2
68, 4, 6.6, 6.8, 6.7, 6.2, 2.6, 8.9, 9.0, 8.9, 8.6, 9.0, 4.9, 6.4, 6.5, 6.6
68, 5, 5.5, 5.4, 5.2, 4.6, 1.7, 6.6, 6.6, 6.4, 6.0, 6.6, 2.8, 3.6, 3.5, 3.7
68, 6, 5.9, 5.8, 5.4, 4.7, 1.5, 7.2, 7.1, 6.8, 6.3, 7.2, 3.3, 4.1, 3.8, 4.1
68, 7, 6.0, 5.9, 5.6, 4.9, 1.6, 7.5, 7.4, 7.1, 6.7, 7.5, 3.4, 4.4, 4.1, 4.4
68, 8, 5.8, 5.8, 5.7, 5.2, 2.1, 7.2, 7.3, 7.1, 6.8, 7.3, 3.3, 4.2, 4.1, 4.3
68, 9, 5.2, 5.4, 5.5, 5.3, 2.8, 6.4, 6.6, 6.6, 6.5, 6.6, 3.0, 3.7, 3.8, 3.8
68,10, 4.0, 4.3, 4.6, 4.7, 3.1, 5.1, 5.4, 5.6, 5.6, 5.6, 2.6, 3.0, 3.3, 3.3
68,11, 3.8, 4.3, 4.9, 5.2, 4.1, 5.2, 5.5, 6.0, 6.2, 6.3, 3.5, 3.4, 4.1, 4.3
68,12, 3.5, 4.1, 4.8, 5.2, 4.4, 4.8, 5.2, 5.8, 6.1, 6.2, 3.7, 3.3, 4.0, 4.4
69, 1, 3.4, 3.9, 4.4, 4.8, 3.9, 4.6, 4.9, 5.4, 5.6, 5.7, 3.2, 3.0, 3.7, 3.9
69, 2, 4.1, 4.6, 5.0, 5.2, 3.8, 5.6, 5.9, 6.2, 6.4, 6.4, 3.3, 3.6, 4.1, 4.2
69, 3, 4.6, 4.9, 5.1, 5.0, 3.0, 5.8, 6.0, 6.2, 6.1, 6.2, 2.9, 3.5, 3.8, 3.8
69, 4, 6.0, 6.1, 6.0, 5.6, 2.4, 7.7, 7.8, 7.8, 7.5, 7.8, 3.9, 5.1, 5.1, 5.2
69, 5, 6.3, 6.2, 5.9, 5.2, 1.7, 7.9, 7.9, 7.7, 7.2, 8.0, 3.8, 5.0, 4.8, 5.0
69, 6, 5.8, 5.7, 5.3, 4.6, 1.5, 7.0, 7.0, 6.7, 6.2, 7.1, 3.2, 4.0, 3.7, 4.0
69, 7, 6.1, 6.1, 5.7, 5.0, 1.6, 7.6, 7.5, 7.3, 6.8, 7.7, 3.6, 4.6, 4.3, 4.6
69, 8, 6.0, 6.0, 5.8, 5.3, 2.1, 7.4, 7.5, 7.3, 6.9, 7.5, 3.5, 4.5, 4.4, 4.6
69, 9, 4.8, 5.0, 5.1, 4.9, 2.6, 5.8, 6.0, 6.1, 5.9, 6.1, 2.5, 3.1, 3.3, 3.3
69,10, 4.1, 4.3, 4.6, 4.6, 3.0, 5.0, 5.2, 5.4, 5.4, 5.5, 2.4, 2.8, 3.1, 3.1
69,11, 4.3, 4.9, 5.6, 6.0, 4.8, 6.0, 6.4, 7.0, 7.3, 7.3, 4.5, 4.4, 5.2, 5.5
69,12, 3.8, 4.5, 5.3, 5.9, 5.1, 5.6, 6.1, 6.7, 7.1, 7.3, 4.7, 4.3, 5.2, 5.7
70, 1, 3.5, 3.9, 4.5, 4.8, 3.9, 4.6, 4.9, 5.4, 5.6, 5.7, 3.2, 3.0, 3.6, 3.9
70, 2, 4.4, 4.8, 5.4, 5.6, 4.1, 6.0, 6.3, 6.7, 6.9, 6.9, 3.8, 4.2, 4.8, 4.9
70, 3, 5.2, 5.6, 5.8, 5.8, 3.4, 6.8, 7.1, 7.3, 7.2, 7.3, 3.8, 4.6, 4.9, 4.9
70, 4, 6.6, 6.8, 6.7, 6.2, 2.6, 8.9, 9.0, 9.0, 8.6, 9.1, 4.9, 6.6, 6.6, 6.7
70, 5, 6.0, 6.0, 5.7, 5.1, 1.7, 7.6, 7.6, 7.4, 6.9, 7.7, 3.7, 4.8, 4.6, 4.9
70, 6, 6.5, 6.4, 5.9, 5.1, 1.5, 8.2, 8.1, 7.8, 7.2, 8.3, 4.1, 5.2, 4.9, 5.3
70, 7, 5.8, 5.7, 5.3, 4.7, 1.5, 7.2, 7.1, 6.8, 6.4, 7.2, 3.3, 4.2, 4.0, 4.2
70, 8, 6.0, 6.1, 5.9, 5.4, 2.1, 7.5, 7.5, 7.4, 7.0, 7.6, 3.5, 4.5, 4.4, 4.5
70, 9, 5.1, 5.3, 5.4, 5.2, 2.7, 6.4, 6.6, 6.7, 6.5, 6.7, 3.0, 3.7, 3.9, 3.9
70,10, 4.8, 5.3, 5.7, 5.8, 3.9, 6.5, 6.9, 7.2, 7.3, 7.3, 3.9, 4.5, 5.0, 5.1
70,11, 4.2, 4.8, 5.4, 5.8, 4.6, 5.8, 6.2, 6.7, 7.0, 7.1, 4.3, 4.2, 4.9, 5.2
70,12, 3.8, 4.4, 5.3, 5.8, 5.0, 5.5, 6.0, 6.6, 7.1, 7.2, 4.6, 4.2, 5.2, 5.6
71, 1, 4.0, 4.6, 5.4, 5.9, 4.9, 5.8, 6.2, 6.8, 7.2, 7.3, 4.6, 4.4, 5.3, 5.6
71, 2, 4.7, 5.2, 5.8, 6.0, 4.3, 6.6, 6.9, 7.4, 7.6, 7.6, 4.5, 5.0, 5.7, 5.8
71, 3, 6.0, 6.4, 6.8, 6.7, 3.9, 8.6, 8.9, 9.1, 9.1, 9.1, 5.3, 6.7, 7.2, 7.2
71, 4, 6.9, 7.0, 6.9, 6.4, 2.5, 9.6, 9.7, 9.6, 9.3, 9.7, 5.5, 7.5, 7.5, 7.6
71, 5, 6.7, 6.6, 6.3, 5.6, 1.7, 8.7, 8.7, 8.4, 7.9, 8.8, 4.6, 6.0, 5.7, 6.0
71, 6, 6.4, 6.3, 5.8, 5.1, 1.5, 8.0, 7.9, 7.6, 7.1, 8.1, 3.9, 4.9, 4.6, 4.9
71, 7, 6.4, 6.3, 5.9, 5.2, 1.6, 7.9, 7.8, 7.5, 7.0, 7.9, 3.8, 4.8, 4.5, 4.8
71, 8, 5.7, 5.8, 5.6, 5.2, 2.1, 7.1, 7.2, 7.0, 6.7, 7.2, 3.2, 4.1, 4.1, 4.2
71, 9, 5.2, 5.4, 5.5, 5.4, 2.9, 6.5, 6.7, 6.8, 6.6, 6.8, 3.2, 3.9, 4.1, 4.1
71,10, 4.6, 5.0, 5.4, 5.6, 3.7, 6.0, 6.3, 6.6, 6.7, 6.7, 3.4, 3.8, 4.2, 4.3
71,11, 3.6, 4.1, 4.6, 4.9, 3.8, 4.8, 5.2, 5.6, 5.8, 5.8, 3.1, 3.0, 3.6, 3.8
71,12, 3.5, 4.1, 4.9, 5.4, 4.6, 5.0, 5.5, 6.0, 6.4, 6.5, 4.0, 3.5, 4.4, 4.7
72, 1, 3.9, 4.5, 5.2, 5.7, 4.7, 5.5, 5.9, 6.5, 6.9, 7.0, 4.3, 4.0, 4.8, 5.2
72, 2, 4.5, 5.0, 5.6, 5.8, 4.2, 6.2, 6.6, 7.0, 7.1, 7.1, 4.1, 4.4, 5.0, 5.2
72, 3, 6.0, 6.4, 6.7, 6.7, 3.9, 8.3, 8.6, 8.9, 8.8, 8.9, 5.1, 6.3, 6.8, 6.8
72, 4, 6.4, 6.6, 6.5, 6.1, 2.5, 8.7, 8.8, 8.8, 8.4, 8.9, 4.8, 6.4, 6.5, 6.6
72, 5, 6.6, 6.5, 6.1, 5.4, 1.7, 8.6, 8.5, 8.3, 7.7, 8.6, 4.4, 5.8, 5.5, 5.8
72, 6, 5.6, 5.5, 5.1, 4.5, 1.5, 6.7, 6.6, 6.3, 5.9, 6.8, 3.0, 3.8, 3.5, 3.8
72, 7, 6.2, 6.1, 5.7, 5.0, 1.6, 7.7, 7.6, 7.3, 6.8, 7.7, 3.7, 4.6, 4.3, 4.7
72, 8, 6.1, 6.2, 6.0, 5.5, 2.1, 7.8, 7.9, 7.7, 7.3, 7.9, 3.8, 5.0, 4.9, 5.0
72, 9, 5.3, 5.5, 5.7, 5.5, 2.9, 6.8, 7.0, 7.1, 7.0, 7.1, 3.3, 4.3, 4.4, 4.4
72,10, 4.7, 5.1, 5.6, 5.7, 3.8, 6.3, 6.6, 7.0, 7.0, 7.1, 3.7, 4.3, 4.8, 4.8
72,11, 3.5, 4.0, 4.4, 4.7, 3.7, 4.7, 5.0, 5.4, 5.6, 5.6, 2.9, 2.9, 3.4, 3.6
72,12, 3.4, 4.0, 4.7, 5.1, 4.3, 4.8, 5.2, 5.7, 6.1, 6.2, 3.7, 3.3, 4.1, 4.4
73, 1, 3.4, 3.9, 4.5, 4.8, 4.0, 4.6, 5.0, 5.4, 5.7, 5.8, 3.3, 3.0, 3.7, 4.0
73, 2, 4.1, 4.5, 4.9, 5.1, 3.7, 5.4, 5.8, 6.1, 6.2, 6.3, 3.4, 3.6, 4.2, 4.3
73, 3, 5.4, 5.7, 6.0, 5.9, 3.5, 7.3, 7.6, 7.8, 7.7, 7.8, 4.1, 5.1, 5.4, 5.5
73, 4, 5.9, 6.1, 6.0, 5.6, 2.4, 7.7, 7.8, 7.8, 7.5, 7.8, 3.9, 5.1, 5.1, 5.2
73, 5, 6.3, 6.2, 5.9, 5.2, 1.7, 8.0, 7.9, 7.7, 7.2, 8.0, 4.0, 5.1, 4.9, 5.2
73, 6, 6.3, 6.2, 5.8, 5.0, 1.5, 7.8, 7.7, 7.4, 6.8, 7.8, 3.8, 4.7, 4.4, 4.8
73, 7, 6.1, 6.0, 5.6, 5.0, 1.6, 7.5, 7.4, 7.2, 6.7, 7.5, 3.5, 4.4, 4.1, 4.4
73, 8, 5.4, 5.4, 5.3, 4.8, 1.9, 6.7, 6.7, 6.6, 6.3, 6.8, 2.9, 3.8, 3.7, 3.9
73, 9, 5.2, 5.4, 5.5, 5.3, 2.9, 6.6, 6.8, 6.9, 6.7, 6.9, 3.2, 4.0, 4.2, 4.2
73,10, 4.8, 5.3, 5.7, 5.8, 4.0, 6.5, 6.8, 7.2, 7.3, 7.3, 3.8, 4.4, 4.9, 4.9
73,11, 4.1, 4.7, 5.3, 5.7, 4.6, 5.7, 6.1, 6.7, 7.0, 7.0, 4.2, 4.1, 4.8, 5.1
73,12, 3.5, 4.0, 4.7, 5.1, 4.4, 4.8, 5.2, 5.7, 6.1, 6.2, 3.8, 3.4, 4.2, 4.5
74, 1, 3.9, 4.5, 5.3, 5.7, 4.8, 5.6, 6.1, 6.7, 7.0, 7.1, 4.3, 4.1, 4.9, 5.3
74, 2, 4.6, 5.1, 5.7, 5.9, 4.4, 6.4, 6.8, 7.3, 7.4, 7.4, 4.4, 4.8, 5.5, 5.7
74, 3, 5.9, 6.3, 6.6, 6.6, 3.8, 8.2, 8.5, 8.7, 8.7, 8.8, 5.0, 6.2, 6.6, 6.6
74, 4, 6.7, 6.8, 6.7, 6.3, 2.6, 9.1, 9.2, 9.1, 8.8, 9.2, 5.1, 6.8, 6.8, 6.9
74, 5, 6.3, 6.2, 5.9, 5.2, 1.7, 7.9, 7.9, 7.7, 7.2, 8.0, 4.0, 5.2, 4.9, 5.2
74, 6, 5.9, 5.8, 5.3, 4.7, 1.5, 7.3, 7.2, 6.9, 6.4, 7.4, 3.4, 4.3, 4.0, 4.4
74, 7, 6.0, 5.9, 5.5, 4.8, 1.6, 7.4, 7.3, 7.1, 6.6, 7.4, 3.4, 4.4, 4.1, 4.4
74, 8, 6.1, 6.2, 6.0, 5.5, 2.1, 7.7, 7.8, 7.7, 7.3, 7.8, 3.8, 4.9, 4.8, 4.9
74, 9, 5.5, 5.7, 5.8, 5.7, 3.0, 7.0, 7.2, 7.3, 7.1, 7.3, 3.5, 4.3, 4.5, 4.5
74,10, 4.9, 5.4, 5.9, 6.0, 4.1, 6.7, 7.0, 7.3, 7.4, 7.4, 4.0, 4.5, 5.0, 5.1
74,11, 4.1, 4.7, 5.3, 5.7, 4.5, 5.7, 6.1, 6.6, 6.9, 7.0, 4.1, 4.0, 4.8, 5.0
74,12, 3.6, 4.2, 5.0, 5.5, 4.7, 5.1, 5.6, 6.2, 6.5, 6.6, 4.1, 3.6, 4.5, 4.9
75, 1, 3.8, 4.4, 5.2, 5.6, 4.7, 5.4, 5.9, 6.4, 6.8, 6.9, 4.1, 3.9, 4.7, 5.0
75, 2, 4.6, 5.1, 5.7, 6.0, 4.4, 6.4, 6.8, 7.2, 7.4, 7.4, 4.4, 4.7, 5.4, 5.5
75, 3, 5.8, 6.2, 6.5, 6.5, 3.8, 8.1, 8.4, 8.6, 8.6, 8.6, 4.8, 6.0, 6.4, 6.4
75, 4, 6.5, 6.6, 6.6, 6.1, 2.5, 8.7, 8.9, 8.8, 8.5, 8.9, 4.8, 6.3, 6.4, 6.5
75, 5, 6.5, 6.4, 6.1, 5.4, 1.8, 8.3, 8.3, 8.0, 7.5, 8.3, 4.2, 5.4, 5.2, 5.5
75, 6, 6.6, 6.4, 5.9, 5.2, 1.5, 8.3, 8.2, 7.9, 7.3, 8.4, 4.2, 5.3, 4.9, 5.4
75, 7, 5.9, 5.8, 5.4, 4.8, 1.6, 7.1, 7.1, 6.8, 6.4, 7.2, 3.2, 4.0, 3.8, 4.0
75, 8, 6.0, 6.1, 5.9, 5.4, 2.1, 7.6, 7.7, 7.5, 7.2, 7.7, 3.7, 4.7, 4.6, 4.8
75, 9, 5.2, 5.4, 5.5, 5.3, 2.8, 6.5, 6.7, 6.7, 6.6, 6.8, 3.0, 3.8, 3.9, 4.0
75,10, 4.5, 4.9, 5.3, 5.4, 3.6, 6.0, 6.3, 6.6, 6.6, 6.7, 3.4, 3.8, 4.3, 4.3
75,11, 3.9, 4.4, 5.1, 5.4, 4.3, 5.4, 5.8, 6.2, 6.5, 6.6, 3.8, 3.7, 4.4, 4.7
75,12, 3.6, 4.2, 5.0, 5.4, 4.7, 5.1, 5.5, 6.1, 6.5, 6.6, 4.1, 3.6, 4.5, 4.9
76, 1, 3.6, 4.2, 4.8, 5.2, 4.3, 5.0, 5.4, 5.9, 6.2, 6.3, 3.8, 3.6, 4.3, 4.6
76, 2, 4.7, 5.2, 5.9, 6.1, 4.5, 6.7, 7.1, 7.6, 7.8, 7.8, 4.7, 5.1, 5.8, 6.0
76, 3, 5.8, 6.2, 6.6, 6.5, 3.8, 8.2, 8.5, 8.7, 8.7, 8.7, 4.8, 6.1, 6.5, 6.5
76, 4, 6.5, 6.6, 6.5, 6.1, 2.5, 8.6, 8.7, 8.7, 8.3, 8.8, 4.7, 6.2, 6.2, 6.3
76, 5, 5.8, 5.7, 5.4, 4.8, 1.7, 7.2, 7.2, 6.9, 6.5, 7.2, 3.2, 4.2, 4.0, 4.2
76, 6, 5.5, 5.4, 5.0, 4.4, 1.5, 6.6, 6.5, 6.3, 5.8, 6.6, 2.8, 3.5, 3.3, 3.6
76, 7, 6.3, 6.2, 5.8, 5.1, 1.6, 7.8, 7.8, 7.5, 7.0, 7.9, 3.7, 4.7, 4.4, 4.8
76, 8, 5.8, 5.9, 5.7, 5.3, 2.1, 7.2, 7.3, 7.1, 6.8, 7.3, 3.4, 4.3, 4.2, 4.3
76, 9, 5.2, 5.4, 5.5, 5.3, 2.8, 6.6, 6.7, 6.8, 6.7, 6.8, 3.1, 3.9, 4.0, 4.0
76,10, 4.6, 5.0, 5.4, 5.5, 3.7, 6.1, 6.3, 6.7, 6.7, 6.7, 3.5, 3.9, 4.4, 4.4
76,11, 3.4, 3.8, 4.2, 4.4, 3.4, 4.2, 4.5, 4.9, 5.0, 5.1, 2.5, 2.4, 2.9, 3.0
76,12, 3.0, 3.4, 4.0, 4.2, 3.5, 4.0, 4.3, 4.7, 4.9, 5.0, 2.6, 2.3, 2.9, 3.1
77, 1, 3.5, 4.0, 4.6, 5.0, 4.1, 4.8, 5.2, 5.7, 5.9, 6.0, 3.4, 3.2, 3.9, 4.1
77, 2, 4.3, 4.7, 5.2, 5.4, 3.9, 5.8, 6.1, 6.5, 6.6, 6.7, 3.7, 4.0, 4.6, 4.7
77, 3, 5.5, 5.8, 6.1, 6.1, 3.5, 7.5, 7.8, 8.0, 7.9, 8.0, 4.3, 5.4, 5.8, 5.8
77, 4, 6.0, 6.1, 6.1, 5.7, 2.4, 7.8, 7.9, 7.9, 7.6, 8.0, 4.1, 5.3, 5.4, 5.5
77, 5, 6.2, 6.1, 5.8, 5.2, 1.7, 7.9, 7.8, 7.6, 7.1, 7.9, 3.9, 5.0, 4.8, 5.1
77, 6, 6.0, 5.9, 5.4, 4.7, 1.5, 7.5, 7.4, 7.1, 6.5, 7.5, 3.5, 4.5, 4.2, 4.5
77, 7, 6.1, 6.0, 5.6, 4.9, 1.6, 7.7, 7.6, 7.3, 6.8, 7.7, 3.7, 4.7, 4.4, 4.8
77, 8, 5.6, 5.6, 5.4, 5.0, 2.0, 6.9, 6.9, 6.8, 6.4, 6.9, 3.1, 4.0, 3.9, 4.1
77, 9, 5.4, 5.6, 5.7, 5.5, 2.9, 6.8, 6.9, 7.0, 6.9, 7.0, 3.3, 4.1, 4.3, 4.3
77,10, 4.9, 5.3, 5.8, 5.9, 4.0, 6.6, 6.9, 7.3, 7.3, 7.4, 4.0, 4.5, 5.1, 5.1
77,11, 3.9, 4.4, 5.0, 5.3, 4.2, 5.3, 5.7, 6.1, 6.4, 6.4, 3.6, 3.6, 4.2, 4.5
77,12, 3.4, 3.9, 4.6, 5.0, 4.2, 4.6, 5.0, 5.6, 5.9, 6.0, 3.5, 3.1, 3.9, 4.2
78, 1, 3.6, 4.1, 4.8, 5.2, 4.2, 5.0, 5.4, 5.9, 6.2, 6.2, 3.7, 3.5, 4.2, 4.5
78, 2, 4.2, 4.6, 5.0, 5.2, 3.8, 5.6, 5.9, 6.2, 6.3, 6.4, 3.4, 3.7, 4.2, 4.3
78, 3, 5.3, 5.7, 5.9, 5.9, 3.5, 7.1, 7.4, 7.6, 7.6, 7.6, 4.1, 5.0, 5.4, 5.4
78, 4, 6.4, 6.6, 6.5, 6.1, 2.6, 8.6, 8.7, 8.7, 8.4, 8.8, 4.6, 6.2, 6.2, 6.3
78, 5, 6.3, 6.2, 5.9, 5.3, 1.7, 8.0, 8.0, 7.7, 7.3, 8.0, 4.0, 5.1, 4.9, 5.2
78, 6, 6.2, 6.1, 5.7, 4.9, 1.5, 7.8, 7.7, 7.4, 6.8, 7.9, 3.8, 4.8, 4.5, 4.9
78, 7, 6.2, 6.1, 5.7, 5.0, 1.6, 7.7, 7.6, 7.3, 6.8, 7.7, 3.6, 4.6, 4.3, 4.7
78, 8, 5.9, 5.9, 5.8, 5.3, 2.1, 7.3, 7.4, 7.2, 6.9, 7.4, 3.5, 4.4, 4.3, 4.5
78, 9, 5.4, 5.6, 5.8, 5.6, 2.9, 7.0, 7.1, 7.2, 7.1, 7.2, 3.4, 4.3, 4.5, 4.5
78,10, 4.2, 4.5, 4.8, 4.8, 3.3, 5.3, 5.5, 5.7, 5.8, 5.8, 2.7, 3.0, 3.3, 3.4
78,11, 3.9, 4.5, 5.1, 5.5, 4.3, 5.4, 5.8, 6.3, 6.5, 6.6, 3.8, 3.7, 4.4, 4.7
78,12, 3.4, 3.9, 4.6, 5.0, 4.3, 4.7, 5.1, 5.6, 5.9, 6.0, 3.5, 3.1, 3.9, 4.2
79, 1, 3.5, 4.0, 4.6, 4.9, 4.0, 4.8, 5.1, 5.6, 5.8, 5.9, 3.3, 3.1, 3.8, 4.1
79, 2, 4.6, 5.2, 5.8, 6.1, 4.5, 6.5, 6.9, 7.3, 7.5, 7.5, 4.4, 4.7, 5.4, 5.6
79, 3, 5.4, 5.8, 6.1, 6.0, 3.5, 7.4, 7.7, 7.9, 7.9, 7.9, 4.2, 5.3, 5.7, 5.7
79, 4, 6.1, 6.3, 6.2, 5.8, 2.5, 8.1, 8.2, 8.2, 7.9, 8.3, 4.3, 5.7, 5.7, 5.8
79, 5, 6.3, 6.3, 5.9, 5.3, 1.7, 8.0, 7.9, 7.7, 7.2, 8.0, 4.0, 5.1, 4.8, 5.1
79, 6, 6.5, 6.4, 5.9, 5.1, 1.5, 8.2, 8.1, 7.8, 7.2, 8.3, 4.1, 5.2, 4.8, 5.2
79, 7, 6.1, 6.0, 5.6, 5.0, 1.6, 7.5, 7.4, 7.2, 6.7, 7.6, 3.5, 4.4, 4.1, 4.4
79, 8, 5.7, 5.7, 5.6, 5.1, 2.0, 7.0, 7.1, 6.9, 6.6, 7.1, 3.1, 4.0, 3.9, 4.1
79, 9, 5.2, 5.4, 5.5, 5.3, 2.8, 6.4, 6.6, 6.7, 6.5, 6.7, 3.1, 3.8, 4.0, 4.0
79,10, 4.4, 4.8, 5.2, 5.2, 3.5, 5.7, 6.0, 6.3, 6.3, 6.3, 3.2, 3.5, 3.9, 4.0
79,11, 3.9, 4.4, 5.0, 5.3, 4.2, 5.3, 5.6, 6.1, 6.4, 6.4, 3.7, 3.6, 4.3, 4.5
79,12, 3.3, 3.9, 4.5, 4.9, 4.1, 4.5, 4.9, 5.4, 5.7, 5.8, 3.3, 2.9, 3.6, 3.9
80, 1, 3.8, 4.3, 5.1, 5.5, 4.6, 5.4, 5.8, 6.4, 6.7, 6.8, 4.1, 3.9, 4.7, 5.0
80, 2, 4.6, 5.2, 5.7, 6.0, 4.3, 6.5, 6.8, 7.3, 7.5, 7.5, 4.5, 4.9, 5.6, 5.7
80, 3, 5.7, 6.0, 6.3, 6.3, 3.6, 7.8, 8.1, 8.3, 8.2, 8.3, 4.6, 5.7, 6.1, 6.1
80, 4, 6.1, 6.2, 6.2, 5.8, 2.5, 8.0, 8.2, 8.1, 7.8, 8.2, 4.3, 5.6, 5.6, 5.7
80, 5, 6.5, 6.4, 6.1, 5.4, 1.7, 8.3, 8.3, 8.0, 7.5, 8.4, 4.3, 5.5, 5.3, 5.6
80, 6, 6.3, 6.2, 5.7, 4.9, 1.5, 8.0, 7.9, 7.6, 7.0, 8.1, 4.0, 5.1, 4.7, 5.1
80, 7, 6.2, 6.1, 5.7, 5.0, 1.6, 7.7, 7.6, 7.3, 6.9, 7.8, 3.6, 4.7, 4.4, 4.7
80, 8, 5.8, 5.9, 5.7, 5.2, 2.1, 7.3, 7.3, 7.2, 6.9, 7.4, 3.4, 4.4, 4.3, 4.4
80, 9, 5.4, 5.6, 5.8, 5.6, 3.0, 6.9, 7.1, 7.2, 7.1, 7.3, 3.5, 4.4, 4.6, 4.6
80,10, 4.5, 4.9, 5.3, 5.5, 3.7, 6.0, 6.3, 6.6, 6.7, 6.7, 3.5, 3.9, 4.4, 4.5
80,11, 3.3, 3.7, 4.1, 4.3, 3.3, 4.2, 4.5, 4.8, 5.0, 5.0, 2.5, 2.4, 2.9, 3.1
80,12, 3.5, 4.1, 4.8, 5.2, 4.4, 4.9, 5.3, 5.8, 6.2, 6.3, 3.8, 3.4, 4.2, 4.5
81, 1, 4.0, 4.7, 5.5, 5.9, 5.0, 5.8, 6.3, 6.9, 7.3, 7.4, 4.6, 4.4, 5.3, 5.7
81, 2, 4.5, 5.0, 5.5, 5.8, 4.2, 6.2, 6.6, 7.0, 7.1, 7.1, 4.1, 4.5, 5.1, 5.3
81, 3, 5.6, 5.9, 6.3, 6.2, 3.6, 7.7, 7.9, 8.2, 8.1, 8.2, 4.5, 5.7, 6.1, 6.1
81, 4, 6.4, 6.6, 6.5, 6.1, 2.5, 8.5, 8.6, 8.6, 8.3, 8.7, 4.5, 6.0, 6.0, 6.1
81, 5, 6.6, 6.5, 6.2, 5.5, 1.7, 8.5, 8.4, 8.2, 7.7, 8.5, 4.4, 5.7, 5.5, 5.8
81, 6, 6.5, 6.4, 5.9, 5.1, 1.5, 8.2, 8.1, 7.8, 7.2, 8.3, 4.2, 5.4, 5.0, 5.4
81, 7, 6.4, 6.3, 5.9, 5.2, 1.6, 8.0, 8.0, 7.7, 7.1, 8.1, 3.9, 5.0, 4.7, 5.0
81, 8, 5.2, 5.3, 5.1, 4.7, 1.9, 6.4, 6.4, 6.3, 6.0, 6.5, 2.8, 3.6, 3.5, 3.6
81, 9, 4.9, 5.1, 5.2, 5.0, 2.6, 6.2, 6.3, 6.4, 6.2, 6.4, 2.7, 3.4, 3.5, 3.6
81,10, 4.9, 5.3, 5.8, 5.9, 3.9, 6.6, 6.9, 7.3, 7.3, 7.3, 4.0, 4.6, 5.1, 5.1
81,11, 4.1, 4.7, 5.4, 5.8, 4.6, 5.7, 6.2, 6.7, 7.0, 7.1, 4.3, 4.2, 5.0, 5.2
81,12, 3.7, 4.3, 5.2, 5.7, 4.9, 5.3, 5.8, 6.4, 6.8, 6.9, 4.4, 4.0, 4.9, 5.3
82, 1, 4.0, 4.6, 5.4, 5.9, 5.0, 5.8, 6.3, 6.9, 7.3, 7.4, 4.7, 4.4, 5.3, 5.7
82, 2, 4.8, 5.4, 6.1, 6.3, 4.6, 6.8, 7.3, 7.7, 7.9, 8.0, 4.8, 5.2, 5.9, 6.1
82, 3, 5.4, 5.7, 6.0, 6.0, 3.5, 7.5, 7.7, 7.9, 7.9, 7.9, 4.4, 5.5, 5.9, 5.9
82, 4, 6.1, 6.3, 6.2, 5.8, 2.5, 8.2, 8.3, 8.3, 8.0, 8.4, 4.3, 5.8, 5.8, 5.9
82, 5, 6.4, 6.4, 6.0, 5.4, 1.8, 8.1, 8.1, 7.9, 7.4, 8.2, 4.1, 5.3, 5.0, 5.3
82, 6, 6.0, 5.8, 5.4, 4.7, 1.5, 7.4, 7.3, 7.0, 6.5, 7.5, 3.7, 4.7, 4.3, 4.7
82, 7, 6.4, 6.3, 5.9, 5.2, 1.7, 7.8, 7.8, 7.5, 6.9, 7.9, 3.7, 4.6, 4.3, 4.6
82, 8, 6.0, 6.0, 5.8, 5.4, 2.1, 7.5, 7.5, 7.4, 7.0, 7.6, 3.5, 4.6, 4.5, 4.6
82, 9, 5.1, 5.2, 5.3, 5.1, 2.7, 6.2, 6.3, 6.4, 6.2, 6.4, 2.8, 3.5, 3.6, 3.6
82,10, 4.6, 5.0, 5.4, 5.4, 3.6, 5.9, 6.2, 6.5, 6.5, 6.5, 3.2, 3.5, 4.0, 4.0
82,11, 3.6, 4.1, 4.6, 4.9, 3.8, 4.7, 5.0, 5.4, 5.7, 5.7, 3.0, 2.8, 3.4, 3.6
82,12, 3.5, 4.0, 4.7, 5.0, 4.2, 4.6, 5.0, 5.5, 5.8, 5.9, 3.4, 3.0, 3.7, 4.0
83, 1, 3.0, 3.4, 3.8, 4.0, 3.2, 3.8, 4.1, 4.4, 4.6, 4.6, 2.3, 2.1, 2.6, 2.8
83, 2, 3.7, 4.0, 4.4, 4.5, 3.3, 4.7, 4.9, 5.2, 5.3, 5.3, 2.7, 2.8, 3.2, 3.3
83, 3, 5.1, 5.4, 5.7, 5.6, 3.3, 6.7, 6.9, 7.1, 7.0, 7.1, 3.6, 4.4, 4.7, 4.7
83, 4, 6.5, 6.6, 6.6, 6.1, 2.5, 8.6, 8.7, 8.7, 8.3, 8.8, 4.7, 6.2, 6.2, 6.3
83, 5, 6.7, 6.6, 6.3, 5.6, 1.8, 8.4, 8.4, 8.1, 7.6, 8.4, 4.1, 5.3, 5.1, 5.4
83, 6, 6.1, 5.9, 5.5, 4.8, 1.6, 7.3, 7.3, 6.9, 6.4, 7.4, 3.3, 4.2, 3.9, 4.2
83, 7, 5.8, 5.7, 5.4, 4.8, 1.7, 6.9, 6.8, 6.6, 6.1, 6.9, 2.9, 3.6, 3.4, 3.7
83, 8, 5.8, 5.8, 5.7, 5.2, 2.1, 7.0, 7.1, 7.0, 6.6, 7.1, 3.1, 4.0, 3.9, 4.0
83, 9, 5.3, 5.5, 5.6, 5.4, 2.8, 6.6, 6.8, 6.9, 6.7, 6.9, 3.2, 4.0, 4.2, 4.2
83,10, 4.4, 4.8, 5.1, 5.2, 3.5, 5.6, 5.9, 6.2, 6.2, 6.2, 3.0, 3.3, 3.7, 3.8
83,11, 3.8, 4.2, 4.8, 5.1, 4.0, 5.0, 5.4, 5.8, 6.0, 6.1, 3.3, 3.2, 3.9, 4.1
83,12, 3.2, 3.6, 4.2, 4.5, 3.8, 4.2, 4.5, 4.9, 5.2, 5.3, 2.9, 2.5, 3.1, 3.4
84, 1, 3.6, 4.1, 4.7, 5.1, 4.2, 5.0, 5.3, 5.8, 6.1, 6.2, 3.6, 3.4, 4.1, 4.4
84, 2, 4.1, 4.5, 4.9, 5.1, 3.7, 5.4, 5.7, 6.0, 6.2, 6.2, 3.3, 3.5, 4.0, 4.1
84, 3, 5.5, 5.9, 6.2, 6.1, 3.5, 7.4, 7.7, 7.9, 7.8, 7.9, 4.3, 5.3, 5.7, 5.7
84, 4, 6.3, 6.4, 6.3, 5.9, 2.5, 8.2, 8.3, 8.2, 7.9, 8.3, 4.4, 5.7, 5.7, 5.8
84, 5, 6.2, 6.2, 5.8, 5.2, 1.8, 7.8, 7.8, 7.6, 7.1, 7.8, 3.8, 4.9, 4.7, 4.9
84, 6, 6.2, 6.0, 5.6, 4.9, 1.5, 7.5, 7.4, 7.1, 6.6, 7.6, 3.6, 4.5, 4.1, 4.5
84, 7, 5.8, 5.7, 5.4, 4.7, 1.6, 6.9, 6.9, 6.6, 6.2, 7.0, 3.0, 3.8, 3.5, 3.8
84, 8, 6.0, 6.0, 5.8, 5.3, 2.1, 7.5, 7.5, 7.4, 7.0, 7.5, 3.5, 4.5, 4.4, 4.6
84, 9, 4.9, 5.2, 5.2, 5.0, 2.6, 6.2, 6.3, 6.4, 6.3, 6.4, 2.8, 3.6, 3.7, 3.7
84,10, 4.9, 5.4, 5.9, 6.0, 4.1, 6.7, 7.1, 7.4, 7.5, 7.5, 4.1, 4.7, 5.2, 5.3
84,11, 4.0, 4.5, 5.1, 5.4, 4.3, 5.4, 5.8, 6.3, 6.6, 6.6, 3.8, 3.8, 4.5, 4.7
84,12, 3.7, 4.4, 5.2, 5.7, 4.8, 5.2, 5.7, 6.3, 6.7, 6.8, 4.3, 3.8, 4.7, 5.1
85, 1, 3.8, 4.4, 5.2, 5.6, 4.7, 5.5, 5.9, 6.5, 6.8, 6.9, 4.3, 4.1, 4.9, 5.2
85, 2, 4.6, 5.2, 5.8, 6.0, 4.4, 6.4, 6.8, 7.3, 7.4, 7.5, 4.4, 4.7, 5.4, 5.6
85, 3, 5.7, 6.1, 6.4, 6.4, 3.7, 7.8, 8.1, 8.4, 8.3, 8.4, 4.7, 5.8, 6.3, 6.3
85, 4, 5.9, 6.0, 5.9, 5.5, 2.3, 7.6, 7.7, 7.6, 7.3, 7.7, 4.0, 5.2, 5.2, 5.3
85, 5, 6.6, 6.5, 6.1, 5.4, 1.7, 8.5, 8.4, 8.2, 7.7, 8.5, 4.5, 5.8, 5.5, 5.8
85, 6, 6.4, 6.3, 5.8, 5.0, 1.5, 8.1, 8.0, 7.6, 7.1, 8.1, 4.1, 5.2, 4.8, 5.2
85, 7, 5.6, 5.5, 5.1, 4.6, 1.6, 6.8, 6.7, 6.4, 6.0, 6.8, 2.9, 3.7, 3.5, 3.8
85, 8, 5.6, 5.7, 5.5, 5.0, 2.0, 6.8, 6.9, 6.8, 6.4, 6.9, 3.0, 3.8, 3.7, 3.8
85, 9, 5.0, 5.2, 5.3, 5.1, 2.7, 6.3, 6.5, 6.6, 6.4, 6.6, 2.9, 3.6, 3.8, 3.8
85,10, 4.7, 5.1, 5.6, 5.7, 3.8, 6.2, 6.5, 6.8, 6.9, 6.9, 3.6, 4.0, 4.5, 4.6
85,11, 3.9, 4.4, 5.0, 5.4, 4.2, 5.3, 5.6, 6.1, 6.4, 6.4, 3.8, 3.6, 4.3, 4.6
85,12, 3.2, 3.7, 4.3, 4.7, 4.0, 4.4, 4.7, 5.2, 5.5, 5.6, 3.2, 2.8, 3.5, 3.8
86, 1, 3.7, 4.2, 4.9, 5.3, 4.4, 5.2, 5.6, 6.1, 6.4, 6.5, 4.0, 3.8, 4.6, 4.9
86, 2, 4.9, 5.4, 6.1, 6.4, 4.7, 7.0, 7.4, 7.9, 8.1, 8.1, 5.1, 5.6, 6.3, 6.5
86, 3, 5.8, 6.2, 6.5, 6.5, 3.8, 8.1, 8.4, 8.6, 8.6, 8.6, 4.9, 6.2, 6.6, 6.7
86, 4, 6.8, 7.0, 6.9, 6.4, 2.6, 9.3, 9.4, 9.4, 9.0, 9.5, 5.3, 7.1, 7.1, 7.2
86, 5, 6.6, 6.5, 6.2, 5.5, 1.8, 8.4, 8.4, 8.1, 7.6, 8.4, 4.3, 5.6, 5.3, 5.6
86, 6, 6.0, 5.9, 5.5, 4.8, 1.5, 7.4, 7.4, 7.0, 6.5, 7.5, 3.6, 4.5, 4.2, 4.6
86, 7, 6.2, 6.1, 5.7, 5.0, 1.6, 7.8, 7.7, 7.4, 6.9, 7.8, 3.8, 4.8, 4.5, 4.8
86, 8, 5.5, 5.5, 5.3, 4.9, 2.0, 6.8, 6.8, 6.7, 6.4, 6.8, 3.1, 4.0, 3.9, 4.0
86, 9, 5.5, 5.7, 5.9, 5.7, 2.9, 7.0, 7.2, 7.3, 7.1, 7.3, 3.5, 4.4, 4.6, 4.6
86,10, 4.9, 5.3, 5.8, 5.9, 3.9, 6.6, 6.9, 7.2, 7.3, 7.3, 4.0, 4.5, 5.0, 5.1
86,11, 4.0, 4.5, 5.2, 5.6, 4.4, 5.6, 6.0, 6.5, 6.8, 6.8, 3.9, 3.9, 4.6, 4.8
86,12, 3.1, 3.5, 4.1, 4.4, 3.7, 4.1, 4.5, 4.9, 5.1, 5.2, 2.9, 2.6, 3.2, 3.5
87, 1, 4.0, 4.7, 5.5, 6.0, 5.0, 5.9, 6.4, 7.0, 7.4, 7.5, 4.8, 4.6, 5.6, 5.9
87, 2, 4.3, 4.8, 5.3, 5.6, 4.1, 6.0, 6.4, 6.8, 6.9, 6.9, 4.0, 4.3, 4.9, 5.1
87, 3, 4.7, 4.9, 5.1, 5.1, 2.9, 6.0, 6.2, 6.4, 6.3, 6.4, 3.1, 3.8, 4.1, 4.1
87, 4, 6.4, 6.6, 6.5, 6.0, 2.5, 8.5, 8.6, 8.6, 8.3, 8.7, 4.7, 6.2, 6.2, 6.3
87, 5, 6.7, 6.7, 6.3, 5.6, 1.7, 8.9, 8.8, 8.6, 8.0, 8.9, 4.7, 6.2, 5.9, 6.3
87, 6, 6.7, 6.5, 6.0, 5.2, 1.5, 8.4, 8.3, 7.9, 7.3, 8.4, 4.3, 5.4, 5.0, 5.5
87, 7, 6.4, 6.3, 5.9, 5.2, 1.6, 8.1, 8.1, 7.8, 7.2, 8.2, 4.0, 5.1, 4.8, 5.2
87, 8, 5.9, 5.9, 5.8, 5.3, 2.1, 7.4, 7.4, 7.3, 6.9, 7.5, 3.5, 4.4, 4.4, 4.5
87, 9, 5.3, 5.6, 5.7, 5.5, 2.9, 6.8, 7.0, 7.1, 6.9, 7.1, 3.3, 4.2, 4.4, 4.4
87,10, 4.5, 4.8, 5.2, 5.3, 3.6, 5.8, 6.1, 6.4, 6.5, 6.5, 3.5, 3.9, 4.3, 4.4
87,11, 3.5, 4.0, 4.5, 4.8, 3.8, 4.7, 5.0, 5.4, 5.6, 5.6, 3.0, 2.9, 3.5, 3.7
87,12, 3.4, 3.9, 4.6, 5.0, 4.3, 4.7, 5.1, 5.6, 5.9, 6.1, 3.7, 3.3, 4.0, 4.4
88, 1, 3.2, 3.7, 4.2, 4.4, 3.6, 4.2, 4.5, 4.9, 5.1, 5.2, 2.8, 2.6, 3.2, 3.4
88, 2, 4.4, 4.9, 5.4, 5.6, 4.0, 6.0, 6.4, 6.8, 6.9, 6.9, 4.0, 4.4, 5.0, 5.1
88, 3, 5.2, 5.5, 5.8, 5.7, 3.3, 6.9, 7.1, 7.3, 7.3, 7.3, 3.8, 4.7, 5.0, 5.1
88, 4, 6.7, 6.8, 6.7, 6.3, 2.6, 9.1, 9.2, 9.2, 8.8, 9.3, 5.1, 6.8, 6.9, 7.0
88, 5, 5.9, 5.9, 5.5, 4.9, 1.7, 7.4, 7.4, 7.2, 6.7, 7.5, 3.7, 4.8, 4.6, 4.8
88, 6, 5.8, 5.7, 5.3, 4.6, 1.5, 6.9, 6.9, 6.6, 6.1, 7.0, 3.1, 3.9, 3.6, 3.9
88, 7, 5.8, 5.7, 5.3, 4.7, 1.6, 7.0, 7.0, 6.7, 6.3, 7.1, 3.2, 4.0, 3.8, 4.1
88, 8, 5.6, 5.7, 5.5, 5.1, 2.0, 7.1, 7.1, 7.0, 6.6, 7.1, 3.3, 4.3, 4.2, 4.3
88, 9, 5.5, 5.8, 5.9, 5.7, 3.0, 7.2, 7.4, 7.5, 7.3, 7.5, 3.7, 4.7, 4.9, 4.9
88,10, 5.1, 5.6, 6.1, 6.3, 4.3, 7.1, 7.4, 7.8, 7.9, 7.9, 4.5, 5.1, 5.7, 5.8
88,11, 3.9, 4.5, 5.1, 5.4, 4.3, 5.4, 5.8, 6.3, 6.6, 6.6, 3.8, 3.8, 4.5, 4.7
88,12, 3.6, 4.2, 5.0, 5.4, 4.7, 5.1, 5.6, 6.1, 6.5, 6.6, 4.1, 3.7, 4.5, 4.9
89, 1, 4.1, 4.8, 5.6, 6.1, 5.2, 6.0, 6.5, 7.2, 7.6, 7.7, 4.9, 4.6, 5.6, 6.0
89, 2, 4.7, 5.2, 5.9, 6.2, 4.5, 6.7, 7.1, 7.6, 7.8, 7.8, 4.6, 5.0, 5.8, 5.9
89, 3, 5.5, 5.8, 6.1, 6.0, 3.5, 7.6, 7.9, 8.1, 8.0, 8.1, 4.5, 5.7, 6.1, 6.1
89, 4, 6.4, 6.5, 6.4, 6.0, 2.5, 8.6, 8.7, 8.6, 8.3, 8.7, 4.6, 6.2, 6.2, 6.3
89, 5, 6.7, 6.7, 6.3, 5.6, 1.7, 8.8, 8.8, 8.5, 8.0, 8.9, 4.7, 6.1, 5.8, 6.2
89, 6, 6.3, 6.2, 5.7, 5.0, 1.5, 7.8, 7.7, 7.3, 6.8, 7.8, 3.8, 4.7, 4.4, 4.8
89, 7, 5.9, 5.8, 5.4, 4.8, 1.6, 7.2, 7.2, 6.9, 6.4, 7.2, 3.4, 4.2, 4.0, 4.3
89, 8, 6.2, 6.2, 6.0, 5.5, 2.1, 7.7, 7.8, 7.7, 7.3, 7.8, 3.8, 4.8, 4.8, 4.9
89, 9, 5.5, 5.8, 5.9, 5.7, 3.0, 7.2, 7.4, 7.5, 7.3, 7.5, 3.7, 4.7, 4.9, 4.9
89,10, 5.0, 5.4, 5.9, 6.1, 4.1, 6.8, 7.2, 7.5, 7.6, 7.7, 4.3, 4.8, 5.4, 5.5
89,11, 3.7, 4.1, 4.6, 4.9, 3.8, 4.8, 5.2, 5.6, 5.8, 5.9, 3.2, 3.1, 3.7, 3.9
89,12, 3.2, 3.7, 4.3, 4.6, 3.8, 4.3, 4.7, 5.1, 5.4, 5.5, 3.1, 2.8, 3.5, 3.8
90, 1, 3.9, 4.6, 5.4, 5.8, 4.9, 5.7, 6.2, 6.8, 7.1, 7.2, 4.6, 4.3, 5.3, 5.6
90, 2, 4.8, 5.4, 6.0, 6.3, 4.6, 6.8, 7.2, 7.7, 7.9, 7.9, 4.8, 5.2, 6.0, 6.1
90, 3, 5.3, 5.7, 5.9, 5.9, 3.4, 7.2, 7.4, 7.6, 7.6, 7.7, 4.1, 5.1, 5.5, 5.5
90, 4, 6.1, 6.2, 6.2, 5.7, 2.4, 8.1, 8.2, 8.1, 7.8, 8.2, 4.1, 5.5, 5.6, 5.6
90, 5, 5.9, 5.9, 5.6, 5.0, 1.7, 7.4, 7.4, 7.2, 6.7, 7.5, 3.5, 4.6, 4.4, 4.6
90, 6, 6.7, 6.6, 6.1, 5.3, 1.5, 8.6, 8.5, 8.1, 7.5, 8.6, 4.5, 5.7, 5.3, 5.8
90, 7, 6.2, 6.1, 5.7, 5.1, 1.6, 7.8, 7.7, 7.4, 6.9, 7.8, 3.8, 4.9, 4.6, 4.9
90, 8, 5.9, 6.0, 5.8, 5.3, 2.1, 7.3, 7.4, 7.2, 6.9, 7.4, 3.4, 4.3, 4.3, 4.4
90, 9, 5.3, 5.6, 5.7, 5.5, 2.8, 6.8, 7.0, 7.1, 6.9, 7.1, 3.5, 4.3, 4.5, 4.5
90,10, 4.7, 5.1, 5.6, 5.7, 3.8, 6.4, 6.7, 7.0, 7.1, 7.1, 3.8, 4.4, 4.9, 4.9
90,11, 4.0, 4.6, 5.2, 5.6, 4.5, 5.6, 6.0, 6.5, 6.8, 6.8, 4.1, 4.0, 4.8, 5.1
90,12, 3.6, 4.3, 5.1, 5.6, 4.8, 5.3, 5.7, 6.3, 6.7, 6.8, 4.3, 3.9, 4.8, 5.2
