"City:    ","NEW ORLEANS           "
"State:   ","LA"
"WBAN No: ", 12916
"Lat(N):  ", 29.98
"Long(W): ", 90.25
"Elev(m): ",     3
"Pres(mb):",  1017
"Stn Type:","Secondary"
"MONTHLY SOLAR RADIATION (kWh/m2/day)"
"COLUMN A: Year"
"COLUMN B: Month"
"COLUMN C: Flat-Plate Collector Facing South at Fixed Tilt=0"
"COLUMN D: Flat-Plate Collector Facing South at Fixed Tilt=Lat-15"
"COLUMN E: Flat-Plate Collector Facing South at Fixed Tilt=Lat"
"COLUMN F: Flat-Plate Collector Facing South at Fixed Tilt=Lat+15"
"COLUMN G: Flat-Plate Collector Facing South at Fixed Tilt=90"
"COLUMN H: 1-Axis Tracking Flat-Plate Collector with North-South Axis, Axis Tilt=0"
"COLUMN I: 1-Axis Tracking Flat-Plate Collector with North-South Axis, Axis Tilt=Lat-15"
"COLUMN J: 1-Axis Tracking Flat-Plate Collector with North-South Axis, Axis Tilt=Lat"
"COLUMN K: 1-Axis Tracking Flat-Plate Collector with North-South Axis, Axis Tilt=Lat+15"
"COLUMN L: 2-Axis Tracking Flat-Plate Collector"
"COLUMN M: 1-Axis Tracking Concentrating Collector with East-West Horizontal Axis"
"COLUMN N: 1-Axis Tracking Concentrating Collector with North-South Horizontal Axis"
"COLUMN O: 1-Axis Tracking Concentrating Collector with North-South Axis, Axis Tilt=Lat"
"COLUMN P: 2-Axis Tracking Concentrating Collector"
"COL A","COL B","COL C","COL D","COL E","COL F","COL G","COL H","COL I","COL J","COL K","COL L","COL M","COL N","COL O","COL P"
61, 1, 2.7, 3.3, 3.7, 3.9, 3.3, 3.6, 4.0, 4.3, 4.5, 4.6, 2.5, 2.2, 2.8, 3.0
61, 2, 3.4, 3.9, 4.3, 4.4, 3.3, 4.4, 4.8, 5.1, 5.2, 5.2, 2.7, 2.7, 3.3, 3.4
61, 3, 4.4, 4.9, 5.1, 5.0, 3.2, 5.9, 6.3, 6.4, 6.3, 6.4, 3.2, 3.9, 4.3, 4.3
61, 4, 5.9, 6.2, 6.1, 5.7, 2.9, 7.9, 8.1, 8.1, 7.8, 8.2, 4.2, 5.5, 5.7, 5.7
61, 5, 6.4, 6.4, 6.0, 5.3, 2.1, 8.4, 8.4, 8.1, 7.6, 8.5, 4.3, 5.6, 5.4, 5.7
61, 6, 5.7, 5.6, 5.2, 4.5, 1.8, 7.0, 6.9, 6.6, 6.1, 7.0, 3.2, 4.1, 3.8, 4.1
61, 7, 5.6, 5.5, 5.1, 4.5, 1.8, 6.9, 6.9, 6.7, 6.2, 7.0, 3.1, 4.0, 3.8, 4.1
61, 8, 5.3, 5.4, 5.3, 4.8, 2.3, 6.7, 6.8, 6.7, 6.4, 6.8, 3.0, 4.0, 4.0, 4.1
61, 9, 4.8, 5.2, 5.3, 5.1, 3.0, 6.3, 6.5, 6.6, 6.5, 6.6, 3.1, 3.9, 4.2, 4.2
61,10, 4.7, 5.5, 6.0, 6.1, 4.4, 6.6, 7.2, 7.6, 7.7, 7.7, 4.4, 4.8, 5.6, 5.7
61,11, 2.9, 3.5, 3.9, 4.1, 3.3, 3.8, 4.2, 4.5, 4.7, 4.7, 2.5, 2.2, 2.8, 3.0
61,12, 2.7, 3.4, 3.9, 4.2, 3.7, 3.6, 4.2, 4.6, 4.8, 4.9, 3.0, 2.4, 3.2, 3.5
62, 1, 2.9, 3.6, 4.2, 4.4, 3.8, 4.1, 4.6, 5.0, 5.2, 5.3, 3.2, 2.8, 3.6, 3.8
62, 2, 3.4, 3.9, 4.3, 4.4, 3.3, 4.3, 4.8, 5.0, 5.1, 5.1, 2.6, 2.6, 3.2, 3.3
62, 3, 4.5, 4.9, 5.1, 4.9, 3.2, 5.8, 6.1, 6.3, 6.2, 6.3, 3.1, 3.7, 4.1, 4.1
62, 4, 5.6, 5.8, 5.8, 5.3, 2.7, 7.4, 7.6, 7.6, 7.3, 7.7, 3.7, 5.0, 5.1, 5.1
62, 5, 7.0, 7.0, 6.6, 5.8, 2.2, 9.3, 9.3, 9.0, 8.5, 9.4, 5.0, 6.7, 6.4, 6.7
62, 6, 5.8, 5.6, 5.2, 4.6, 1.8, 7.1, 7.0, 6.7, 6.3, 7.2, 3.1, 4.0, 3.7, 4.1
62, 7, 6.6, 6.5, 6.1, 5.3, 2.0, 8.3, 8.2, 7.9, 7.4, 8.4, 4.2, 5.3, 5.0, 5.3
62, 8, 5.6, 5.7, 5.5, 5.0, 2.3, 7.2, 7.3, 7.2, 6.8, 7.3, 3.4, 4.5, 4.4, 4.6
62, 9, 5.2, 5.6, 5.7, 5.5, 3.3, 6.7, 7.0, 7.1, 6.9, 7.1, 3.4, 4.2, 4.5, 4.5
62,10, 4.5, 5.2, 5.6, 5.7, 4.2, 6.2, 6.7, 7.1, 7.1, 7.1, 4.0, 4.3, 5.1, 5.1
62,11, 3.3, 4.0, 4.4, 4.7, 3.8, 4.4, 4.9, 5.3, 5.5, 5.5, 3.1, 2.9, 3.6, 3.8
62,12, 2.7, 3.3, 3.8, 4.1, 3.6, 3.6, 4.2, 4.5, 4.8, 4.8, 2.9, 2.4, 3.1, 3.4
63, 1, 2.5, 3.0, 3.3, 3.4, 2.8, 3.2, 3.5, 3.8, 3.9, 3.9, 2.0, 1.7, 2.2, 2.4
63, 2, 3.9, 4.7, 5.2, 5.4, 4.2, 5.5, 6.1, 6.5, 6.6, 6.6, 3.9, 4.0, 4.8, 4.9
63, 3, 4.7, 5.2, 5.3, 5.2, 3.3, 6.1, 6.5, 6.6, 6.5, 6.6, 3.4, 4.1, 4.4, 4.5
63, 4, 5.7, 6.0, 5.9, 5.5, 2.8, 7.5, 7.7, 7.6, 7.3, 7.7, 3.7, 4.9, 5.0, 5.1
63, 5, 6.4, 6.4, 6.0, 5.4, 2.2, 8.3, 8.3, 8.1, 7.6, 8.4, 4.1, 5.3, 5.1, 5.4
63, 6, 6.1, 5.9, 5.5, 4.8, 1.8, 7.6, 7.5, 7.2, 6.7, 7.7, 3.6, 4.6, 4.3, 4.7
63, 7, 5.7, 5.6, 5.3, 4.6, 1.9, 7.1, 7.1, 6.8, 6.3, 7.2, 3.1, 4.1, 3.8, 4.1
63, 8, 6.1, 6.3, 6.1, 5.5, 2.5, 7.9, 8.0, 7.9, 7.5, 8.1, 3.9, 5.1, 5.1, 5.2
63, 9, 4.8, 5.1, 5.2, 5.0, 2.9, 6.2, 6.4, 6.5, 6.3, 6.5, 3.0, 3.8, 4.1, 4.1
63,10, 4.8, 5.6, 6.1, 6.2, 4.5, 6.7, 7.3, 7.6, 7.7, 7.7, 4.3, 4.7, 5.4, 5.5
63,11, 2.9, 3.5, 3.9, 4.0, 3.3, 3.8, 4.2, 4.5, 4.7, 4.7, 2.4, 2.2, 2.8, 2.9
63,12, 2.5, 3.0, 3.4, 3.7, 3.1, 3.3, 3.7, 4.0, 4.2, 4.2, 2.3, 1.9, 2.6, 2.8
64, 1, 2.3, 2.8, 3.0, 3.2, 2.6, 3.0, 3.3, 3.5, 3.6, 3.6, 1.8, 1.5, 2.0, 2.1
64, 2, 3.5, 4.1, 4.4, 4.6, 3.5, 4.7, 5.1, 5.4, 5.5, 5.5, 2.9, 3.0, 3.6, 3.7
64, 3, 4.2, 4.6, 4.7, 4.6, 2.9, 5.4, 5.7, 5.8, 5.7, 5.8, 2.6, 3.2, 3.5, 3.5
64, 4, 4.9, 5.0, 4.9, 4.6, 2.4, 5.9, 6.1, 6.0, 5.7, 6.1, 2.5, 3.3, 3.3, 3.4
64, 5, 6.3, 6.3, 5.9, 5.2, 2.1, 8.1, 8.1, 7.8, 7.3, 8.1, 4.0, 5.2, 5.0, 5.3
64, 6, 6.3, 6.2, 5.7, 5.0, 1.8, 7.9, 7.8, 7.5, 7.0, 8.0, 3.8, 4.9, 4.6, 4.9
64, 7, 5.4, 5.3, 5.0, 4.4, 1.9, 6.4, 6.3, 6.1, 5.7, 6.4, 2.6, 3.3, 3.1, 3.3
64, 8, 5.5, 5.6, 5.4, 5.0, 2.4, 6.8, 6.9, 6.8, 6.4, 6.9, 3.0, 3.9, 3.9, 4.0
64, 9, 5.0, 5.4, 5.5, 5.3, 3.1, 6.5, 6.8, 6.8, 6.7, 6.9, 3.3, 4.0, 4.3, 4.3
64,10, 4.2, 4.9, 5.3, 5.4, 3.9, 5.7, 6.2, 6.5, 6.6, 6.6, 3.6, 3.9, 4.5, 4.6
64,11, 3.0, 3.5, 4.0, 4.1, 3.4, 4.0, 4.4, 4.7, 4.8, 4.9, 2.6, 2.4, 3.0, 3.2
64,12, 2.3, 2.8, 3.1, 3.3, 2.8, 2.9, 3.3, 3.6, 3.7, 3.8, 1.9, 1.5, 2.0, 2.2
65, 1, 3.0, 3.7, 4.2, 4.5, 3.8, 4.1, 4.7, 5.1, 5.3, 5.3, 3.0, 2.7, 3.4, 3.7
65, 2, 3.4, 3.9, 4.2, 4.2, 3.1, 4.3, 4.6, 4.9, 4.9, 4.9, 2.4, 2.5, 3.0, 3.0
65, 3, 4.2, 4.5, 4.7, 4.6, 3.0, 5.2, 5.5, 5.6, 5.5, 5.6, 2.5, 2.9, 3.3, 3.3
65, 4, 5.6, 5.8, 5.7, 5.3, 2.7, 7.0, 7.2, 7.2, 6.9, 7.2, 3.3, 4.2, 4.3, 4.4
65, 5, 6.1, 6.0, 5.7, 5.1, 2.2, 7.5, 7.6, 7.3, 6.9, 7.6, 3.3, 4.3, 4.2, 4.4
65, 6, 6.5, 6.3, 5.9, 5.1, 1.9, 8.1, 8.0, 7.7, 7.1, 8.2, 3.9, 5.0, 4.7, 5.1
65, 7, 5.8, 5.8, 5.4, 4.8, 1.9, 7.1, 7.0, 6.8, 6.3, 7.1, 3.1, 3.9, 3.7, 4.0
65, 8, 5.2, 5.3, 5.2, 4.7, 2.3, 6.3, 6.4, 6.3, 5.9, 6.4, 2.5, 3.3, 3.2, 3.3
65, 9, 4.5, 4.8, 4.8, 4.6, 2.7, 5.6, 5.8, 5.8, 5.7, 5.9, 2.3, 3.0, 3.2, 3.2
65,10, 4.5, 5.3, 5.7, 5.8, 4.3, 6.2, 6.7, 7.1, 7.2, 7.2, 4.0, 4.3, 5.0, 5.1
65,11, 3.2, 3.8, 4.3, 4.5, 3.7, 4.1, 4.6, 5.0, 5.2, 5.2, 2.7, 2.4, 3.1, 3.3
65,12, 2.6, 3.3, 3.8, 4.1, 3.5, 3.6, 4.1, 4.4, 4.7, 4.7, 2.7, 2.2, 2.9, 3.2
66, 1, 2.5, 2.9, 3.2, 3.3, 2.7, 3.1, 3.4, 3.6, 3.7, 3.7, 1.7, 1.5, 2.0, 2.1
66, 2, 3.3, 3.8, 4.1, 4.2, 3.2, 4.3, 4.6, 4.9, 4.9, 5.0, 2.4, 2.4, 3.0, 3.0
66, 3, 4.5, 4.9, 5.1, 5.0, 3.3, 5.9, 6.3, 6.4, 6.3, 6.4, 2.9, 3.6, 3.9, 3.9
66, 4, 5.6, 5.8, 5.7, 5.3, 2.8, 7.1, 7.3, 7.3, 7.0, 7.3, 3.5, 4.5, 4.6, 4.7
66, 5, 5.6, 5.5, 5.2, 4.7, 2.0, 6.8, 6.7, 6.5, 6.1, 6.8, 2.9, 3.8, 3.6, 3.8
66, 6, 6.5, 6.3, 5.8, 5.1, 1.9, 8.1, 8.0, 7.7, 7.1, 8.2, 3.9, 5.0, 4.7, 5.1
66, 7, 6.0, 5.9, 5.5, 4.8, 2.0, 7.3, 7.3, 7.0, 6.5, 7.4, 3.2, 4.2, 3.9, 4.2
66, 8, 5.4, 5.5, 5.3, 4.9, 2.4, 6.5, 6.6, 6.5, 6.2, 6.7, 2.7, 3.5, 3.5, 3.6
66, 9, 4.9, 5.2, 5.3, 5.1, 3.0, 6.2, 6.5, 6.6, 6.4, 6.6, 3.0, 3.7, 3.9, 3.9
66,10, 4.2, 4.8, 5.1, 5.2, 3.8, 5.5, 6.0, 6.3, 6.3, 6.4, 3.4, 3.7, 4.3, 4.3
66,11, 3.2, 4.0, 4.5, 4.7, 3.9, 4.4, 5.0, 5.4, 5.6, 5.6, 3.2, 2.9, 3.6, 3.8
66,12, 2.3, 2.8, 3.2, 3.3, 2.8, 3.0, 3.3, 3.6, 3.7, 3.8, 1.9, 1.5, 2.1, 2.2
67, 1, 2.7, 3.3, 3.7, 3.9, 3.2, 3.6, 4.0, 4.3, 4.4, 4.5, 2.4, 2.1, 2.7, 2.9
67, 2, 3.8, 4.4, 4.8, 5.0, 3.8, 5.1, 5.6, 5.9, 6.0, 6.1, 3.3, 3.4, 4.1, 4.2
67, 3, 5.0, 5.6, 5.8, 5.8, 3.7, 6.8, 7.3, 7.5, 7.4, 7.5, 3.9, 4.7, 5.2, 5.2
67, 4, 5.7, 6.0, 5.9, 5.5, 2.8, 7.6, 7.8, 7.8, 7.5, 7.8, 3.7, 4.9, 5.0, 5.0
67, 5, 6.3, 6.2, 5.9, 5.2, 2.1, 7.8, 7.8, 7.6, 7.1, 7.9, 3.8, 4.9, 4.7, 4.9
67, 6, 6.8, 6.7, 6.2, 5.3, 1.9, 8.7, 8.6, 8.2, 7.6, 8.7, 4.3, 5.6, 5.2, 5.6
67, 7, 5.6, 5.5, 5.2, 4.6, 1.9, 6.7, 6.7, 6.4, 6.0, 6.8, 2.7, 3.5, 3.3, 3.5
67, 8, 5.0, 5.0, 4.8, 4.4, 2.2, 5.9, 6.0, 5.9, 5.6, 6.0, 2.4, 3.1, 3.1, 3.2
67, 9, 5.0, 5.4, 5.4, 5.2, 3.1, 6.5, 6.8, 6.8, 6.7, 6.9, 3.2, 4.0, 4.3, 4.3
67,10, 4.6, 5.4, 5.8, 5.9, 4.3, 6.4, 6.9, 7.3, 7.3, 7.3, 4.1, 4.5, 5.2, 5.3
67,11, 3.6, 4.4, 5.1, 5.4, 4.5, 5.0, 5.7, 6.1, 6.4, 6.4, 3.9, 3.6, 4.5, 4.7
67,12, 2.4, 2.9, 3.3, 3.5, 3.0, 3.1, 3.5, 3.8, 3.9, 4.0, 2.1, 1.7, 2.3, 2.5
68, 1, 2.8, 3.3, 3.8, 4.0, 3.3, 3.6, 4.0, 4.4, 4.5, 4.6, 2.5, 2.2, 2.8, 3.0
68, 2, 3.9, 4.6, 5.0, 5.2, 4.0, 5.4, 5.9, 6.3, 6.4, 6.4, 3.8, 3.9, 4.7, 4.8
68, 3, 4.5, 4.9, 5.1, 5.0, 3.2, 5.9, 6.2, 6.3, 6.3, 6.3, 3.1, 3.8, 4.1, 4.2
68, 4, 5.0, 5.1, 5.0, 4.7, 2.4, 6.2, 6.3, 6.2, 5.9, 6.3, 2.7, 3.5, 3.6, 3.7
68, 5, 6.2, 6.2, 5.8, 5.2, 2.1, 7.9, 7.9, 7.6, 7.2, 8.0, 3.9, 5.1, 4.9, 5.2
68, 6, 6.2, 6.1, 5.6, 4.9, 1.8, 7.8, 7.7, 7.4, 6.8, 7.8, 3.7, 4.7, 4.4, 4.8
68, 7, 6.0, 5.9, 5.5, 4.9, 2.0, 7.3, 7.3, 7.0, 6.5, 7.4, 3.3, 4.2, 4.0, 4.2
68, 8, 5.6, 5.7, 5.6, 5.1, 2.4, 7.0, 7.1, 7.0, 6.6, 7.1, 3.3, 4.2, 4.2, 4.3
68, 9, 4.8, 5.2, 5.3, 5.1, 3.1, 6.3, 6.6, 6.7, 6.6, 6.7, 3.3, 4.1, 4.3, 4.4
68,10, 4.2, 4.8, 5.2, 5.3, 3.9, 5.6, 6.1, 6.4, 6.4, 6.5, 3.3, 3.6, 4.2, 4.3
68,11, 3.1, 3.8, 4.3, 4.5, 3.7, 4.3, 4.8, 5.2, 5.4, 5.4, 3.1, 2.9, 3.6, 3.8
68,12, 2.7, 3.4, 4.0, 4.3, 3.7, 3.8, 4.3, 4.7, 5.0, 5.0, 3.0, 2.5, 3.3, 3.6
69, 1, 2.6, 3.1, 3.5, 3.7, 3.1, 3.3, 3.7, 4.0, 4.2, 4.2, 2.2, 1.9, 2.4, 2.6
69, 2, 3.4, 3.9, 4.2, 4.3, 3.2, 4.2, 4.6, 4.8, 4.9, 4.9, 2.5, 2.4, 2.9, 3.0
69, 3, 4.3, 4.7, 4.8, 4.7, 3.0, 5.6, 5.9, 6.0, 5.9, 6.0, 2.9, 3.6, 3.9, 3.9
69, 4, 5.5, 5.7, 5.6, 5.2, 2.6, 7.2, 7.3, 7.3, 7.0, 7.4, 3.7, 4.8, 4.9, 5.0
69, 5, 6.4, 6.3, 5.9, 5.2, 2.0, 8.2, 8.2, 8.0, 7.5, 8.3, 4.2, 5.6, 5.3, 5.6
69, 6, 7.1, 6.9, 6.3, 5.4, 1.9, 9.3, 9.1, 8.8, 8.1, 9.4, 4.9, 6.3, 5.9, 6.4
69, 7, 5.6, 5.5, 5.2, 4.5, 1.9, 6.8, 6.7, 6.5, 6.0, 6.8, 3.0, 3.8, 3.5, 3.8
69, 8, 5.9, 6.0, 5.8, 5.3, 2.5, 7.4, 7.6, 7.4, 7.0, 7.6, 3.5, 4.6, 4.5, 4.7
69, 9, 5.5, 6.0, 6.1, 5.9, 3.4, 7.4, 7.7, 7.8, 7.6, 7.8, 3.9, 4.9, 5.2, 5.2
69,10, 4.0, 4.5, 4.8, 4.8, 3.4, 5.3, 5.7, 5.9, 5.9, 5.9, 3.0, 3.3, 3.9, 3.9
69,11, 3.5, 4.3, 4.8, 5.1, 4.3, 4.9, 5.5, 5.9, 6.1, 6.2, 3.7, 3.4, 4.3, 4.5
69,12, 2.7, 3.3, 3.8, 4.1, 3.6, 3.6, 4.1, 4.5, 4.7, 4.8, 2.8, 2.3, 3.1, 3.3
70, 1, 2.7, 3.2, 3.6, 3.8, 3.2, 3.5, 3.9, 4.2, 4.4, 4.4, 2.3, 2.0, 2.6, 2.8
70, 2, 3.9, 4.7, 5.1, 5.3, 4.1, 5.5, 6.0, 6.4, 6.5, 6.6, 3.7, 3.8, 4.6, 4.7
70, 3, 4.3, 4.7, 4.8, 4.7, 3.0, 5.5, 5.8, 5.9, 5.8, 5.9, 2.7, 3.3, 3.6, 3.6
70, 4, 5.4, 5.6, 5.6, 5.2, 2.7, 6.8, 7.0, 7.0, 6.7, 7.1, 3.3, 4.2, 4.3, 4.3
70, 5, 6.3, 6.3, 5.9, 5.2, 2.1, 8.0, 8.0, 7.8, 7.3, 8.1, 4.0, 5.2, 5.0, 5.3
70, 6, 6.5, 6.3, 5.8, 5.1, 1.9, 8.2, 8.1, 7.8, 7.2, 8.3, 4.0, 5.1, 4.8, 5.2
70, 7, 5.8, 5.7, 5.3, 4.7, 1.9, 6.9, 6.9, 6.6, 6.2, 7.0, 3.0, 3.8, 3.6, 3.8
70, 8, 5.1, 5.1, 4.9, 4.5, 2.2, 6.1, 6.2, 6.1, 5.7, 6.2, 2.4, 3.1, 3.1, 3.2
70, 9, 5.0, 5.4, 5.5, 5.3, 3.1, 6.5, 6.8, 6.9, 6.7, 6.9, 3.2, 4.0, 4.2, 4.2
70,10, 4.0, 4.6, 4.9, 5.0, 3.6, 5.3, 5.7, 5.9, 6.0, 6.0, 3.1, 3.3, 3.8, 3.9
70,11, 3.5, 4.4, 5.0, 5.3, 4.4, 5.0, 5.7, 6.1, 6.4, 6.4, 4.0, 3.7, 4.6, 4.9
70,12, 2.7, 3.5, 4.0, 4.3, 3.8, 3.8, 4.3, 4.8, 5.0, 5.1, 3.0, 2.5, 3.3, 3.6
71, 1, 2.8, 3.4, 3.8, 4.1, 3.4, 3.7, 4.2, 4.5, 4.7, 4.7, 2.5, 2.2, 2.8, 3.0
71, 2, 4.0, 4.8, 5.3, 5.5, 4.3, 5.6, 6.1, 6.5, 6.7, 6.7, 3.9, 4.0, 4.8, 4.9
71, 3, 4.8, 5.2, 5.4, 5.3, 3.4, 6.3, 6.7, 6.9, 6.8, 6.9, 3.5, 4.2, 4.6, 4.7
71, 4, 5.7, 6.0, 5.9, 5.5, 2.8, 7.5, 7.7, 7.7, 7.4, 7.7, 3.8, 4.9, 5.1, 5.1
71, 5, 6.3, 6.2, 5.8, 5.2, 2.1, 8.1, 8.1, 7.8, 7.3, 8.1, 4.0, 5.3, 5.0, 5.3
71, 6, 6.0, 5.9, 5.4, 4.7, 1.8, 7.3, 7.3, 7.0, 6.5, 7.4, 3.4, 4.3, 4.0, 4.3
71, 7, 5.6, 5.5, 5.1, 4.5, 1.9, 6.8, 6.7, 6.4, 6.0, 6.8, 2.9, 3.7, 3.5, 3.7
71, 8, 5.8, 5.9, 5.7, 5.2, 2.4, 7.3, 7.4, 7.3, 6.9, 7.4, 3.4, 4.5, 4.4, 4.6
71, 9, 4.3, 4.6, 4.6, 4.4, 2.7, 5.2, 5.4, 5.4, 5.3, 5.4, 2.1, 2.5, 2.7, 2.7
71,10, 4.4, 5.2, 5.6, 5.7, 4.2, 6.1, 6.6, 6.9, 7.0, 7.0, 3.8, 4.1, 4.8, 4.8
71,11, 3.3, 4.0, 4.5, 4.7, 3.9, 4.6, 5.1, 5.5, 5.7, 5.7, 3.2, 3.0, 3.8, 4.0
71,12, 2.3, 2.8, 3.1, 3.3, 2.8, 2.9, 3.3, 3.5, 3.7, 3.7, 1.8, 1.5, 2.0, 2.2
72, 1, 2.7, 3.3, 3.7, 3.9, 3.3, 3.5, 4.0, 4.3, 4.5, 4.5, 2.4, 2.0, 2.7, 2.8
72, 2, 3.5, 4.1, 4.4, 4.6, 3.5, 4.6, 5.1, 5.3, 5.4, 5.4, 2.7, 2.7, 3.3, 3.4
72, 3, 4.9, 5.4, 5.6, 5.5, 3.6, 6.6, 7.0, 7.2, 7.1, 7.2, 3.7, 4.5, 4.9, 4.9
72, 4, 5.9, 6.1, 6.0, 5.6, 2.8, 7.8, 8.1, 8.0, 7.7, 8.1, 4.0, 5.3, 5.4, 5.4
72, 5, 6.4, 6.3, 5.9, 5.3, 2.1, 8.1, 8.1, 7.9, 7.4, 8.2, 4.1, 5.4, 5.2, 5.4
72, 6, 6.7, 6.5, 6.1, 5.3, 1.9, 8.4, 8.3, 7.9, 7.4, 8.4, 4.1, 5.3, 4.9, 5.3
72, 7, 5.8, 5.8, 5.4, 4.8, 1.9, 7.2, 7.1, 6.9, 6.4, 7.2, 3.1, 4.0, 3.8, 4.0
72, 8, 6.1, 6.2, 6.0, 5.5, 2.5, 7.8, 7.9, 7.8, 7.4, 7.9, 3.8, 4.9, 4.8, 5.0
72, 9, 5.1, 5.6, 5.7, 5.4, 3.2, 6.8, 7.1, 7.2, 7.0, 7.2, 3.4, 4.2, 4.5, 4.5
72,10, 4.2, 4.8, 5.2, 5.2, 3.7, 5.6, 6.1, 6.4, 6.4, 6.4, 3.4, 3.7, 4.3, 4.3
72,11, 2.7, 3.2, 3.5, 3.6, 2.9, 3.5, 3.8, 4.0, 4.1, 4.2, 2.0, 1.9, 2.3, 2.4
72,12, 2.4, 2.9, 3.3, 3.5, 3.0, 3.1, 3.5, 3.8, 4.0, 4.0, 2.1, 1.7, 2.3, 2.5
73, 1, 2.7, 3.1, 3.5, 3.7, 3.0, 3.4, 3.8, 4.0, 4.2, 4.2, 2.1, 1.9, 2.4, 2.6
73, 2, 3.8, 4.4, 4.8, 5.0, 3.9, 5.1, 5.6, 5.9, 6.0, 6.0, 3.4, 3.4, 4.1, 4.2
73, 3, 3.8, 4.0, 4.1, 4.0, 2.6, 4.5, 4.8, 4.8, 4.7, 4.8, 1.9, 2.2, 2.5, 2.5
73, 4, 5.7, 5.9, 5.8, 5.4, 2.8, 7.4, 7.6, 7.5, 7.2, 7.6, 3.7, 4.8, 4.9, 5.0
73, 5, 6.1, 6.1, 5.7, 5.1, 2.1, 7.7, 7.7, 7.5, 7.0, 7.8, 3.7, 4.9, 4.7, 5.0
73, 6, 6.1, 6.0, 5.5, 4.8, 1.9, 7.5, 7.4, 7.1, 6.6, 7.5, 3.4, 4.3, 4.0, 4.4
73, 7, 6.1, 6.0, 5.6, 4.9, 1.9, 7.6, 7.6, 7.3, 6.8, 7.7, 3.5, 4.5, 4.3, 4.6
73, 8, 5.5, 5.7, 5.5, 5.0, 2.4, 6.9, 7.0, 6.9, 6.6, 7.1, 3.0, 3.9, 3.9, 4.0
73, 9, 4.4, 4.7, 4.8, 4.6, 2.8, 5.5, 5.7, 5.8, 5.6, 5.8, 2.4, 2.9, 3.1, 3.1
73,10, 4.6, 5.3, 5.7, 5.8, 4.3, 6.2, 6.8, 7.1, 7.2, 7.2, 4.0, 4.3, 5.0, 5.0
73,11, 3.5, 4.4, 5.0, 5.3, 4.5, 5.0, 5.7, 6.1, 6.4, 6.4, 3.9, 3.6, 4.5, 4.8
73,12, 3.0, 3.9, 4.6, 4.9, 4.4, 4.3, 5.0, 5.5, 5.8, 5.9, 3.7, 3.1, 4.1, 4.4
74, 1, 2.3, 2.6, 2.8, 2.8, 2.3, 2.7, 3.0, 3.1, 3.2, 3.2, 1.2, 1.1, 1.4, 1.5
74, 2, 4.1, 4.9, 5.4, 5.6, 4.3, 5.8, 6.4, 6.8, 6.9, 6.9, 4.0, 4.2, 5.0, 5.1
74, 3, 4.5, 4.9, 5.1, 5.0, 3.3, 5.9, 6.3, 6.4, 6.3, 6.4, 3.0, 3.6, 4.0, 4.0
74, 4, 5.5, 5.7, 5.6, 5.2, 2.6, 7.1, 7.3, 7.2, 6.9, 7.3, 3.4, 4.5, 4.6, 4.7
74, 5, 5.8, 5.8, 5.5, 4.9, 2.1, 7.3, 7.3, 7.0, 6.6, 7.3, 3.2, 4.2, 4.0, 4.2
74, 6, 6.5, 6.3, 5.8, 5.0, 1.8, 8.1, 8.1, 7.7, 7.2, 8.2, 4.0, 5.1, 4.8, 5.2
74, 7, 5.9, 5.9, 5.5, 4.8, 2.0, 7.2, 7.1, 6.8, 6.4, 7.2, 3.2, 4.0, 3.7, 4.0
74, 8, 5.3, 5.4, 5.2, 4.8, 2.3, 6.5, 6.6, 6.4, 6.1, 6.6, 2.7, 3.5, 3.5, 3.6
74, 9, 4.8, 5.2, 5.3, 5.1, 3.0, 6.1, 6.4, 6.4, 6.3, 6.4, 2.9, 3.5, 3.8, 3.8
74,10, 4.7, 5.5, 5.9, 6.0, 4.3, 6.6, 7.2, 7.5, 7.6, 7.6, 4.3, 4.8, 5.5, 5.5
74,11, 3.2, 3.9, 4.4, 4.7, 3.9, 4.4, 4.9, 5.3, 5.5, 5.6, 3.1, 2.8, 3.6, 3.8
74,12, 2.6, 3.2, 3.7, 3.9, 3.4, 3.5, 3.9, 4.3, 4.5, 4.5, 2.5, 2.0, 2.7, 2.9
75, 1, 2.7, 3.3, 3.7, 4.0, 3.3, 3.6, 4.1, 4.4, 4.6, 4.6, 2.5, 2.2, 2.8, 3.0
75, 2, 3.5, 4.0, 4.3, 4.4, 3.4, 4.6, 5.0, 5.2, 5.3, 5.3, 2.7, 2.8, 3.3, 3.4
75, 3, 4.2, 4.6, 4.7, 4.6, 3.0, 5.4, 5.7, 5.8, 5.7, 5.8, 2.5, 3.0, 3.4, 3.4
75, 4, 4.8, 4.9, 4.8, 4.5, 2.4, 5.8, 5.9, 5.8, 5.6, 5.9, 2.2, 2.9, 3.0, 3.0
75, 5, 5.8, 5.8, 5.4, 4.8, 2.1, 7.1, 7.1, 6.9, 6.4, 7.2, 3.2, 4.1, 3.9, 4.1
75, 6, 5.8, 5.6, 5.2, 4.5, 1.8, 7.1, 7.0, 6.8, 6.3, 7.2, 2.9, 3.8, 3.6, 3.9
75, 7, 5.4, 5.3, 5.0, 4.4, 1.9, 6.4, 6.4, 6.1, 5.7, 6.5, 2.4, 3.1, 2.9, 3.2
75, 8, 5.3, 5.4, 5.2, 4.8, 2.3, 6.5, 6.6, 6.4, 6.1, 6.6, 2.7, 3.5, 3.5, 3.5
75, 9, 5.0, 5.4, 5.5, 5.3, 3.2, 6.5, 6.8, 6.9, 6.7, 6.9, 3.3, 4.1, 4.4, 4.4
75,10, 4.1, 4.7, 5.1, 5.1, 3.7, 5.5, 5.9, 6.2, 6.2, 6.3, 3.3, 3.5, 4.1, 4.1
75,11, 3.2, 3.8, 4.3, 4.5, 3.7, 4.3, 4.8, 5.1, 5.3, 5.3, 3.0, 2.7, 3.4, 3.6
75,12, 2.7, 3.4, 3.9, 4.2, 3.7, 3.8, 4.3, 4.7, 4.9, 5.0, 2.9, 2.4, 3.2, 3.5
76, 1, 3.1, 3.9, 4.5, 4.8, 4.2, 4.5, 5.1, 5.5, 5.8, 5.8, 3.6, 3.2, 4.1, 4.4
76, 2, 4.2, 5.0, 5.5, 5.7, 4.4, 6.0, 6.6, 7.0, 7.1, 7.2, 4.2, 4.4, 5.3, 5.4
76, 3, 4.0, 4.3, 4.4, 4.3, 2.8, 4.8, 5.1, 5.2, 5.1, 5.2, 2.1, 2.4, 2.7, 2.7
76, 4, 5.8, 6.1, 6.0, 5.6, 2.8, 7.7, 7.9, 7.8, 7.5, 7.9, 3.8, 5.0, 5.1, 5.2
76, 5, 6.0, 5.9, 5.6, 5.0, 2.1, 7.5, 7.5, 7.3, 6.8, 7.6, 3.5, 4.6, 4.4, 4.7
76, 6, 6.4, 6.3, 5.8, 5.0, 1.9, 8.1, 8.0, 7.6, 7.1, 8.1, 3.8, 4.9, 4.6, 4.9
76, 7, 5.6, 5.5, 5.2, 4.6, 1.9, 6.6, 6.6, 6.4, 5.9, 6.7, 2.7, 3.4, 3.2, 3.5
76, 8, 6.1, 6.2, 6.0, 5.5, 2.5, 7.9, 8.0, 7.8, 7.5, 8.0, 3.9, 5.1, 5.1, 5.2
76, 9, 5.0, 5.3, 5.4, 5.2, 3.0, 6.3, 6.6, 6.6, 6.4, 6.6, 3.0, 3.7, 3.9, 3.9
76,10, 4.2, 4.8, 5.1, 5.2, 3.7, 5.6, 6.1, 6.3, 6.4, 6.4, 3.4, 3.7, 4.3, 4.4
76,11, 3.1, 3.7, 4.2, 4.4, 3.5, 4.2, 4.7, 5.0, 5.1, 5.2, 2.8, 2.7, 3.3, 3.5
76,12, 2.6, 3.2, 3.7, 4.0, 3.4, 3.5, 4.0, 4.3, 4.6, 4.6, 2.6, 2.2, 2.8, 3.1
77, 1, 2.7, 3.3, 3.7, 3.9, 3.3, 3.6, 4.1, 4.4, 4.5, 4.6, 2.5, 2.2, 2.8, 3.0
77, 2, 4.0, 4.8, 5.3, 5.5, 4.2, 5.7, 6.2, 6.6, 6.8, 6.8, 3.9, 4.0, 4.8, 4.9
77, 3, 3.9, 4.2, 4.3, 4.2, 2.8, 4.8, 5.1, 5.1, 5.1, 5.2, 2.0, 2.4, 2.7, 2.7
77, 4, 5.8, 6.1, 6.0, 5.6, 2.8, 7.7, 7.9, 7.8, 7.5, 7.9, 3.8, 5.1, 5.2, 5.2
77, 5, 6.3, 6.3, 5.9, 5.2, 2.1, 7.9, 7.9, 7.7, 7.2, 8.0, 3.9, 5.0, 4.8, 5.1
77, 6, 6.8, 6.6, 6.1, 5.3, 1.9, 8.8, 8.7, 8.3, 7.8, 8.9, 4.5, 5.8, 5.4, 5.9
77, 7, 6.2, 6.1, 5.7, 5.0, 2.0, 7.8, 7.7, 7.4, 7.0, 7.9, 3.7, 4.7, 4.4, 4.8
77, 8, 4.7, 4.7, 4.5, 4.1, 2.1, 5.5, 5.5, 5.4, 5.1, 5.5, 1.8, 2.3, 2.3, 2.4
77, 9, 4.6, 4.9, 5.0, 4.8, 2.9, 5.8, 6.1, 6.1, 6.0, 6.1, 2.5, 3.1, 3.4, 3.4
77,10, 4.3, 5.0, 5.4, 5.5, 4.0, 5.9, 6.4, 6.7, 6.8, 6.8, 3.6, 4.0, 4.6, 4.7
77,11, 2.9, 3.4, 3.8, 3.9, 3.2, 3.7, 4.1, 4.4, 4.6, 4.6, 2.3, 2.1, 2.7, 2.8
77,12, 2.8, 3.6, 4.2, 4.5, 4.0, 4.0, 4.6, 5.0, 5.3, 5.3, 3.2, 2.7, 3.5, 3.8
78, 1, 2.5, 2.9, 3.2, 3.3, 2.7, 3.0, 3.3, 3.6, 3.7, 3.7, 1.7, 1.5, 1.9, 2.0
78, 2, 3.7, 4.3, 4.6, 4.8, 3.6, 4.9, 5.4, 5.7, 5.8, 5.8, 3.1, 3.2, 3.8, 3.9
78, 3, 4.5, 4.9, 5.1, 5.0, 3.2, 6.0, 6.3, 6.4, 6.3, 6.4, 3.0, 3.7, 4.1, 4.1
78, 4, 5.8, 6.1, 6.0, 5.6, 2.8, 7.7, 7.9, 7.8, 7.5, 7.9, 3.9, 5.2, 5.2, 5.3
78, 5, 6.0, 5.9, 5.6, 4.9, 2.0, 7.6, 7.6, 7.4, 6.9, 7.7, 3.7, 4.9, 4.7, 4.9
78, 6, 6.0, 5.9, 5.4, 4.7, 1.8, 7.5, 7.4, 7.1, 6.6, 7.5, 3.3, 4.3, 4.0, 4.4
78, 7, 5.6, 5.5, 5.2, 4.5, 1.9, 6.8, 6.8, 6.5, 6.1, 6.9, 2.8, 3.6, 3.3, 3.6
78, 8, 5.5, 5.6, 5.4, 4.9, 2.3, 6.8, 6.9, 6.8, 6.4, 6.9, 3.0, 3.9, 3.8, 3.9
78, 9, 4.8, 5.1, 5.1, 4.9, 2.9, 6.0, 6.2, 6.3, 6.1, 6.3, 2.8, 3.4, 3.7, 3.7
78,10, 4.9, 5.8, 6.3, 6.5, 4.7, 7.0, 7.6, 8.0, 8.1, 8.1, 4.8, 5.2, 6.0, 6.1
78,11, 3.2, 3.8, 4.2, 4.4, 3.6, 4.2, 4.7, 5.0, 5.2, 5.2, 2.8, 2.6, 3.3, 3.5
78,12, 2.6, 3.2, 3.7, 3.9, 3.4, 3.5, 3.9, 4.3, 4.5, 4.6, 2.6, 2.1, 2.8, 3.0
79, 1, 2.5, 3.0, 3.3, 3.5, 2.9, 3.2, 3.5, 3.8, 3.9, 4.0, 2.0, 1.7, 2.2, 2.3
79, 2, 3.3, 3.7, 3.9, 4.0, 3.0, 4.1, 4.4, 4.6, 4.7, 4.7, 2.2, 2.2, 2.7, 2.7
79, 3, 4.9, 5.4, 5.6, 5.5, 3.5, 6.5, 6.9, 7.1, 7.0, 7.1, 3.7, 4.4, 4.9, 4.9
79, 4, 4.7, 4.8, 4.7, 4.4, 2.3, 5.7, 5.8, 5.8, 5.5, 5.9, 2.3, 3.0, 3.1, 3.2
79, 5, 5.9, 5.9, 5.5, 4.9, 2.0, 7.4, 7.4, 7.2, 6.8, 7.5, 3.4, 4.5, 4.3, 4.6
79, 6, 6.8, 6.6, 6.1, 5.3, 1.9, 8.7, 8.6, 8.2, 7.6, 8.8, 4.4, 5.6, 5.2, 5.7
79, 7, 5.5, 5.4, 5.1, 4.5, 1.9, 6.5, 6.5, 6.2, 5.8, 6.6, 2.6, 3.3, 3.1, 3.4
79, 8, 5.6, 5.7, 5.5, 5.0, 2.3, 7.1, 7.2, 7.0, 6.7, 7.2, 3.1, 4.1, 4.0, 4.2
79, 9, 4.8, 5.1, 5.2, 5.0, 2.9, 6.1, 6.3, 6.4, 6.2, 6.4, 3.0, 3.7, 3.9, 3.9
79,10, 4.6, 5.3, 5.8, 5.8, 4.2, 6.5, 7.0, 7.4, 7.4, 7.4, 4.1, 4.6, 5.3, 5.4
79,11, 3.5, 4.3, 4.9, 5.2, 4.4, 5.0, 5.6, 6.0, 6.3, 6.3, 3.8, 3.5, 4.4, 4.6
79,12, 2.6, 3.2, 3.7, 4.0, 3.4, 3.5, 4.0, 4.3, 4.6, 4.6, 2.5, 2.1, 2.7, 3.0
80, 1, 2.5, 2.9, 3.2, 3.4, 2.8, 3.1, 3.4, 3.7, 3.8, 3.8, 1.8, 1.5, 2.0, 2.1
80, 2, 3.5, 4.1, 4.5, 4.6, 3.5, 4.7, 5.1, 5.4, 5.4, 5.5, 2.8, 2.8, 3.4, 3.5
80, 3, 3.9, 4.2, 4.3, 4.1, 2.7, 4.7, 5.0, 5.1, 5.0, 5.1, 2.0, 2.4, 2.7, 2.7
80, 4, 5.5, 5.7, 5.6, 5.2, 2.6, 7.1, 7.3, 7.3, 7.0, 7.3, 3.5, 4.6, 4.7, 4.7
80, 5, 5.7, 5.7, 5.4, 4.8, 2.1, 7.1, 7.1, 6.8, 6.4, 7.1, 3.1, 4.1, 3.9, 4.1
80, 6, 6.4, 6.3, 5.8, 5.0, 1.9, 8.1, 8.0, 7.7, 7.2, 8.2, 3.8, 4.9, 4.6, 5.0
80, 7, 6.0, 5.9, 5.5, 4.8, 1.9, 7.5, 7.4, 7.1, 6.7, 7.5, 3.4, 4.4, 4.1, 4.4
80, 8, 5.8, 5.9, 5.7, 5.2, 2.5, 7.3, 7.4, 7.3, 6.9, 7.4, 3.2, 4.2, 4.2, 4.3
80, 9, 4.7, 5.0, 5.1, 4.9, 2.9, 5.9, 6.1, 6.2, 6.0, 6.2, 2.6, 3.3, 3.5, 3.5
80,10, 4.4, 5.1, 5.5, 5.6, 4.0, 6.1, 6.6, 6.8, 6.9, 6.9, 3.8, 4.2, 4.8, 4.9
80,11, 3.1, 3.7, 4.1, 4.3, 3.5, 4.1, 4.6, 4.9, 5.1, 5.1, 2.8, 2.5, 3.2, 3.3
80,12, 3.0, 3.8, 4.5, 4.8, 4.3, 4.2, 4.8, 5.3, 5.6, 5.7, 3.5, 2.9, 3.8, 4.2
81, 1, 3.2, 4.1, 4.7, 5.1, 4.4, 4.6, 5.2, 5.7, 6.0, 6.1, 3.8, 3.3, 4.2, 4.6
81, 2, 3.3, 3.8, 4.1, 4.2, 3.2, 4.3, 4.7, 4.9, 5.0, 5.0, 2.5, 2.6, 3.1, 3.2
81, 3, 4.6, 5.1, 5.3, 5.2, 3.3, 6.2, 6.5, 6.7, 6.6, 6.7, 3.3, 4.1, 4.5, 4.5
81, 4, 5.0, 5.2, 5.1, 4.8, 2.5, 6.3, 6.4, 6.4, 6.1, 6.4, 2.6, 3.4, 3.4, 3.5
81, 5, 5.9, 5.9, 5.6, 5.0, 2.1, 7.3, 7.3, 7.1, 6.7, 7.4, 3.3, 4.3, 4.1, 4.3
81, 6, 5.9, 5.8, 5.3, 4.7, 1.9, 7.2, 7.1, 6.8, 6.3, 7.2, 3.0, 3.8, 3.5, 3.9
81, 7, 6.2, 6.1, 5.7, 5.0, 2.0, 7.8, 7.7, 7.5, 7.0, 7.8, 3.6, 4.6, 4.4, 4.7
81, 8, 5.4, 5.5, 5.3, 4.9, 2.3, 6.8, 6.9, 6.7, 6.4, 6.9, 2.9, 3.8, 3.8, 3.9
81, 9, 5.5, 5.9, 6.1, 5.9, 3.5, 7.3, 7.7, 7.8, 7.6, 7.8, 4.0, 5.0, 5.3, 5.3
81,10, 3.9, 4.4, 4.7, 4.7, 3.3, 5.1, 5.4, 5.7, 5.7, 5.7, 2.8, 3.0, 3.5, 3.5
81,11, 3.4, 4.2, 4.8, 5.1, 4.2, 4.8, 5.3, 5.8, 6.0, 6.1, 3.5, 3.2, 4.1, 4.3
81,12, 2.7, 3.3, 3.9, 4.2, 3.6, 3.7, 4.2, 4.6, 4.8, 4.9, 2.9, 2.4, 3.2, 3.5
82, 1, 2.9, 3.6, 4.1, 4.4, 3.7, 4.0, 4.5, 4.9, 5.1, 5.2, 3.0, 2.6, 3.4, 3.6
82, 2, 3.3, 3.8, 4.1, 4.2, 3.1, 4.3, 4.6, 4.9, 4.9, 4.9, 2.5, 2.6, 3.1, 3.1
82, 3, 4.2, 4.6, 4.7, 4.7, 3.1, 5.3, 5.6, 5.8, 5.7, 5.8, 2.5, 3.0, 3.3, 3.3
82, 4, 5.1, 5.3, 5.2, 4.8, 2.5, 6.3, 6.5, 6.4, 6.2, 6.5, 2.8, 3.6, 3.7, 3.8
82, 5, 6.0, 6.0, 5.7, 5.0, 2.1, 7.6, 7.6, 7.4, 6.9, 7.7, 3.4, 4.5, 4.3, 4.5
82, 6, 6.3, 6.1, 5.7, 4.9, 1.9, 7.7, 7.7, 7.3, 6.8, 7.8, 3.5, 4.4, 4.1, 4.4
82, 7, 5.7, 5.6, 5.2, 4.6, 1.9, 6.9, 6.9, 6.6, 6.2, 7.0, 2.9, 3.7, 3.5, 3.7
82, 8, 5.5, 5.6, 5.4, 5.0, 2.4, 6.6, 6.7, 6.6, 6.2, 6.7, 2.7, 3.5, 3.5, 3.6
82, 9, 5.1, 5.5, 5.6, 5.4, 3.2, 6.6, 6.9, 7.0, 6.9, 7.0, 3.2, 4.0, 4.3, 4.3
82,10, 4.1, 4.6, 5.0, 5.0, 3.7, 5.3, 5.7, 6.0, 6.0, 6.0, 3.0, 3.2, 3.7, 3.8
82,11, 2.7, 3.2, 3.5, 3.6, 2.9, 3.4, 3.8, 4.0, 4.1, 4.1, 1.9, 1.8, 2.2, 2.3
82,12, 2.3, 2.8, 3.1, 3.3, 2.7, 2.8, 3.2, 3.4, 3.6, 3.6, 1.8, 1.4, 1.9, 2.0
83, 1, 2.7, 3.3, 3.7, 3.8, 3.2, 3.5, 3.9, 4.2, 4.4, 4.4, 2.3, 1.9, 2.5, 2.7
83, 2, 3.2, 3.6, 3.9, 4.0, 3.0, 3.9, 4.3, 4.5, 4.6, 4.6, 2.2, 2.1, 2.6, 2.6
83, 3, 4.8, 5.3, 5.5, 5.4, 3.5, 6.2, 6.6, 6.8, 6.7, 6.8, 3.4, 4.0, 4.4, 4.4
83, 4, 5.5, 5.7, 5.6, 5.2, 2.7, 6.9, 7.1, 7.0, 6.7, 7.1, 3.3, 4.2, 4.3, 4.4
83, 5, 5.9, 5.9, 5.5, 4.9, 2.1, 7.2, 7.2, 6.9, 6.5, 7.2, 3.2, 4.1, 3.9, 4.1
83, 6, 5.4, 5.3, 4.9, 4.3, 1.8, 6.4, 6.3, 6.1, 5.6, 6.4, 2.5, 3.1, 2.9, 3.2
83, 7, 5.9, 5.8, 5.4, 4.8, 1.9, 7.3, 7.2, 6.9, 6.5, 7.3, 3.1, 4.1, 3.8, 4.1
83, 8, 5.4, 5.5, 5.3, 4.9, 2.4, 6.5, 6.6, 6.5, 6.2, 6.7, 2.8, 3.5, 3.5, 3.6
83, 9, 4.8, 5.2, 5.3, 5.1, 3.1, 6.1, 6.3, 6.4, 6.3, 6.4, 2.9, 3.5, 3.8, 3.8
83,10, 4.0, 4.5, 4.8, 4.8, 3.4, 5.0, 5.4, 5.7, 5.7, 5.7, 2.7, 2.9, 3.4, 3.4
83,11, 3.0, 3.6, 4.1, 4.3, 3.5, 4.0, 4.5, 4.8, 5.0, 5.0, 2.7, 2.5, 3.1, 3.3
83,12, 2.5, 3.0, 3.4, 3.6, 3.1, 3.2, 3.6, 3.9, 4.1, 4.1, 2.2, 1.8, 2.3, 2.5
84, 1, 2.6, 3.2, 3.6, 3.8, 3.1, 3.3, 3.8, 4.1, 4.3, 4.3, 2.3, 1.9, 2.5, 2.7
84, 2, 3.7, 4.4, 4.8, 4.9, 3.8, 5.0, 5.5, 5.8, 5.9, 5.9, 3.1, 3.2, 3.8, 3.9
84, 3, 4.7, 5.2, 5.4, 5.3, 3.4, 6.2, 6.6, 6.7, 6.7, 6.8, 3.4, 4.0, 4.4, 4.5
84, 4, 5.6, 5.8, 5.7, 5.3, 2.7, 7.2, 7.4, 7.4, 7.1, 7.5, 3.5, 4.7, 4.8, 4.8
84, 5, 6.0, 6.0, 5.7, 5.0, 2.1, 7.5, 7.5, 7.3, 6.8, 7.6, 3.5, 4.5, 4.3, 4.6
84, 6, 5.8, 5.6, 5.2, 4.6, 1.8, 7.0, 6.9, 6.7, 6.2, 7.1, 3.0, 3.9, 3.6, 3.9
84, 7, 5.4, 5.4, 5.0, 4.4, 1.9, 6.5, 6.4, 6.2, 5.8, 6.5, 2.5, 3.2, 3.0, 3.2
84, 8, 4.8, 4.9, 4.8, 4.4, 2.2, 5.8, 5.9, 5.7, 5.4, 5.9, 2.3, 2.9, 2.9, 3.0
84, 9, 5.2, 5.6, 5.7, 5.5, 3.3, 6.8, 7.1, 7.2, 7.0, 7.2, 3.5, 4.3, 4.6, 4.6
84,10, 3.8, 4.3, 4.5, 4.6, 3.3, 4.8, 5.2, 5.4, 5.4, 5.5, 2.5, 2.7, 3.1, 3.1
84,11, 3.2, 3.9, 4.4, 4.7, 3.8, 4.4, 4.9, 5.3, 5.5, 5.5, 3.1, 2.8, 3.6, 3.8
84,12, 2.4, 2.9, 3.3, 3.4, 2.9, 3.0, 3.4, 3.7, 3.9, 3.9, 1.9, 1.6, 2.1, 2.3
85, 1, 2.8, 3.4, 3.8, 4.0, 3.4, 3.7, 4.2, 4.5, 4.7, 4.7, 2.7, 2.3, 3.0, 3.2
85, 2, 3.3, 3.7, 4.0, 4.1, 3.1, 4.1, 4.5, 4.7, 4.8, 4.8, 2.3, 2.4, 2.8, 2.9
85, 3, 4.6, 5.0, 5.3, 5.2, 3.3, 6.0, 6.3, 6.5, 6.4, 6.5, 3.2, 3.8, 4.2, 4.2
85, 4, 5.7, 6.0, 5.9, 5.5, 2.8, 7.5, 7.7, 7.6, 7.3, 7.7, 3.8, 4.9, 5.0, 5.1
85, 5, 6.2, 6.1, 5.8, 5.1, 2.1, 7.8, 7.8, 7.6, 7.1, 7.9, 3.7, 4.8, 4.6, 4.9
85, 6, 5.8, 5.7, 5.3, 4.6, 1.8, 7.2, 7.1, 6.8, 6.3, 7.2, 3.1, 4.0, 3.7, 4.0
85, 7, 5.3, 5.2, 4.8, 4.3, 1.8, 6.3, 6.2, 6.0, 5.6, 6.3, 2.5, 3.2, 3.0, 3.2
85, 8, 5.5, 5.6, 5.4, 4.9, 2.3, 6.7, 6.8, 6.7, 6.4, 6.9, 3.0, 3.8, 3.8, 3.9
85, 9, 4.8, 5.2, 5.2, 5.0, 3.0, 6.2, 6.5, 6.5, 6.4, 6.6, 3.0, 3.7, 4.0, 4.0
85,10, 3.7, 4.1, 4.3, 4.3, 3.0, 4.6, 4.9, 5.1, 5.1, 5.2, 2.4, 2.6, 3.0, 3.0
85,11, 3.2, 3.8, 4.3, 4.5, 3.7, 4.1, 4.7, 5.0, 5.2, 5.2, 2.8, 2.5, 3.2, 3.4
85,12, 2.9, 3.7, 4.3, 4.7, 4.2, 4.1, 4.7, 5.2, 5.5, 5.6, 3.4, 2.8, 3.8, 4.1
86, 1, 3.1, 3.9, 4.5, 4.8, 4.1, 4.5, 5.0, 5.5, 5.7, 5.8, 3.5, 3.1, 4.0, 4.3
86, 2, 3.6, 4.2, 4.6, 4.7, 3.6, 4.8, 5.3, 5.6, 5.6, 5.7, 2.9, 3.1, 3.7, 3.8
86, 3, 5.2, 5.8, 6.1, 6.0, 3.9, 7.2, 7.6, 7.8, 7.8, 7.9, 4.2, 5.1, 5.6, 5.7
86, 4, 5.7, 5.9, 5.8, 5.4, 2.7, 7.4, 7.6, 7.5, 7.2, 7.6, 3.6, 4.8, 4.8, 4.9
86, 5, 5.7, 5.7, 5.4, 4.8, 2.1, 7.1, 7.1, 6.9, 6.5, 7.2, 3.1, 4.1, 3.9, 4.1
86, 6, 5.4, 5.3, 4.9, 4.3, 1.8, 6.6, 6.5, 6.2, 5.8, 6.6, 2.6, 3.3, 3.1, 3.4
86, 7, 5.8, 5.8, 5.4, 4.8, 2.0, 7.2, 7.1, 6.8, 6.4, 7.2, 3.0, 3.9, 3.7, 3.9
86, 8, 5.0, 5.0, 4.9, 4.4, 2.1, 6.1, 6.2, 6.1, 5.8, 6.2, 2.5, 3.3, 3.2, 3.3
86, 9, 4.7, 5.0, 5.1, 4.9, 2.9, 5.9, 6.1, 6.2, 6.0, 6.2, 2.5, 3.1, 3.3, 3.3
86,10, 3.9, 4.4, 4.7, 4.8, 3.5, 5.1, 5.5, 5.7, 5.8, 5.8, 2.8, 3.0, 3.5, 3.6
86,11, 2.3, 2.5, 2.7, 2.7, 2.1, 2.6, 2.8, 2.9, 2.9, 2.9, 1.0, 0.9, 1.1, 1.2
86,12, 2.3, 2.8, 3.1, 3.3, 2.8, 2.9, 3.2, 3.5, 3.6, 3.7, 1.8, 1.5, 2.0, 2.1
87, 1, 2.8, 3.4, 3.8, 4.1, 3.4, 3.8, 4.2, 4.6, 4.8, 4.8, 2.8, 2.4, 3.1, 3.3
87, 2, 3.0, 3.3, 3.5, 3.6, 2.7, 3.6, 3.9, 4.1, 4.1, 4.2, 1.8, 1.9, 2.3, 2.3
87, 3, 4.7, 5.2, 5.4, 5.3, 3.5, 6.3, 6.7, 6.9, 6.8, 6.9, 3.5, 4.3, 4.7, 4.7
87, 4, 6.6, 6.9, 6.8, 6.3, 3.0, 9.1, 9.3, 9.3, 8.9, 9.4, 5.1, 6.8, 6.9, 7.1
87, 5, 5.3, 5.3, 5.0, 4.5, 2.0, 6.6, 6.6, 6.4, 6.0, 6.7, 2.7, 3.5, 3.4, 3.6
87, 6, 5.0, 4.8, 4.5, 4.0, 1.7, 5.8, 5.8, 5.5, 5.1, 5.8, 2.2, 2.8, 2.6, 2.8
87, 7, 5.8, 5.8, 5.4, 4.8, 1.9, 7.1, 7.1, 6.8, 6.4, 7.2, 3.1, 4.0, 3.8, 4.0
87, 8, 5.0, 5.1, 4.9, 4.5, 2.2, 6.2, 6.2, 6.1, 5.8, 6.3, 2.5, 3.3, 3.3, 3.4
87, 9, 5.2, 5.6, 5.6, 5.4, 3.2, 6.9, 7.2, 7.3, 7.1, 7.3, 3.6, 4.6, 4.9, 4.9
87,10, 5.0, 5.8, 6.3, 6.5, 4.7, 7.1, 7.8, 8.1, 8.2, 8.2, 4.9, 5.4, 6.3, 6.3
87,11, 3.3, 4.0, 4.5, 4.8, 3.9, 4.5, 5.0, 5.4, 5.6, 5.7, 3.3, 3.0, 3.8, 4.0
87,12, 2.4, 2.9, 3.3, 3.5, 3.0, 3.1, 3.5, 3.8, 4.0, 4.0, 2.1, 1.7, 2.3, 2.5
88, 1, 2.8, 3.5, 3.9, 4.1, 3.5, 3.8, 4.3, 4.6, 4.8, 4.8, 2.7, 2.4, 3.1, 3.3
88, 2, 3.6, 4.2, 4.6, 4.7, 3.5, 4.8, 5.3, 5.6, 5.7, 5.7, 3.1, 3.3, 3.9, 4.0
88, 3, 4.6, 5.0, 5.2, 5.1, 3.3, 6.2, 6.6, 6.7, 6.6, 6.7, 3.3, 4.2, 4.6, 4.6
88, 4, 5.5, 5.7, 5.6, 5.2, 2.7, 7.1, 7.3, 7.3, 7.0, 7.3, 3.5, 4.6, 4.7, 4.8
88, 5, 6.9, 6.8, 6.4, 5.7, 2.2, 9.2, 9.2, 8.9, 8.4, 9.3, 4.8, 6.5, 6.2, 6.6
88, 6, 6.0, 5.9, 5.5, 4.7, 1.8, 7.5, 7.5, 7.2, 6.7, 7.6, 3.5, 4.5, 4.2, 4.5
88, 7, 5.4, 5.4, 5.0, 4.4, 1.9, 6.6, 6.5, 6.3, 5.9, 6.6, 2.7, 3.5, 3.3, 3.5
88, 8, 5.0, 5.1, 4.9, 4.5, 2.2, 5.9, 6.0, 5.9, 5.6, 6.0, 2.4, 3.0, 3.0, 3.1
88, 9, 4.6, 4.9, 5.0, 4.8, 2.9, 5.8, 6.1, 6.1, 6.0, 6.2, 2.8, 3.4, 3.7, 3.7
88,10, 4.3, 5.0, 5.4, 5.5, 4.0, 5.9, 6.4, 6.7, 6.8, 6.8, 3.7, 4.1, 4.7, 4.8
88,11, 3.2, 4.0, 4.5, 4.7, 3.9, 4.4, 5.0, 5.4, 5.6, 5.6, 3.1, 2.9, 3.6, 3.8
88,12, 2.8, 3.5, 4.1, 4.4, 3.8, 3.8, 4.4, 4.8, 5.1, 5.2, 3.1, 2.6, 3.4, 3.7
89, 1, 2.5, 3.0, 3.3, 3.4, 2.8, 3.1, 3.5, 3.7, 3.8, 3.9, 1.8, 1.6, 2.0, 2.2
89, 2, 3.5, 4.0, 4.3, 4.4, 3.4, 4.5, 4.9, 5.2, 5.3, 5.3, 2.7, 2.7, 3.3, 3.3
89, 3, 4.2, 4.6, 4.7, 4.6, 3.0, 5.4, 5.7, 5.8, 5.7, 5.8, 2.6, 3.2, 3.5, 3.5
89, 4, 5.6, 5.8, 5.7, 5.3, 2.7, 7.2, 7.4, 7.3, 7.0, 7.4, 3.7, 4.8, 4.9, 4.9
89, 5, 5.8, 5.8, 5.5, 4.9, 2.0, 7.3, 7.3, 7.1, 6.6, 7.3, 3.3, 4.3, 4.2, 4.4
89, 6, 5.0, 4.9, 4.6, 4.0, 1.8, 5.9, 5.8, 5.6, 5.2, 5.9, 2.0, 2.6, 2.4, 2.6
89, 7, 5.3, 5.2, 4.9, 4.3, 1.8, 6.3, 6.3, 6.1, 5.7, 6.4, 2.6, 3.3, 3.1, 3.4
89, 8, 5.9, 6.0, 5.8, 5.3, 2.5, 7.5, 7.6, 7.5, 7.1, 7.7, 3.5, 4.6, 4.6, 4.7
89, 9, 4.7, 5.0, 5.0, 4.8, 2.8, 5.9, 6.2, 6.2, 6.1, 6.2, 2.8, 3.5, 3.7, 3.7
89,10, 4.1, 4.8, 5.1, 5.2, 3.8, 5.6, 6.1, 6.4, 6.4, 6.4, 3.4, 3.7, 4.3, 4.4
89,11, 2.8, 3.3, 3.7, 3.9, 3.1, 3.7, 4.1, 4.4, 4.5, 4.5, 2.3, 2.1, 2.6, 2.8
89,12, 2.5, 3.1, 3.5, 3.7, 3.2, 3.3, 3.7, 4.1, 4.3, 4.3, 2.4, 2.0, 2.6, 2.8
90, 1, 2.7, 3.3, 3.7, 3.9, 3.3, 3.5, 4.0, 4.3, 4.4, 4.5, 2.5, 2.1, 2.8, 3.0
90, 2, 3.3, 3.7, 4.0, 4.1, 3.1, 4.2, 4.5, 4.8, 4.8, 4.8, 2.4, 2.5, 2.9, 3.0
90, 3, 4.1, 4.4, 4.6, 4.5, 2.9, 5.3, 5.6, 5.7, 5.6, 5.7, 2.4, 3.0, 3.3, 3.3
90, 4, 5.3, 5.5, 5.5, 5.1, 2.6, 6.8, 7.0, 6.9, 6.7, 7.0, 3.3, 4.3, 4.4, 4.4
90, 5, 5.3, 5.3, 5.0, 4.4, 1.9, 6.5, 6.5, 6.3, 5.9, 6.6, 2.7, 3.6, 3.4, 3.6
90, 6, 6.4, 6.2, 5.8, 5.0, 1.9, 8.0, 7.9, 7.6, 7.1, 8.1, 3.8, 4.9, 4.5, 4.9
90, 7, 5.4, 5.4, 5.0, 4.4, 1.9, 6.5, 6.5, 6.2, 5.8, 6.6, 2.6, 3.3, 3.1, 3.3
90, 8, 6.0, 6.2, 5.9, 5.4, 2.5, 7.7, 7.8, 7.7, 7.3, 7.8, 3.7, 4.8, 4.8, 4.9
90, 9, 5.2, 5.6, 5.7, 5.5, 3.2, 6.8, 7.1, 7.2, 7.1, 7.2, 3.6, 4.5, 4.8, 4.8
90,10, 4.5, 5.2, 5.7, 5.8, 4.2, 6.2, 6.7, 7.1, 7.2, 7.2, 4.0, 4.3, 5.1, 5.1
90,11, 3.5, 4.3, 4.9, 5.2, 4.3, 4.9, 5.5, 5.9, 6.2, 6.2, 3.7, 3.5, 4.3, 4.6
90,12, 2.3, 2.8, 3.2, 3.3, 2.8, 3.0, 3.3, 3.6, 3.8, 3.8, 2.0, 1.6, 2.1, 2.3
