"City:    ","ATLANTA               "
"State:   ","GA"
"WBAN No: ", 13874
"Lat(N):  ", 33.65
"Long(W): ", 84.43
"Elev(m): ",   315
"Pres(mb):",   981
"Stn Type:","Primary"
"MONTHLY SOLAR RADIATION (kWh/m2/day)"
"COLUMN A: Year"
"COLUMN B: Month"
"COLUMN C: Flat-Plate Collector Facing South at Fixed Tilt=0"
"COLUMN D: Flat-Plate Collector Facing South at Fixed Tilt=Lat-15"
"COLUMN E: Flat-Plate Collector Facing South at Fixed Tilt=Lat"
"COLUMN F: Flat-Plate Collector Facing South at Fixed Tilt=Lat+15"
"COLUMN G: Flat-Plate Collector Facing South at Fixed Tilt=90"
"COLUMN H: 1-Axis Tracking Flat-Plate Collector with North-South Axis, Axis Tilt=0"
"COLUMN I: 1-Axis Tracking Flat-Plate Collector with North-South Axis, Axis Tilt=Lat-15"
"COLUMN J: 1-Axis Tracking Flat-Plate Collector with North-South Axis, Axis Tilt=Lat"
"COLUMN K: 1-Axis Tracking Flat-Plate Collector with North-South Axis, Axis Tilt=Lat+15"
"COLUMN L: 2-Axis Tracking Flat-Plate Collector"
"COLUMN M: 1-Axis Tracking Concentrating Collector with East-West Horizontal Axis"
"COLUMN N: 1-Axis Tracking Concentrating Collector with North-South Horizontal Axis"
"COLUMN O: 1-Axis Tracking Concentrating Collector with North-South Axis, Axis Tilt=Lat"
"COLUMN P: 2-Axis Tracking Concentrating Collector"
"COL A","COL B","COL C","COL D","COL E","COL F","COL G","COL H","COL I","COL J","COL K","COL L","COL M","COL N","COL O","COL P"
61, 1, 2.8, 3.8, 4.4, 4.7, 4.1, 4.1, 4.8, 5.2, 5.5, 5.6, 3.5, 2.8, 3.9, 4.1
61, 2, 3.2, 3.8, 4.2, 4.3, 3.4, 4.2, 4.7, 4.9, 5.0, 5.1, 2.7, 2.6, 3.3, 3.4
61, 3, 4.0, 4.4, 4.6, 4.4, 3.0, 5.1, 5.5, 5.6, 5.5, 5.6, 2.4, 2.9, 3.2, 3.3
61, 4, 5.7, 6.0, 5.9, 5.5, 3.0, 7.6, 7.8, 7.8, 7.4, 7.9, 3.8, 5.0, 5.1, 5.2
61, 5, 6.0, 5.9, 5.6, 4.9, 2.3, 7.6, 7.7, 7.4, 6.9, 7.7, 3.5, 4.7, 4.6, 4.8
61, 6, 6.0, 5.8, 5.4, 4.7, 2.1, 7.3, 7.3, 6.9, 6.5, 7.4, 3.1, 4.1, 3.8, 4.1
61, 7, 6.6, 6.6, 6.1, 5.4, 2.3, 8.4, 8.4, 8.1, 7.6, 8.6, 4.0, 5.2, 4.9, 5.3
61, 8, 5.4, 5.6, 5.3, 4.9, 2.5, 6.7, 6.8, 6.7, 6.3, 6.8, 2.8, 3.6, 3.6, 3.7
61, 9, 5.3, 5.8, 6.0, 5.8, 3.7, 7.1, 7.6, 7.7, 7.5, 7.7, 3.6, 4.6, 4.9, 5.0
61,10, 4.7, 5.7, 6.2, 6.3, 4.8, 6.7, 7.5, 7.8, 7.9, 7.9, 4.6, 4.9, 5.8, 5.9
61,11, 2.9, 3.8, 4.2, 4.5, 3.8, 4.0, 4.7, 5.0, 5.2, 5.3, 3.0, 2.6, 3.5, 3.6
61,12, 2.3, 3.0, 3.4, 3.6, 3.2, 3.0, 3.6, 3.9, 4.1, 4.2, 2.5, 1.9, 2.7, 2.9
62, 1, 2.5, 3.3, 3.7, 3.9, 3.4, 3.4, 4.0, 4.3, 4.5, 4.5, 2.6, 2.1, 2.9, 3.1
62, 2, 3.5, 4.4, 4.9, 5.1, 4.1, 5.0, 5.7, 6.1, 6.2, 6.2, 3.6, 3.6, 4.5, 4.6
62, 3, 4.3, 4.8, 4.9, 4.8, 3.2, 5.6, 6.0, 6.1, 6.0, 6.1, 2.9, 3.5, 3.9, 3.9
62, 4, 5.7, 6.0, 5.9, 5.5, 3.0, 7.7, 7.9, 7.9, 7.6, 8.0, 4.0, 5.3, 5.5, 5.6
62, 5, 7.2, 7.2, 6.8, 6.0, 2.6, 9.6, 9.7, 9.4, 8.9, 9.8, 5.1, 6.8, 6.5, 6.9
62, 6, 6.3, 6.1, 5.7, 5.0, 2.2, 7.7, 7.6, 7.3, 6.8, 7.7, 3.3, 4.3, 4.0, 4.3
62, 7, 6.3, 6.2, 5.7, 5.0, 2.2, 7.9, 7.9, 7.6, 7.1, 8.0, 3.6, 4.8, 4.5, 4.8
62, 8, 6.2, 6.3, 6.1, 5.6, 2.9, 8.0, 8.1, 8.0, 7.6, 8.2, 3.7, 4.8, 4.8, 5.0
62, 9, 5.0, 5.5, 5.6, 5.3, 3.4, 6.6, 7.0, 7.1, 6.9, 7.1, 3.3, 4.1, 4.5, 4.5
62,10, 4.3, 5.3, 5.8, 5.9, 4.5, 6.1, 6.9, 7.2, 7.3, 7.3, 4.2, 4.4, 5.3, 5.4
62,11, 2.9, 3.7, 4.1, 4.3, 3.7, 3.9, 4.5, 4.9, 5.1, 5.1, 3.0, 2.6, 3.4, 3.6
62,12, 2.5, 3.4, 3.9, 4.3, 3.8, 3.6, 4.3, 4.7, 4.9, 5.0, 3.2, 2.5, 3.5, 3.7
63, 1, 2.5, 3.2, 3.6, 3.8, 3.3, 3.4, 3.9, 4.2, 4.4, 4.4, 2.5, 2.1, 2.8, 3.0
63, 2, 3.7, 4.6, 5.1, 5.2, 4.2, 5.3, 5.9, 6.3, 6.4, 6.4, 3.8, 3.8, 4.7, 4.8
63, 3, 4.9, 5.5, 5.7, 5.6, 3.8, 6.6, 7.2, 7.3, 7.2, 7.3, 3.9, 4.7, 5.3, 5.3
63, 4, 5.6, 5.9, 5.8, 5.4, 3.0, 7.4, 7.7, 7.7, 7.3, 7.7, 3.8, 4.9, 5.1, 5.2
63, 5, 6.4, 6.4, 6.0, 5.3, 2.5, 8.2, 8.3, 8.0, 7.6, 8.4, 3.9, 5.2, 5.0, 5.3
63, 6, 6.0, 5.9, 5.4, 4.8, 2.1, 7.4, 7.4, 7.1, 6.6, 7.5, 3.4, 4.4, 4.1, 4.5
63, 7, 6.2, 6.1, 5.7, 5.0, 2.2, 7.7, 7.7, 7.4, 6.9, 7.8, 3.4, 4.5, 4.2, 4.5
63, 8, 6.2, 6.4, 6.2, 5.6, 2.8, 8.1, 8.3, 8.1, 7.7, 8.3, 3.8, 5.1, 5.1, 5.2
63, 9, 5.0, 5.5, 5.6, 5.4, 3.4, 6.6, 7.0, 7.0, 6.9, 7.1, 3.4, 4.2, 4.5, 4.5
63,10, 4.9, 6.0, 6.6, 6.7, 5.1, 7.1, 8.0, 8.4, 8.5, 8.5, 5.1, 5.4, 6.5, 6.5
63,11, 3.0, 3.9, 4.4, 4.7, 4.0, 4.3, 4.9, 5.3, 5.5, 5.5, 3.2, 2.8, 3.7, 3.9
63,12, 2.6, 3.6, 4.1, 4.5, 4.1, 3.7, 4.5, 4.9, 5.2, 5.3, 3.4, 2.6, 3.7, 4.0
64, 1, 2.6, 3.4, 3.9, 4.1, 3.6, 3.6, 4.2, 4.6, 4.8, 4.8, 2.8, 2.3, 3.2, 3.4
64, 2, 3.3, 4.1, 4.4, 4.5, 3.6, 4.5, 5.0, 5.3, 5.4, 5.4, 2.8, 2.8, 3.5, 3.6
64, 3, 4.4, 4.9, 5.1, 4.9, 3.3, 5.8, 6.2, 6.3, 6.2, 6.3, 3.0, 3.6, 4.0, 4.0
64, 4, 5.0, 5.2, 5.1, 4.7, 2.6, 6.3, 6.4, 6.3, 6.1, 6.4, 2.7, 3.5, 3.6, 3.7
64, 5, 6.5, 6.5, 6.1, 5.4, 2.5, 8.4, 8.4, 8.1, 7.7, 8.5, 3.9, 5.3, 5.1, 5.3
64, 6, 6.8, 6.6, 6.1, 5.3, 2.2, 8.5, 8.4, 8.1, 7.5, 8.6, 4.0, 5.2, 4.8, 5.2
64, 7, 5.4, 5.3, 5.0, 4.4, 2.1, 6.2, 6.2, 6.0, 5.6, 6.3, 2.3, 2.9, 2.7, 2.9
64, 8, 5.5, 5.7, 5.5, 5.0, 2.6, 6.8, 7.0, 6.8, 6.5, 7.0, 2.9, 3.8, 3.8, 3.9
64, 9, 4.9, 5.3, 5.4, 5.2, 3.2, 6.3, 6.7, 6.7, 6.5, 6.7, 3.1, 3.8, 4.1, 4.1
64,10, 4.0, 4.8, 5.2, 5.2, 4.0, 5.3, 6.0, 6.2, 6.3, 6.3, 3.4, 3.5, 4.2, 4.3
64,11, 3.1, 4.0, 4.6, 4.8, 4.1, 4.3, 5.0, 5.4, 5.6, 5.7, 3.3, 2.9, 3.8, 4.0
64,12, 2.2, 2.8, 3.2, 3.4, 3.0, 2.9, 3.3, 3.6, 3.8, 3.8, 2.1, 1.7, 2.3, 2.5
65, 1, 2.8, 3.7, 4.2, 4.5, 4.0, 3.9, 4.6, 5.0, 5.2, 5.3, 3.1, 2.5, 3.5, 3.7
65, 2, 3.3, 3.9, 4.3, 4.4, 3.5, 4.4, 4.9, 5.2, 5.3, 5.3, 2.8, 2.8, 3.4, 3.5
65, 3, 3.8, 4.2, 4.3, 4.2, 2.8, 4.7, 5.0, 5.1, 5.0, 5.1, 2.1, 2.5, 2.8, 2.8
65, 4, 5.5, 5.7, 5.6, 5.2, 2.9, 7.1, 7.3, 7.3, 7.0, 7.4, 3.5, 4.5, 4.7, 4.7
65, 5, 6.8, 6.8, 6.4, 5.7, 2.6, 8.8, 8.8, 8.6, 8.1, 8.9, 4.3, 5.6, 5.4, 5.7
65, 6, 5.5, 5.4, 5.0, 4.3, 2.0, 6.6, 6.5, 6.2, 5.8, 6.6, 2.5, 3.3, 3.0, 3.3
65, 7, 5.7, 5.6, 5.3, 4.7, 2.2, 6.8, 6.8, 6.5, 6.1, 6.9, 2.7, 3.5, 3.3, 3.5
65, 8, 5.8, 6.0, 5.8, 5.3, 2.8, 7.5, 7.7, 7.5, 7.1, 7.7, 3.4, 4.4, 4.5, 4.6
65, 9, 4.4, 4.8, 4.8, 4.5, 2.9, 5.4, 5.7, 5.7, 5.5, 5.7, 2.2, 2.7, 3.0, 3.0
65,10, 4.2, 5.1, 5.5, 5.6, 4.3, 5.9, 6.6, 6.9, 7.0, 7.0, 4.0, 4.2, 5.0, 5.1
65,11, 2.9, 3.7, 4.2, 4.3, 3.7, 4.0, 4.6, 4.9, 5.1, 5.1, 2.8, 2.5, 3.3, 3.4
65,12, 2.6, 3.6, 4.1, 4.4, 4.0, 3.7, 4.4, 4.8, 5.1, 5.2, 3.2, 2.5, 3.4, 3.7
66, 1, 2.4, 3.0, 3.4, 3.6, 3.0, 3.2, 3.7, 4.0, 4.1, 4.1, 2.3, 1.9, 2.6, 2.7
66, 2, 3.1, 3.7, 4.0, 4.1, 3.2, 4.1, 4.6, 4.8, 4.9, 4.9, 2.6, 2.5, 3.2, 3.3
66, 3, 5.1, 5.8, 6.0, 5.9, 4.0, 7.1, 7.6, 7.8, 7.7, 7.8, 4.2, 5.1, 5.7, 5.7
66, 4, 5.2, 5.5, 5.4, 5.1, 2.9, 6.8, 7.0, 6.9, 6.7, 7.0, 2.9, 3.9, 4.1, 4.1
66, 5, 5.5, 5.5, 5.2, 4.6, 2.2, 6.7, 6.7, 6.5, 6.1, 6.8, 2.8, 3.7, 3.5, 3.7
66, 6, 6.8, 6.6, 6.1, 5.3, 2.2, 8.7, 8.6, 8.3, 7.7, 8.8, 4.2, 5.5, 5.1, 5.5
66, 7, 6.3, 6.2, 5.7, 5.0, 2.2, 7.9, 7.8, 7.6, 7.1, 8.0, 3.5, 4.7, 4.4, 4.7
66, 8, 5.5, 5.7, 5.4, 5.0, 2.7, 6.8, 7.0, 6.8, 6.5, 7.0, 2.8, 3.6, 3.7, 3.8
66, 9, 4.9, 5.3, 5.4, 5.1, 3.2, 6.3, 6.6, 6.7, 6.5, 6.7, 3.0, 3.8, 4.1, 4.1
66,10, 3.9, 4.6, 4.9, 5.0, 3.7, 5.3, 5.9, 6.1, 6.1, 6.2, 3.3, 3.6, 4.2, 4.3
66,11, 2.9, 3.7, 4.1, 4.3, 3.6, 3.8, 4.4, 4.8, 5.0, 5.0, 2.8, 2.4, 3.1, 3.3
66,12, 2.4, 3.2, 3.7, 3.9, 3.5, 3.2, 3.8, 4.2, 4.4, 4.5, 2.7, 2.0, 2.9, 3.1
67, 1, 2.6, 3.4, 3.8, 4.0, 3.5, 3.5, 4.1, 4.4, 4.6, 4.7, 2.7, 2.2, 3.0, 3.2
67, 2, 3.2, 3.9, 4.2, 4.3, 3.4, 4.3, 4.8, 5.1, 5.1, 5.2, 2.7, 2.7, 3.4, 3.4
67, 3, 4.8, 5.5, 5.8, 5.7, 3.9, 6.6, 7.2, 7.3, 7.3, 7.3, 3.8, 4.5, 5.1, 5.2
67, 4, 5.9, 6.3, 6.2, 5.7, 3.2, 7.8, 8.1, 8.1, 7.8, 8.2, 4.0, 5.3, 5.4, 5.5
67, 5, 6.0, 5.9, 5.5, 4.9, 2.3, 7.6, 7.6, 7.3, 6.9, 7.7, 3.4, 4.5, 4.3, 4.6
67, 6, 6.0, 5.8, 5.4, 4.7, 2.1, 7.3, 7.2, 6.9, 6.4, 7.3, 2.8, 3.7, 3.5, 3.8
67, 7, 5.5, 5.4, 5.1, 4.5, 2.1, 6.5, 6.5, 6.3, 5.8, 6.6, 2.4, 3.1, 2.9, 3.1
67, 8, 5.3, 5.4, 5.2, 4.7, 2.5, 6.4, 6.5, 6.4, 6.0, 6.5, 2.6, 3.3, 3.3, 3.4
67, 9, 5.0, 5.5, 5.6, 5.4, 3.4, 6.5, 6.9, 7.0, 6.8, 7.0, 3.3, 4.0, 4.3, 4.4
67,10, 4.3, 5.3, 5.7, 5.8, 4.3, 6.1, 6.8, 7.1, 7.2, 7.2, 4.1, 4.4, 5.3, 5.3
67,11, 3.0, 3.9, 4.4, 4.6, 3.9, 4.1, 4.8, 5.2, 5.4, 5.4, 3.1, 2.7, 3.6, 3.8
67,12, 2.2, 2.8, 3.2, 3.4, 2.9, 2.9, 3.4, 3.7, 3.8, 3.8, 2.1, 1.6, 2.3, 2.5
68, 1, 2.5, 3.2, 3.6, 3.8, 3.2, 3.3, 3.8, 4.2, 4.3, 4.3, 2.5, 2.1, 2.8, 3.0
68, 2, 3.8, 4.8, 5.3, 5.5, 4.4, 5.5, 6.2, 6.5, 6.7, 6.7, 3.8, 3.8, 4.7, 4.8
68, 3, 4.9, 5.6, 5.9, 5.8, 4.0, 6.8, 7.3, 7.5, 7.4, 7.5, 3.9, 4.6, 5.2, 5.2
68, 4, 5.2, 5.4, 5.3, 4.9, 2.7, 6.6, 6.8, 6.7, 6.4, 6.8, 3.1, 4.1, 4.2, 4.2
68, 5, 6.3, 6.2, 5.9, 5.2, 2.4, 8.0, 8.0, 7.8, 7.3, 8.1, 3.7, 5.0, 4.8, 5.1
68, 6, 6.7, 6.5, 6.0, 5.2, 2.2, 8.4, 8.3, 8.0, 7.4, 8.5, 4.0, 5.2, 4.9, 5.3
68, 7, 6.1, 6.0, 5.6, 5.0, 2.3, 7.3, 7.3, 7.0, 6.6, 7.4, 3.0, 3.9, 3.7, 3.9
68, 8, 6.2, 6.4, 6.2, 5.7, 2.9, 8.1, 8.3, 8.1, 7.8, 8.3, 3.9, 5.2, 5.2, 5.3
68, 9, 4.8, 5.3, 5.4, 5.1, 3.3, 6.3, 6.7, 6.7, 6.5, 6.7, 3.0, 3.8, 4.1, 4.1
68,10, 3.8, 4.6, 4.9, 4.9, 3.8, 5.1, 5.7, 5.9, 5.9, 6.0, 3.1, 3.2, 3.9, 3.9
68,11, 2.8, 3.5, 3.9, 4.1, 3.5, 3.7, 4.3, 4.6, 4.8, 4.8, 2.6, 2.3, 3.0, 3.2
68,12, 2.5, 3.4, 3.9, 4.2, 3.8, 3.5, 4.2, 4.6, 4.9, 4.9, 3.1, 2.4, 3.3, 3.6
69, 1, 2.4, 3.0, 3.3, 3.5, 3.0, 3.0, 3.5, 3.8, 3.9, 4.0, 2.0, 1.6, 2.3, 2.4
69, 2, 3.3, 4.0, 4.3, 4.4, 3.5, 4.4, 4.9, 5.2, 5.3, 5.3, 2.8, 2.8, 3.5, 3.6
69, 3, 4.8, 5.5, 5.7, 5.6, 3.8, 6.5, 7.1, 7.2, 7.1, 7.2, 3.7, 4.4, 5.0, 5.0
69, 4, 5.7, 6.0, 5.8, 5.4, 3.0, 7.6, 7.9, 7.8, 7.5, 7.9, 3.9, 5.3, 5.4, 5.5
69, 5, 6.2, 6.2, 5.8, 5.1, 2.3, 8.1, 8.1, 7.9, 7.4, 8.2, 3.8, 5.2, 5.0, 5.3
69, 6, 6.6, 6.4, 6.0, 5.2, 2.2, 8.2, 8.1, 7.8, 7.2, 8.3, 3.8, 4.8, 4.5, 4.9
69, 7, 6.5, 6.4, 5.9, 5.2, 2.3, 8.1, 8.1, 7.8, 7.3, 8.2, 3.5, 4.6, 4.4, 4.7
69, 8, 5.4, 5.6, 5.4, 4.9, 2.6, 6.7, 6.8, 6.7, 6.3, 6.8, 2.7, 3.5, 3.5, 3.6
69, 9, 4.8, 5.2, 5.3, 5.1, 3.2, 6.1, 6.5, 6.5, 6.3, 6.5, 2.8, 3.5, 3.8, 3.8
69,10, 3.9, 4.7, 5.0, 5.1, 3.8, 5.3, 5.8, 6.1, 6.1, 6.2, 3.2, 3.3, 4.0, 4.1
69,11, 3.3, 4.3, 4.9, 5.2, 4.4, 4.7, 5.5, 5.9, 6.1, 6.2, 3.7, 3.3, 4.3, 4.5
69,12, 2.5, 3.3, 3.8, 4.1, 3.7, 3.5, 4.1, 4.5, 4.8, 4.8, 2.9, 2.3, 3.2, 3.4
70, 1, 2.6, 3.4, 3.8, 4.0, 3.5, 3.6, 4.2, 4.5, 4.7, 4.8, 2.8, 2.3, 3.1, 3.3
70, 2, 3.5, 4.3, 4.7, 4.9, 3.9, 4.9, 5.5, 5.8, 5.9, 5.9, 3.3, 3.4, 4.2, 4.3
70, 3, 4.2, 4.7, 4.8, 4.7, 3.2, 5.5, 5.9, 6.0, 5.9, 6.0, 2.8, 3.3, 3.8, 3.8
70, 4, 5.3, 5.6, 5.5, 5.1, 2.9, 6.8, 7.1, 7.0, 6.7, 7.1, 3.2, 4.2, 4.3, 4.4
70, 5, 6.6, 6.6, 6.2, 5.5, 2.5, 8.5, 8.6, 8.3, 7.8, 8.7, 4.3, 5.7, 5.5, 5.8
70, 6, 6.3, 6.2, 5.7, 4.9, 2.1, 8.0, 7.9, 7.6, 7.1, 8.1, 3.6, 4.7, 4.4, 4.8
70, 7, 6.3, 6.2, 5.8, 5.1, 2.2, 7.9, 7.9, 7.6, 7.1, 8.0, 3.7, 4.7, 4.5, 4.8
70, 8, 5.5, 5.7, 5.5, 5.0, 2.6, 6.9, 7.1, 6.9, 6.6, 7.1, 2.8, 3.7, 3.7, 3.8
70, 9, 5.2, 5.7, 5.8, 5.6, 3.5, 6.9, 7.3, 7.4, 7.2, 7.4, 3.4, 4.3, 4.6, 4.7
70,10, 3.4, 3.9, 4.1, 4.1, 3.0, 4.4, 4.8, 4.9, 4.9, 4.9, 2.2, 2.4, 2.9, 2.9
70,11, 3.1, 4.1, 4.7, 4.9, 4.2, 4.5, 5.2, 5.6, 5.8, 5.9, 3.5, 3.1, 4.1, 4.3
70,12, 2.4, 3.3, 3.8, 4.1, 3.6, 3.5, 4.1, 4.5, 4.7, 4.8, 2.9, 2.3, 3.1, 3.4
71, 1, 2.4, 3.1, 3.5, 3.7, 3.1, 3.3, 3.8, 4.1, 4.2, 4.3, 2.3, 2.0, 2.7, 2.8
71, 2, 3.5, 4.3, 4.7, 4.8, 3.9, 4.8, 5.4, 5.7, 5.8, 5.8, 3.3, 3.3, 4.1, 4.2
71, 3, 4.7, 5.3, 5.5, 5.4, 3.6, 6.4, 6.9, 7.0, 6.9, 7.0, 3.7, 4.4, 5.0, 5.0
71, 4, 6.0, 6.4, 6.3, 5.9, 3.2, 8.2, 8.5, 8.4, 8.1, 8.5, 4.3, 5.8, 6.0, 6.0
71, 5, 6.6, 6.6, 6.2, 5.5, 2.5, 8.4, 8.5, 8.2, 7.7, 8.6, 4.2, 5.4, 5.3, 5.6
71, 6, 6.5, 6.4, 5.9, 5.1, 2.2, 8.1, 8.0, 7.7, 7.2, 8.2, 3.7, 4.8, 4.4, 4.8
71, 7, 5.4, 5.3, 5.0, 4.4, 2.1, 6.3, 6.3, 6.0, 5.6, 6.4, 2.3, 3.0, 2.8, 3.0
71, 8, 5.6, 5.7, 5.5, 5.1, 2.7, 6.9, 7.1, 6.9, 6.6, 7.1, 2.9, 3.7, 3.7, 3.8
71, 9, 4.7, 5.2, 5.2, 5.0, 3.1, 6.1, 6.4, 6.4, 6.3, 6.4, 2.8, 3.4, 3.7, 3.7
71,10, 3.7, 4.3, 4.5, 4.5, 3.3, 4.7, 5.2, 5.4, 5.4, 5.4, 2.6, 2.8, 3.3, 3.3
71,11, 3.3, 4.4, 5.1, 5.4, 4.6, 4.8, 5.6, 6.1, 6.4, 6.4, 4.0, 3.5, 4.6, 4.8
71,12, 2.2, 2.8, 3.1, 3.3, 2.9, 2.8, 3.3, 3.6, 3.7, 3.8, 2.0, 1.6, 2.2, 2.4
72, 1, 2.4, 3.1, 3.5, 3.7, 3.2, 3.3, 3.8, 4.1, 4.3, 4.3, 2.5, 2.1, 2.8, 3.0
72, 2, 3.1, 3.7, 3.9, 4.0, 3.1, 4.0, 4.4, 4.6, 4.7, 4.7, 2.3, 2.3, 2.8, 2.9
72, 3, 4.7, 5.3, 5.6, 5.5, 3.8, 6.4, 6.9, 7.1, 7.0, 7.1, 3.6, 4.3, 4.8, 4.8
72, 4, 6.0, 6.3, 6.2, 5.8, 3.2, 8.0, 8.3, 8.2, 7.9, 8.3, 4.0, 5.3, 5.4, 5.5
72, 5, 5.7, 5.6, 5.3, 4.7, 2.3, 6.9, 7.0, 6.8, 6.3, 7.1, 2.8, 3.8, 3.6, 3.8
72, 6, 6.5, 6.3, 5.8, 5.1, 2.2, 8.2, 8.1, 7.8, 7.3, 8.3, 3.9, 5.0, 4.7, 5.1
72, 7, 6.3, 6.2, 5.8, 5.1, 2.3, 7.8, 7.8, 7.5, 7.0, 7.9, 3.4, 4.4, 4.2, 4.5
72, 8, 6.0, 6.2, 5.9, 5.4, 2.8, 7.8, 8.0, 7.8, 7.5, 8.0, 3.6, 4.8, 4.8, 4.9
72, 9, 5.0, 5.5, 5.5, 5.3, 3.3, 6.5, 6.9, 7.0, 6.8, 7.0, 3.2, 4.0, 4.3, 4.3
72,10, 3.8, 4.5, 4.8, 4.8, 3.5, 5.0, 5.5, 5.8, 5.8, 5.8, 2.8, 3.1, 3.6, 3.7
72,11, 2.5, 3.1, 3.3, 3.5, 2.9, 3.2, 3.6, 3.8, 3.9, 4.0, 2.0, 1.7, 2.2, 2.3
72,12, 2.1, 2.6, 2.9, 3.0, 2.6, 2.7, 3.1, 3.3, 3.4, 3.5, 1.8, 1.4, 2.0, 2.1
73, 1, 2.5, 3.2, 3.6, 3.8, 3.3, 3.4, 4.0, 4.3, 4.4, 4.5, 2.5, 2.1, 2.8, 3.0
73, 2, 3.4, 4.1, 4.4, 4.5, 3.5, 4.5, 5.1, 5.3, 5.4, 5.4, 2.8, 2.8, 3.5, 3.6
73, 3, 3.7, 4.1, 4.2, 4.0, 2.7, 4.7, 4.9, 5.0, 4.9, 5.0, 2.0, 2.4, 2.7, 2.7
73, 4, 5.0, 5.3, 5.1, 4.8, 2.7, 6.4, 6.6, 6.5, 6.3, 6.6, 2.8, 3.7, 3.8, 3.9
73, 5, 5.9, 5.9, 5.6, 4.9, 2.3, 7.5, 7.5, 7.3, 6.8, 7.6, 3.2, 4.3, 4.1, 4.4
73, 6, 6.3, 6.1, 5.7, 5.0, 2.2, 7.6, 7.5, 7.2, 6.6, 7.6, 3.3, 4.2, 3.9, 4.3
73, 7, 6.0, 5.9, 5.6, 4.9, 2.3, 7.3, 7.3, 7.0, 6.5, 7.4, 2.9, 3.8, 3.6, 3.8
73, 8, 5.5, 5.7, 5.5, 5.0, 2.7, 6.7, 6.8, 6.7, 6.4, 6.9, 2.8, 3.6, 3.6, 3.7
73, 9, 4.6, 4.9, 5.0, 4.8, 3.0, 5.8, 6.1, 6.2, 6.0, 6.2, 2.6, 3.3, 3.5, 3.5
73,10, 4.1, 5.0, 5.3, 5.4, 4.1, 5.7, 6.3, 6.6, 6.7, 6.7, 3.7, 3.9, 4.7, 4.7
73,11, 3.1, 4.0, 4.5, 4.8, 4.1, 4.3, 5.0, 5.4, 5.6, 5.6, 3.3, 2.8, 3.8, 4.0
73,12, 2.4, 3.2, 3.7, 4.0, 3.5, 3.3, 4.0, 4.3, 4.6, 4.6, 2.8, 2.2, 3.0, 3.3
74, 1, 2.2, 2.7, 2.9, 3.0, 2.5, 2.8, 3.1, 3.3, 3.4, 3.4, 1.7, 1.4, 1.9, 2.0
74, 2, 3.7, 4.5, 5.0, 5.1, 4.1, 5.2, 5.8, 6.2, 6.3, 6.3, 3.6, 3.6, 4.5, 4.6
74, 3, 4.5, 5.2, 5.3, 5.3, 3.6, 6.1, 6.6, 6.7, 6.7, 6.8, 3.3, 3.9, 4.4, 4.4
74, 4, 6.0, 6.3, 6.2, 5.8, 3.1, 8.2, 8.4, 8.4, 8.0, 8.5, 4.2, 5.7, 5.8, 5.9
74, 5, 5.9, 5.9, 5.6, 5.0, 2.4, 7.4, 7.4, 7.2, 6.7, 7.5, 3.2, 4.2, 4.0, 4.2
74, 6, 6.0, 5.8, 5.4, 4.7, 2.1, 7.4, 7.3, 7.0, 6.5, 7.5, 3.0, 4.0, 3.7, 4.0
74, 7, 6.1, 6.0, 5.6, 4.9, 2.2, 7.5, 7.5, 7.2, 6.7, 7.6, 3.3, 4.3, 4.0, 4.3
74, 8, 5.3, 5.4, 5.2, 4.8, 2.6, 6.5, 6.6, 6.5, 6.2, 6.7, 2.5, 3.4, 3.4, 3.5
74, 9, 4.4, 4.7, 4.8, 4.6, 2.9, 5.3, 5.6, 5.7, 5.5, 5.7, 2.3, 2.7, 3.0, 3.0
74,10, 4.7, 5.8, 6.2, 6.3, 4.8, 6.7, 7.5, 7.9, 7.9, 8.0, 4.6, 4.9, 5.8, 5.9
74,11, 3.2, 4.1, 4.7, 5.0, 4.3, 4.5, 5.2, 5.6, 5.8, 5.9, 3.5, 3.0, 4.0, 4.2
74,12, 2.2, 2.8, 3.2, 3.4, 3.0, 2.9, 3.4, 3.7, 3.9, 3.9, 2.2, 1.8, 2.4, 2.7
75, 1, 2.6, 3.4, 3.8, 4.1, 3.6, 3.6, 4.2, 4.6, 4.8, 4.8, 2.7, 2.3, 3.1, 3.3
75, 2, 3.1, 3.7, 4.0, 4.1, 3.2, 4.1, 4.5, 4.7, 4.8, 4.8, 2.4, 2.4, 3.0, 3.0
75, 3, 4.1, 4.6, 4.7, 4.6, 3.1, 5.2, 5.6, 5.7, 5.6, 5.7, 2.6, 3.0, 3.5, 3.5
75, 4, 5.5, 5.8, 5.7, 5.3, 2.9, 7.2, 7.4, 7.3, 7.1, 7.4, 3.5, 4.5, 4.7, 4.8
75, 5, 5.6, 5.5, 5.2, 4.6, 2.2, 6.8, 6.9, 6.6, 6.2, 6.9, 2.8, 3.7, 3.6, 3.8
75, 6, 6.2, 6.1, 5.6, 4.9, 2.2, 7.7, 7.6, 7.3, 6.8, 7.8, 3.2, 4.2, 3.9, 4.3
75, 7, 5.3, 5.3, 4.9, 4.4, 2.1, 6.1, 6.1, 5.8, 5.4, 6.1, 2.1, 2.6, 2.5, 2.7
75, 8, 5.5, 5.7, 5.5, 5.0, 2.6, 7.1, 7.2, 7.1, 6.7, 7.2, 3.0, 4.0, 4.0, 4.1
75, 9, 4.4, 4.7, 4.7, 4.5, 2.8, 5.6, 5.9, 5.9, 5.7, 5.9, 2.4, 3.1, 3.3, 3.3
75,10, 3.7, 4.4, 4.7, 4.8, 3.6, 5.0, 5.6, 5.8, 5.8, 5.9, 3.0, 3.2, 3.8, 3.8
75,11, 3.0, 3.9, 4.3, 4.6, 3.9, 4.2, 4.8, 5.2, 5.4, 5.4, 3.1, 2.7, 3.5, 3.7
75,12, 2.5, 3.3, 3.8, 4.1, 3.7, 3.4, 4.1, 4.5, 4.7, 4.8, 2.9, 2.2, 3.1, 3.4
76, 1, 2.9, 3.9, 4.5, 4.8, 4.3, 4.2, 5.0, 5.4, 5.7, 5.8, 3.7, 3.1, 4.2, 4.4
76, 2, 4.0, 5.1, 5.6, 5.8, 4.7, 5.8, 6.6, 7.0, 7.2, 7.2, 4.3, 4.3, 5.3, 5.4
76, 3, 4.1, 4.6, 4.8, 4.7, 3.2, 5.4, 5.8, 5.9, 5.8, 5.9, 2.7, 3.2, 3.7, 3.7
76, 4, 6.3, 6.7, 6.6, 6.1, 3.4, 8.6, 8.9, 8.9, 8.5, 9.0, 4.6, 6.1, 6.3, 6.4
76, 5, 5.6, 5.5, 5.2, 4.7, 2.3, 6.9, 6.9, 6.7, 6.3, 7.0, 2.8, 3.8, 3.6, 3.8
76, 6, 6.1, 5.9, 5.5, 4.8, 2.1, 7.4, 7.3, 7.0, 6.5, 7.5, 3.1, 4.0, 3.7, 4.1
76, 7, 6.4, 6.3, 5.9, 5.2, 2.3, 7.9, 7.9, 7.6, 7.1, 8.0, 3.5, 4.5, 4.2, 4.6
76, 8, 5.8, 6.0, 5.8, 5.2, 2.7, 7.3, 7.4, 7.3, 6.9, 7.5, 3.1, 4.1, 4.1, 4.2
76, 9, 4.5, 4.9, 5.0, 4.8, 3.0, 5.7, 6.0, 6.1, 5.9, 6.1, 2.6, 3.2, 3.5, 3.5
76,10, 3.8, 4.5, 4.8, 4.8, 3.6, 5.2, 5.7, 5.9, 6.0, 6.0, 3.1, 3.3, 4.0, 4.0
76,11, 3.1, 4.1, 4.6, 4.9, 4.1, 4.4, 5.1, 5.6, 5.8, 5.8, 3.5, 3.1, 4.1, 4.3
76,12, 2.5, 3.4, 4.0, 4.3, 3.8, 3.6, 4.3, 4.7, 5.0, 5.0, 3.2, 2.5, 3.5, 3.8
77, 1, 2.7, 3.5, 4.0, 4.2, 3.7, 3.7, 4.3, 4.7, 4.9, 5.0, 2.9, 2.4, 3.3, 3.5
77, 2, 4.1, 5.3, 5.9, 6.1, 5.0, 6.2, 7.0, 7.4, 7.6, 7.7, 4.7, 4.7, 5.9, 6.0
77, 3, 4.2, 4.8, 4.9, 4.8, 3.3, 5.5, 5.9, 6.1, 6.0, 6.1, 3.0, 3.5, 4.0, 4.0
77, 4, 5.7, 6.1, 5.9, 5.5, 3.1, 7.5, 7.8, 7.7, 7.4, 7.8, 3.7, 4.9, 5.1, 5.1
77, 5, 6.3, 6.3, 6.0, 5.3, 2.5, 7.9, 8.0, 7.7, 7.3, 8.1, 3.6, 4.7, 4.6, 4.8
77, 6, 6.7, 6.6, 6.1, 5.3, 2.2, 8.4, 8.3, 8.0, 7.4, 8.5, 3.9, 5.1, 4.7, 5.1
77, 7, 6.3, 6.2, 5.8, 5.1, 2.2, 7.9, 7.9, 7.6, 7.1, 8.0, 3.5, 4.6, 4.3, 4.7
77, 8, 5.5, 5.6, 5.4, 4.9, 2.6, 6.8, 7.0, 6.8, 6.5, 7.0, 2.8, 3.7, 3.7, 3.8
77, 9, 4.5, 4.8, 4.9, 4.6, 3.0, 5.5, 5.8, 5.9, 5.7, 5.9, 2.5, 3.0, 3.3, 3.3
77,10, 4.0, 4.8, 5.1, 5.2, 3.9, 5.4, 6.0, 6.3, 6.3, 6.3, 3.3, 3.5, 4.2, 4.3
77,11, 2.5, 3.1, 3.4, 3.6, 3.0, 3.3, 3.7, 4.0, 4.1, 4.1, 2.2, 1.9, 2.5, 2.6
77,12, 2.5, 3.3, 3.8, 4.1, 3.6, 3.4, 4.0, 4.4, 4.7, 4.7, 2.8, 2.1, 3.0, 3.2
78, 1, 2.4, 3.1, 3.5, 3.7, 3.2, 3.3, 3.8, 4.1, 4.3, 4.3, 2.4, 2.0, 2.7, 2.9
78, 2, 3.6, 4.5, 4.9, 5.1, 4.1, 5.0, 5.7, 6.0, 6.2, 6.2, 3.5, 3.5, 4.3, 4.5
78, 3, 4.8, 5.4, 5.6, 5.4, 3.7, 6.5, 7.0, 7.1, 7.0, 7.1, 3.7, 4.5, 5.0, 5.0
78, 4, 5.8, 6.2, 6.1, 5.7, 3.2, 7.8, 8.1, 8.0, 7.7, 8.1, 3.8, 5.0, 5.2, 5.3
78, 5, 6.2, 6.2, 5.8, 5.2, 2.4, 7.8, 7.9, 7.6, 7.2, 7.9, 3.6, 4.7, 4.5, 4.8
78, 6, 6.9, 6.7, 6.2, 5.4, 2.2, 8.7, 8.6, 8.3, 7.7, 8.8, 4.2, 5.5, 5.1, 5.5
78, 7, 6.3, 6.2, 5.8, 5.1, 2.3, 7.9, 7.9, 7.6, 7.1, 8.0, 3.5, 4.6, 4.3, 4.7
78, 8, 5.4, 5.6, 5.4, 4.9, 2.6, 6.9, 7.1, 6.9, 6.6, 7.1, 3.0, 4.0, 4.1, 4.2
78, 9, 4.9, 5.3, 5.4, 5.1, 3.2, 6.3, 6.7, 6.7, 6.5, 6.7, 3.0, 3.7, 4.0, 4.0
78,10, 4.7, 5.8, 6.3, 6.4, 4.9, 6.8, 7.6, 8.0, 8.1, 8.1, 4.7, 5.1, 6.0, 6.1
78,11, 2.9, 3.7, 4.1, 4.3, 3.6, 3.9, 4.5, 4.8, 5.0, 5.0, 2.8, 2.4, 3.2, 3.3
78,12, 2.5, 3.4, 3.9, 4.2, 3.8, 3.5, 4.2, 4.6, 4.8, 4.9, 3.1, 2.4, 3.3, 3.6
79, 1, 2.5, 3.2, 3.5, 3.7, 3.2, 3.3, 3.8, 4.1, 4.2, 4.3, 2.3, 1.9, 2.6, 2.8
79, 2, 3.1, 3.7, 4.0, 4.1, 3.3, 4.0, 4.5, 4.7, 4.8, 4.8, 2.3, 2.2, 2.8, 2.9
79, 3, 4.6, 5.2, 5.3, 5.2, 3.6, 6.0, 6.5, 6.7, 6.6, 6.7, 3.2, 3.8, 4.3, 4.3
79, 4, 5.4, 5.7, 5.5, 5.1, 2.8, 7.0, 7.2, 7.1, 6.8, 7.2, 3.5, 4.5, 4.7, 4.7
79, 5, 5.6, 5.6, 5.3, 4.7, 2.3, 6.8, 6.9, 6.7, 6.3, 6.9, 2.8, 3.7, 3.6, 3.8
79, 6, 6.5, 6.3, 5.8, 5.1, 2.2, 8.1, 8.0, 7.7, 7.2, 8.2, 3.7, 4.8, 4.5, 4.9
79, 7, 5.5, 5.4, 5.0, 4.5, 2.1, 6.4, 6.4, 6.1, 5.7, 6.5, 2.4, 3.1, 2.9, 3.1
79, 8, 5.9, 6.1, 5.9, 5.4, 2.7, 7.6, 7.7, 7.6, 7.2, 7.8, 3.5, 4.6, 4.5, 4.7
79, 9, 4.0, 4.3, 4.2, 4.0, 2.5, 4.8, 5.1, 5.0, 4.9, 5.1, 1.9, 2.4, 2.5, 2.5
79,10, 4.2, 5.1, 5.5, 5.6, 4.2, 5.9, 6.6, 6.9, 6.9, 7.0, 3.8, 4.1, 4.9, 5.0
79,11, 3.1, 4.0, 4.6, 4.8, 4.1, 4.3, 5.1, 5.5, 5.7, 5.7, 3.4, 3.0, 3.9, 4.2
79,12, 2.5, 3.4, 3.9, 4.2, 3.7, 3.5, 4.2, 4.6, 4.8, 4.9, 2.9, 2.3, 3.2, 3.5
80, 1, 2.2, 2.8, 3.1, 3.2, 2.7, 2.8, 3.3, 3.5, 3.6, 3.6, 1.8, 1.5, 2.0, 2.2
80, 2, 3.7, 4.6, 5.0, 5.2, 4.1, 5.2, 5.9, 6.2, 6.3, 6.3, 3.6, 3.6, 4.4, 4.5
80, 3, 4.1, 4.5, 4.6, 4.5, 3.1, 5.2, 5.6, 5.7, 5.6, 5.7, 2.6, 3.0, 3.4, 3.5
80, 4, 5.5, 5.8, 5.7, 5.3, 2.9, 7.2, 7.4, 7.3, 7.0, 7.4, 3.3, 4.4, 4.5, 4.6
80, 5, 5.9, 5.8, 5.5, 4.9, 2.3, 7.3, 7.3, 7.1, 6.7, 7.4, 3.2, 4.2, 4.0, 4.3
80, 6, 6.5, 6.3, 5.8, 5.0, 2.1, 8.2, 8.1, 7.8, 7.3, 8.3, 3.8, 5.0, 4.7, 5.1
80, 7, 7.3, 7.2, 6.7, 5.9, 2.6, 9.0, 8.9, 8.6, 8.0, 9.1, 3.9, 5.1, 4.8, 5.1
80, 8, 6.0, 6.2, 5.9, 5.4, 2.8, 7.4, 7.6, 7.4, 7.1, 7.6, 3.0, 3.9, 3.9, 4.0
80, 9, 4.8, 5.2, 5.2, 4.9, 3.1, 6.0, 6.3, 6.3, 6.2, 6.4, 2.6, 3.2, 3.5, 3.5
80,10, 3.8, 4.6, 5.0, 5.0, 3.8, 5.3, 5.9, 6.2, 6.2, 6.2, 3.6, 3.8, 4.6, 4.6
80,11, 2.7, 3.6, 4.1, 4.3, 3.7, 3.9, 4.5, 4.9, 5.1, 5.1, 3.2, 2.8, 3.7, 3.9
80,12, 2.5, 3.4, 4.0, 4.3, 3.9, 3.6, 4.3, 4.7, 5.0, 5.1, 3.3, 2.6, 3.6, 3.9
81, 1, 3.0, 4.2, 4.9, 5.3, 4.8, 4.6, 5.4, 6.0, 6.3, 6.4, 4.3, 3.6, 4.8, 5.2
81, 2, 3.3, 4.1, 4.5, 4.7, 3.7, 4.7, 5.2, 5.6, 5.7, 5.7, 3.2, 3.2, 4.0, 4.1
81, 3, 4.9, 5.7, 5.9, 5.8, 4.0, 6.9, 7.4, 7.6, 7.6, 7.7, 4.2, 5.0, 5.6, 5.6
81, 4, 5.6, 5.9, 5.8, 5.3, 3.0, 7.3, 7.6, 7.5, 7.2, 7.6, 3.4, 4.6, 4.7, 4.8
81, 5, 5.8, 5.8, 5.4, 4.8, 2.2, 7.5, 7.5, 7.3, 6.8, 7.6, 3.5, 4.7, 4.5, 4.7
81, 6, 6.6, 6.5, 6.0, 5.2, 2.2, 8.2, 8.2, 7.8, 7.3, 8.3, 3.9, 5.0, 4.7, 5.1
81, 7, 6.1, 6.0, 5.6, 4.9, 2.2, 7.5, 7.5, 7.2, 6.7, 7.6, 3.3, 4.3, 4.0, 4.3
81, 8, 5.0, 5.1, 4.9, 4.5, 2.4, 6.1, 6.2, 6.0, 5.7, 6.2, 2.3, 2.9, 2.9, 3.0
81, 9, 5.4, 6.1, 6.2, 6.0, 3.8, 7.4, 7.9, 8.0, 7.8, 8.0, 4.1, 5.1, 5.6, 5.6
81,10, 3.8, 4.4, 4.7, 4.7, 3.5, 5.0, 5.5, 5.7, 5.7, 5.7, 2.8, 3.0, 3.6, 3.6
81,11, 3.0, 3.8, 4.3, 4.5, 3.8, 4.1, 4.7, 5.1, 5.3, 5.3, 3.0, 2.6, 3.5, 3.7
81,12, 2.3, 3.1, 3.5, 3.8, 3.3, 3.2, 3.7, 4.1, 4.3, 4.3, 2.6, 2.0, 2.8, 3.0
82, 1, 2.5, 3.2, 3.5, 3.8, 3.3, 3.3, 3.9, 4.2, 4.3, 4.4, 2.4, 2.0, 2.7, 2.9
82, 2, 3.2, 3.8, 4.1, 4.2, 3.3, 4.2, 4.7, 5.0, 5.0, 5.1, 2.7, 2.7, 3.3, 3.4
82, 3, 4.3, 4.8, 4.9, 4.8, 3.3, 5.6, 6.0, 6.1, 6.0, 6.1, 2.8, 3.3, 3.7, 3.7
82, 4, 5.1, 5.3, 5.2, 4.8, 2.7, 6.4, 6.6, 6.5, 6.2, 6.6, 3.0, 3.8, 3.9, 4.0
82, 5, 6.5, 6.5, 6.1, 5.4, 2.5, 8.4, 8.4, 8.2, 7.7, 8.5, 4.0, 5.3, 5.2, 5.4
82, 6, 6.6, 6.4, 5.9, 5.2, 2.2, 8.2, 8.1, 7.8, 7.3, 8.3, 3.8, 4.9, 4.6, 5.0
82, 7, 5.9, 5.8, 5.4, 4.8, 2.2, 7.0, 7.0, 6.7, 6.3, 7.1, 2.8, 3.6, 3.4, 3.6
82, 8, 5.6, 5.8, 5.6, 5.1, 2.7, 6.9, 7.1, 7.0, 6.6, 7.1, 2.9, 3.8, 3.8, 3.9
82, 9, 4.9, 5.4, 5.5, 5.3, 3.4, 6.3, 6.7, 6.8, 6.6, 6.8, 3.0, 3.7, 4.0, 4.0
82,10, 3.8, 4.4, 4.8, 4.8, 3.6, 4.9, 5.5, 5.7, 5.8, 5.8, 2.9, 2.9, 3.6, 3.6
82,11, 2.5, 3.2, 3.5, 3.6, 3.0, 3.3, 3.8, 4.0, 4.1, 4.1, 2.1, 1.9, 2.4, 2.5
82,12, 2.0, 2.6, 2.9, 3.0, 2.6, 2.6, 3.0, 3.3, 3.4, 3.4, 1.7, 1.3, 1.9, 2.0
83, 1, 2.5, 3.2, 3.5, 3.8, 3.2, 3.2, 3.8, 4.1, 4.2, 4.3, 2.3, 1.9, 2.5, 2.7
83, 2, 2.9, 3.3, 3.6, 3.6, 2.8, 3.5, 3.9, 4.0, 4.1, 4.1, 1.8, 1.8, 2.2, 2.3
83, 3, 4.2, 4.7, 4.9, 4.8, 3.3, 5.3, 5.7, 5.9, 5.8, 5.9, 2.7, 3.0, 3.4, 3.4
83, 4, 5.4, 5.7, 5.6, 5.2, 2.9, 6.9, 7.1, 7.0, 6.7, 7.1, 3.3, 4.2, 4.3, 4.4
83, 5, 6.3, 6.3, 5.9, 5.3, 2.4, 7.8, 7.9, 7.6, 7.2, 8.0, 3.6, 4.7, 4.5, 4.8
83, 6, 5.9, 5.7, 5.3, 4.6, 2.1, 7.0, 6.9, 6.6, 6.2, 7.1, 2.8, 3.5, 3.3, 3.6
83, 7, 6.8, 6.7, 6.3, 5.5, 2.4, 8.5, 8.5, 8.2, 7.7, 8.6, 3.9, 5.1, 4.8, 5.2
83, 8, 6.2, 6.4, 6.2, 5.6, 2.9, 7.8, 8.0, 7.9, 7.5, 8.0, 3.7, 4.7, 4.7, 4.9
83, 9, 4.8, 5.2, 5.3, 5.1, 3.3, 6.1, 6.5, 6.5, 6.4, 6.6, 2.9, 3.5, 3.9, 3.9
83,10, 3.8, 4.5, 4.8, 4.8, 3.6, 4.9, 5.5, 5.7, 5.7, 5.8, 2.9, 3.0, 3.6, 3.6
83,11, 2.9, 3.7, 4.2, 4.4, 3.8, 4.0, 4.6, 5.0, 5.2, 5.2, 3.0, 2.6, 3.4, 3.6
83,12, 2.3, 3.0, 3.4, 3.6, 3.2, 3.0, 3.5, 3.8, 4.0, 4.1, 2.3, 1.7, 2.4, 2.6
84, 1, 2.8, 3.7, 4.3, 4.5, 4.0, 3.9, 4.6, 5.0, 5.2, 5.3, 3.2, 2.6, 3.6, 3.8
84, 2, 3.6, 4.5, 4.9, 5.1, 4.1, 4.9, 5.6, 5.9, 6.1, 6.1, 3.4, 3.3, 4.1, 4.2
84, 3, 4.7, 5.3, 5.5, 5.4, 3.7, 6.2, 6.7, 6.9, 6.8, 6.9, 3.6, 4.2, 4.7, 4.7
84, 4, 5.0, 5.2, 5.1, 4.7, 2.7, 6.3, 6.5, 6.4, 6.2, 6.6, 2.7, 3.7, 3.8, 3.8
84, 5, 6.3, 6.3, 5.9, 5.3, 2.4, 8.1, 8.2, 7.9, 7.4, 8.3, 3.9, 5.1, 4.9, 5.2
84, 6, 7.3, 7.1, 6.5, 5.7, 2.3, 9.4, 9.4, 9.0, 8.4, 9.6, 4.8, 6.2, 5.8, 6.3
84, 7, 5.6, 5.5, 5.1, 4.5, 2.1, 6.6, 6.6, 6.3, 5.9, 6.7, 2.6, 3.3, 3.2, 3.4
84, 8, 5.8, 6.0, 5.8, 5.3, 2.8, 7.2, 7.4, 7.3, 6.9, 7.4, 3.2, 4.2, 4.2, 4.3
84, 9, 5.5, 6.1, 6.2, 6.0, 3.7, 7.4, 7.9, 8.0, 7.8, 8.0, 4.0, 4.9, 5.3, 5.3
84,10, 3.9, 4.6, 4.9, 4.9, 3.7, 5.2, 5.7, 5.9, 6.0, 6.0, 3.0, 3.2, 3.8, 3.8
84,11, 3.0, 3.9, 4.4, 4.6, 4.0, 4.1, 4.8, 5.2, 5.4, 5.4, 3.2, 2.7, 3.6, 3.8
84,12, 2.5, 3.4, 3.9, 4.2, 3.7, 3.5, 4.1, 4.5, 4.8, 4.8, 2.9, 2.2, 3.1, 3.4
85, 1, 2.7, 3.7, 4.2, 4.5, 4.0, 3.9, 4.6, 5.0, 5.3, 5.3, 3.3, 2.7, 3.7, 3.9
85, 2, 3.4, 4.2, 4.5, 4.6, 3.7, 4.5, 5.1, 5.4, 5.5, 5.5, 2.9, 2.9, 3.6, 3.7
85, 3, 4.7, 5.3, 5.5, 5.4, 3.7, 6.3, 6.8, 6.9, 6.9, 7.0, 3.5, 4.1, 4.7, 4.7
85, 4, 6.2, 6.6, 6.5, 6.1, 3.3, 8.3, 8.7, 8.6, 8.3, 8.7, 4.3, 5.7, 5.9, 6.0
85, 5, 6.3, 6.3, 5.9, 5.3, 2.4, 8.0, 8.0, 7.8, 7.3, 8.1, 3.7, 4.8, 4.7, 4.9
85, 6, 6.4, 6.3, 5.8, 5.0, 2.2, 8.1, 8.0, 7.7, 7.1, 8.1, 3.6, 4.7, 4.4, 4.8
85, 7, 5.7, 5.6, 5.3, 4.6, 2.1, 6.9, 6.9, 6.6, 6.2, 7.0, 2.9, 3.8, 3.5, 3.8
85, 8, 5.5, 5.7, 5.4, 5.0, 2.6, 6.8, 6.9, 6.8, 6.4, 7.0, 2.8, 3.6, 3.6, 3.7
85, 9, 5.4, 6.0, 6.1, 5.8, 3.7, 7.1, 7.6, 7.7, 7.5, 7.7, 3.6, 4.4, 4.8, 4.9
85,10, 3.4, 3.8, 4.0, 4.0, 2.9, 4.2, 4.6, 4.8, 4.7, 4.8, 2.1, 2.3, 2.7, 2.7
85,11, 2.5, 3.1, 3.4, 3.5, 2.9, 3.3, 3.7, 3.9, 4.0, 4.1, 2.0, 1.8, 2.3, 2.4
85,12, 2.8, 3.9, 4.6, 5.0, 4.6, 4.1, 4.9, 5.5, 5.8, 5.9, 3.9, 3.0, 4.2, 4.6
86, 1, 3.0, 4.1, 4.8, 5.2, 4.6, 4.5, 5.3, 5.8, 6.1, 6.2, 3.9, 3.2, 4.4, 4.7
86, 2, 3.4, 4.2, 4.6, 4.7, 3.8, 4.7, 5.3, 5.6, 5.6, 5.7, 3.0, 3.0, 3.7, 3.8
86, 3, 5.3, 6.2, 6.5, 6.4, 4.3, 7.6, 8.3, 8.5, 8.4, 8.5, 4.8, 5.8, 6.5, 6.5
86, 4, 6.5, 6.9, 6.8, 6.3, 3.4, 8.9, 9.2, 9.2, 8.8, 9.3, 4.9, 6.4, 6.6, 6.7
86, 5, 6.2, 6.2, 5.9, 5.2, 2.4, 7.9, 8.0, 7.7, 7.3, 8.0, 3.7, 4.8, 4.7, 4.9
86, 6, 6.9, 6.8, 6.2, 5.4, 2.2, 8.9, 8.8, 8.4, 7.8, 9.0, 4.3, 5.6, 5.2, 5.6
86, 7, 7.1, 7.0, 6.5, 5.7, 2.4, 9.2, 9.2, 8.8, 8.3, 9.3, 4.6, 6.0, 5.7, 6.1
86, 8, 5.6, 5.7, 5.5, 5.0, 2.6, 6.8, 6.9, 6.8, 6.4, 7.0, 2.9, 3.7, 3.6, 3.8
86, 9, 4.7, 5.2, 5.3, 5.1, 3.3, 6.1, 6.4, 6.5, 6.4, 6.5, 2.9, 3.5, 3.9, 3.9
86,10, 3.9, 4.7, 5.0, 5.1, 3.8, 5.3, 5.8, 6.1, 6.1, 6.2, 3.2, 3.3, 4.0, 4.0
86,11, 2.4, 2.9, 3.1, 3.2, 2.6, 2.9, 3.2, 3.4, 3.5, 3.5, 1.6, 1.3, 1.8, 1.9
86,12, 2.2, 2.8, 3.1, 3.3, 2.8, 2.8, 3.2, 3.5, 3.6, 3.7, 2.0, 1.5, 2.1, 2.3
87, 1, 2.5, 3.3, 3.7, 3.8, 3.3, 3.4, 3.9, 4.3, 4.4, 4.5, 2.4, 2.0, 2.7, 2.9
87, 2, 2.9, 3.4, 3.7, 3.7, 2.9, 3.6, 4.0, 4.2, 4.2, 4.3, 2.0, 1.9, 2.4, 2.5
87, 3, 4.4, 5.0, 5.2, 5.1, 3.5, 5.9, 6.4, 6.5, 6.4, 6.6, 3.2, 3.8, 4.3, 4.3
87, 4, 6.3, 6.6, 6.5, 6.0, 3.3, 8.5, 8.8, 8.7, 8.4, 8.8, 4.5, 6.0, 6.1, 6.2
87, 5, 6.1, 6.1, 5.7, 5.1, 2.4, 7.7, 7.7, 7.5, 7.0, 7.8, 3.4, 4.5, 4.3, 4.6
87, 6, 6.5, 6.3, 5.8, 5.1, 2.1, 8.1, 8.1, 7.7, 7.2, 8.2, 3.9, 5.0, 4.7, 5.1
87, 7, 7.0, 6.9, 6.4, 5.6, 2.4, 8.9, 8.9, 8.6, 8.0, 9.0, 4.4, 5.7, 5.4, 5.8
87, 8, 6.2, 6.4, 6.2, 5.6, 2.8, 8.0, 8.2, 8.0, 7.6, 8.2, 3.8, 5.0, 5.0, 5.2
87, 9, 5.3, 5.8, 5.9, 5.7, 3.6, 6.8, 7.3, 7.4, 7.2, 7.4, 3.6, 4.4, 4.8, 4.8
87,10, 4.8, 5.9, 6.4, 6.5, 5.0, 6.9, 7.8, 8.1, 8.2, 8.2, 4.9, 5.2, 6.2, 6.3
87,11, 3.1, 4.1, 4.6, 4.8, 4.1, 4.4, 5.1, 5.5, 5.7, 5.7, 3.4, 2.9, 3.9, 4.1
87,12, 2.4, 3.1, 3.6, 3.8, 3.4, 3.3, 3.8, 4.2, 4.4, 4.5, 2.6, 2.0, 2.8, 3.1
88, 1, 2.8, 3.7, 4.2, 4.4, 3.9, 3.9, 4.5, 4.9, 5.1, 5.2, 3.0, 2.5, 3.4, 3.7
88, 2, 3.9, 4.8, 5.3, 5.5, 4.3, 5.5, 6.3, 6.6, 6.7, 6.8, 4.0, 4.0, 4.9, 5.0
88, 3, 5.0, 5.7, 5.9, 5.8, 3.9, 6.8, 7.4, 7.5, 7.4, 7.6, 4.1, 4.8, 5.4, 5.5
88, 4, 5.9, 6.2, 6.1, 5.7, 3.1, 7.8, 8.1, 8.0, 7.7, 8.1, 4.0, 5.3, 5.4, 5.5
88, 5, 7.2, 7.1, 6.7, 5.9, 2.6, 9.6, 9.6, 9.4, 8.8, 9.8, 5.1, 6.9, 6.6, 7.0
88, 6, 7.3, 7.1, 6.6, 5.7, 2.3, 9.5, 9.4, 9.0, 8.4, 9.6, 4.8, 6.3, 5.8, 6.3
88, 7, 6.3, 6.2, 5.8, 5.1, 2.3, 7.8, 7.8, 7.5, 7.0, 7.9, 3.5, 4.5, 4.3, 4.6
88, 8, 5.8, 6.0, 5.8, 5.3, 2.7, 7.4, 7.5, 7.4, 7.0, 7.6, 3.2, 4.2, 4.2, 4.3
88, 9, 4.4, 4.8, 4.9, 4.7, 3.0, 5.5, 5.8, 5.9, 5.7, 5.9, 2.4, 3.0, 3.3, 3.3
88,10, 4.1, 4.9, 5.3, 5.3, 4.0, 5.6, 6.2, 6.5, 6.6, 6.6, 3.5, 3.8, 4.5, 4.5
88,11, 2.8, 3.6, 4.1, 4.3, 3.6, 3.9, 4.5, 4.8, 5.0, 5.0, 2.8, 2.5, 3.3, 3.4
88,12, 2.7, 3.8, 4.4, 4.7, 4.3, 3.9, 4.7, 5.2, 5.5, 5.6, 3.6, 2.8, 3.9, 4.3
89, 1, 2.8, 3.6, 4.1, 4.3, 3.8, 3.8, 4.5, 4.9, 5.1, 5.1, 2.9, 2.4, 3.3, 3.5
89, 2, 3.2, 3.8, 4.1, 4.1, 3.2, 4.1, 4.6, 4.8, 4.9, 4.9, 2.4, 2.4, 3.0, 3.0
89, 3, 4.1, 4.6, 4.7, 4.5, 3.1, 5.3, 5.6, 5.7, 5.6, 5.7, 2.6, 3.1, 3.5, 3.5
89, 4, 5.7, 6.1, 5.9, 5.5, 3.0, 7.6, 7.8, 7.8, 7.5, 7.9, 3.8, 4.9, 5.1, 5.2
89, 5, 6.5, 6.5, 6.1, 5.4, 2.4, 8.4, 8.4, 8.1, 7.6, 8.5, 4.1, 5.4, 5.2, 5.5
89, 6, 5.7, 5.6, 5.2, 4.5, 2.0, 6.8, 6.8, 6.5, 6.0, 6.9, 2.8, 3.5, 3.3, 3.6
89, 7, 6.1, 6.0, 5.6, 5.0, 2.2, 7.5, 7.5, 7.2, 6.7, 7.6, 3.3, 4.3, 4.0, 4.3
89, 8, 6.3, 6.4, 6.2, 5.7, 2.9, 8.1, 8.3, 8.1, 7.7, 8.3, 3.8, 5.0, 5.0, 5.2
89, 9, 4.4, 4.7, 4.8, 4.5, 2.8, 5.4, 5.7, 5.7, 5.5, 5.7, 2.3, 2.8, 3.1, 3.1
89,10, 4.2, 5.1, 5.5, 5.6, 4.2, 5.8, 6.5, 6.8, 6.8, 6.8, 3.8, 4.0, 4.8, 4.8
89,11, 3.0, 4.0, 4.5, 4.8, 4.1, 4.3, 5.0, 5.4, 5.7, 5.7, 3.4, 3.0, 3.9, 4.1
89,12, 2.4, 3.3, 3.7, 4.0, 3.6, 3.4, 4.0, 4.4, 4.6, 4.7, 2.8, 2.2, 3.0, 3.3
90, 1, 2.8, 3.7, 4.3, 4.6, 4.0, 4.0, 4.7, 5.1, 5.4, 5.4, 3.4, 2.8, 3.8, 4.1
90, 2, 3.6, 4.4, 4.9, 5.0, 4.0, 5.0, 5.7, 6.0, 6.1, 6.1, 3.4, 3.4, 4.2, 4.3
90, 3, 4.6, 5.2, 5.4, 5.3, 3.7, 6.3, 6.8, 6.9, 6.8, 6.9, 3.5, 4.1, 4.7, 4.7
90, 4, 5.8, 6.2, 6.1, 5.7, 3.1, 7.7, 8.0, 8.0, 7.7, 8.1, 3.9, 5.2, 5.3, 5.4
90, 5, 6.5, 6.5, 6.1, 5.4, 2.5, 8.3, 8.3, 8.1, 7.6, 8.4, 4.0, 5.2, 5.0, 5.3
90, 6, 7.1, 6.9, 6.3, 5.5, 2.2, 9.1, 9.0, 8.6, 8.0, 9.2, 4.5, 5.9, 5.5, 5.9
90, 7, 6.7, 6.6, 6.2, 5.4, 2.3, 8.6, 8.5, 8.2, 7.7, 8.7, 4.1, 5.3, 5.0, 5.4
90, 8, 6.1, 6.3, 6.1, 5.6, 2.8, 8.0, 8.2, 8.0, 7.6, 8.2, 3.7, 4.9, 4.9, 5.0
90, 9, 5.6, 6.2, 6.3, 6.1, 3.8, 7.5, 8.0, 8.1, 7.9, 8.1, 4.0, 5.0, 5.4, 5.5
90,10, 4.0, 4.9, 5.3, 5.3, 4.1, 5.6, 6.2, 6.5, 6.5, 6.6, 3.7, 3.8, 4.6, 4.7
90,11, 3.4, 4.5, 5.2, 5.5, 4.8, 5.0, 5.8, 6.3, 6.6, 6.6, 4.1, 3.6, 4.8, 5.0
90,12, 2.2, 2.9, 3.2, 3.5, 3.0, 2.9, 3.4, 3.7, 3.9, 3.9, 2.2, 1.7, 2.4, 2.6
