"City:    ","MEMPHIS               "
"State:   ","TN"
"WBAN No: ", 13893
"Lat(N):  ", 35.05
"Long(W): ", 89.98
"Elev(m): ",    87
"Pres(mb):",  1008
"Stn Type:","Secondary"
"MONTHLY SOLAR RADIATION (kWh/m2/day)"
"COLUMN A: Year"
"COLUMN B: Month"
"COLUMN C: Flat-Plate Collector Facing South at Fixed Tilt=0"
"COLUMN D: Flat-Plate Collector Facing South at Fixed Tilt=Lat-15"
"COLUMN E: Flat-Plate Collector Facing South at Fixed Tilt=Lat"
"COLUMN F: Flat-Plate Collector Facing South at Fixed Tilt=Lat+15"
"COLUMN G: Flat-Plate Collector Facing South at Fixed Tilt=90"
"COLUMN H: 1-Axis Tracking Flat-Plate Collector with North-South Axis, Axis Tilt=0"
"COLUMN I: 1-Axis Tracking Flat-Plate Collector with North-South Axis, Axis Tilt=Lat-15"
"COLUMN J: 1-Axis Tracking Flat-Plate Collector with North-South Axis, Axis Tilt=Lat"
"COLUMN K: 1-Axis Tracking Flat-Plate Collector with North-South Axis, Axis Tilt=Lat+15"
"COLUMN L: 2-Axis Tracking Flat-Plate Collector"
"COLUMN M: 1-Axis Tracking Concentrating Collector with East-West Horizontal Axis"
"COLUMN N: 1-Axis Tracking Concentrating Collector with North-South Horizontal Axis"
"COLUMN O: 1-Axis Tracking Concentrating Collector with North-South Axis, Axis Tilt=Lat"
"COLUMN P: 2-Axis Tracking Concentrating Collector"
"COL A","COL B","COL C","COL D","COL E","COL F","COL G","COL H","COL I","COL J","COL K","COL L","COL M","COL N","COL O","COL P"
61, 1, 2.6, 3.5, 4.0, 4.2, 3.7, 3.6, 4.3, 4.7, 4.9, 4.9, 2.9, 2.3, 3.2, 3.5
61, 2, 2.8, 3.4, 3.6, 3.7, 2.9, 3.7, 4.1, 4.3, 4.3, 4.3, 2.1, 2.1, 2.6, 2.7
61, 3, 4.0, 4.5, 4.7, 4.6, 3.2, 5.2, 5.6, 5.7, 5.6, 5.7, 2.7, 3.1, 3.6, 3.6
61, 4, 5.4, 5.7, 5.6, 5.1, 2.9, 7.1, 7.4, 7.3, 7.0, 7.4, 3.5, 4.7, 4.8, 4.9
61, 5, 6.0, 6.0, 5.6, 5.0, 2.4, 7.6, 7.6, 7.4, 6.9, 7.7, 3.6, 4.7, 4.5, 4.8
61, 6, 5.9, 5.8, 5.3, 4.6, 2.1, 7.4, 7.3, 7.0, 6.5, 7.4, 3.1, 4.1, 3.8, 4.1
61, 7, 6.0, 5.9, 5.5, 4.8, 2.3, 7.5, 7.5, 7.2, 6.8, 7.6, 3.3, 4.4, 4.2, 4.4
61, 8, 5.5, 5.6, 5.4, 4.9, 2.6, 7.1, 7.3, 7.1, 6.8, 7.3, 3.1, 4.2, 4.2, 4.3
61, 9, 4.9, 5.4, 5.5, 5.3, 3.5, 6.6, 7.0, 7.1, 6.9, 7.1, 3.2, 4.1, 4.4, 4.4
61,10, 4.1, 5.1, 5.5, 5.6, 4.3, 5.8, 6.6, 6.9, 6.9, 6.9, 3.9, 4.1, 4.9, 5.0
61,11, 2.3, 3.0, 3.2, 3.3, 2.8, 3.0, 3.5, 3.7, 3.8, 3.8, 1.9, 1.6, 2.2, 2.3
61,12, 1.9, 2.4, 2.7, 2.8, 2.4, 2.4, 2.8, 3.0, 3.1, 3.1, 1.6, 1.2, 1.7, 1.9
62, 1, 2.4, 3.2, 3.6, 3.8, 3.4, 3.3, 3.9, 4.2, 4.4, 4.4, 2.5, 2.0, 2.8, 3.0
62, 2, 3.2, 4.0, 4.4, 4.5, 3.7, 4.4, 5.0, 5.3, 5.4, 5.5, 3.1, 2.9, 3.8, 3.9
62, 3, 4.1, 4.7, 4.8, 4.7, 3.3, 5.5, 6.0, 6.1, 6.0, 6.1, 2.9, 3.5, 4.0, 4.0
62, 4, 5.3, 5.6, 5.5, 5.1, 2.9, 7.1, 7.4, 7.3, 7.0, 7.4, 3.5, 4.7, 4.8, 4.9
62, 5, 7.0, 7.1, 6.6, 5.9, 2.7, 9.5, 9.6, 9.3, 8.8, 9.7, 5.0, 6.7, 6.5, 6.9
62, 6, 6.0, 5.9, 5.4, 4.7, 2.1, 7.7, 7.6, 7.3, 6.8, 7.8, 3.5, 4.6, 4.3, 4.7
62, 7, 6.6, 6.6, 6.1, 5.3, 2.4, 8.5, 8.5, 8.2, 7.7, 8.7, 4.2, 5.5, 5.2, 5.6
62, 8, 6.2, 6.5, 6.2, 5.7, 2.9, 8.4, 8.6, 8.4, 8.0, 8.6, 4.3, 5.7, 5.7, 5.9
62, 9, 4.4, 4.9, 4.9, 4.7, 3.1, 5.6, 6.0, 6.0, 5.9, 6.1, 2.6, 3.2, 3.5, 3.5
62,10, 3.8, 4.7, 5.0, 5.1, 3.9, 5.3, 5.9, 6.2, 6.2, 6.2, 3.3, 3.5, 4.2, 4.2
62,11, 2.6, 3.3, 3.7, 3.9, 3.3, 3.5, 4.1, 4.3, 4.5, 4.5, 2.5, 2.2, 2.9, 3.0
62,12, 2.3, 3.3, 3.7, 4.0, 3.6, 3.3, 4.0, 4.4, 4.6, 4.7, 2.8, 2.1, 3.0, 3.3
63, 1, 2.5, 3.4, 3.9, 4.1, 3.7, 3.5, 4.2, 4.6, 4.8, 4.8, 2.8, 2.3, 3.2, 3.4
63, 2, 3.6, 4.6, 5.0, 5.2, 4.2, 5.1, 5.9, 6.2, 6.3, 6.3, 3.7, 3.7, 4.6, 4.7
63, 3, 4.7, 5.5, 5.7, 5.6, 3.9, 6.6, 7.2, 7.3, 7.2, 7.3, 3.9, 4.6, 5.2, 5.3
63, 4, 5.2, 5.6, 5.5, 5.1, 3.0, 6.8, 7.1, 7.0, 6.7, 7.1, 3.3, 4.3, 4.5, 4.6
63, 5, 6.3, 6.4, 6.0, 5.3, 2.5, 8.3, 8.4, 8.1, 7.7, 8.5, 4.1, 5.4, 5.2, 5.5
63, 6, 6.4, 6.3, 5.8, 5.0, 2.2, 8.4, 8.3, 8.0, 7.4, 8.5, 4.0, 5.4, 5.0, 5.4
63, 7, 6.3, 6.2, 5.7, 5.0, 2.3, 8.0, 8.0, 7.7, 7.2, 8.1, 3.7, 4.8, 4.6, 4.9
63, 8, 6.0, 6.3, 6.0, 5.5, 2.9, 7.9, 8.1, 8.0, 7.6, 8.2, 3.9, 5.1, 5.1, 5.3
63, 9, 4.9, 5.4, 5.5, 5.3, 3.4, 6.4, 6.9, 6.9, 6.8, 6.9, 3.3, 4.0, 4.4, 4.4
63,10, 4.6, 5.8, 6.3, 6.5, 5.0, 6.9, 7.8, 8.1, 8.2, 8.2, 4.9, 5.2, 6.2, 6.3
63,11, 2.8, 3.7, 4.1, 4.3, 3.7, 3.8, 4.5, 4.8, 5.0, 5.1, 3.0, 2.5, 3.4, 3.6
63,12, 2.5, 3.5, 4.1, 4.4, 4.1, 3.6, 4.3, 4.8, 5.1, 5.1, 3.0, 2.3, 3.2, 3.5
64, 1, 2.7, 3.7, 4.3, 4.6, 4.1, 3.9, 4.7, 5.1, 5.4, 5.4, 3.3, 2.7, 3.7, 4.0
64, 2, 3.4, 4.4, 4.8, 4.9, 4.0, 4.9, 5.6, 5.9, 6.0, 6.0, 3.4, 3.3, 4.1, 4.2
64, 3, 4.5, 5.2, 5.3, 5.2, 3.6, 6.0, 6.6, 6.7, 6.6, 6.7, 3.4, 4.0, 4.6, 4.6
64, 4, 4.9, 5.2, 5.1, 4.7, 2.7, 6.3, 6.5, 6.4, 6.1, 6.5, 2.9, 3.8, 3.9, 4.0
64, 5, 6.2, 6.2, 5.8, 5.2, 2.5, 8.0, 8.1, 7.8, 7.4, 8.1, 3.8, 5.1, 4.9, 5.2
64, 6, 6.7, 6.5, 6.0, 5.2, 2.2, 8.8, 8.7, 8.3, 7.8, 8.9, 4.2, 5.6, 5.2, 5.7
64, 7, 6.5, 6.4, 6.0, 5.2, 2.4, 8.3, 8.3, 7.9, 7.4, 8.4, 3.9, 5.1, 4.8, 5.2
64, 8, 5.8, 6.0, 5.8, 5.3, 2.8, 7.4, 7.6, 7.4, 7.1, 7.6, 3.5, 4.5, 4.5, 4.6
64, 9, 5.2, 5.8, 5.8, 5.6, 3.6, 6.7, 7.2, 7.3, 7.1, 7.3, 3.6, 4.3, 4.7, 4.7
64,10, 4.2, 5.3, 5.7, 5.9, 4.6, 6.1, 6.9, 7.2, 7.3, 7.3, 4.2, 4.4, 5.4, 5.4
64,11, 2.8, 3.8, 4.2, 4.5, 3.9, 3.9, 4.7, 5.0, 5.2, 5.3, 3.2, 2.6, 3.6, 3.8
64,12, 1.8, 2.3, 2.6, 2.7, 2.3, 2.3, 2.7, 2.9, 3.0, 3.0, 1.5, 1.1, 1.6, 1.8
65, 1, 2.5, 3.4, 3.9, 4.1, 3.6, 3.5, 4.1, 4.5, 4.7, 4.7, 2.7, 2.2, 3.0, 3.2
65, 2, 3.4, 4.3, 4.7, 4.9, 4.0, 4.8, 5.4, 5.8, 5.9, 5.9, 3.2, 3.1, 3.9, 4.0
65, 3, 3.9, 4.3, 4.3, 4.2, 2.9, 4.8, 5.1, 5.2, 5.1, 5.2, 2.0, 2.4, 2.7, 2.7
65, 4, 5.7, 6.1, 5.9, 5.5, 3.1, 7.6, 7.9, 7.8, 7.5, 7.9, 3.8, 5.0, 5.2, 5.3
65, 5, 6.2, 6.2, 5.9, 5.2, 2.5, 7.9, 8.0, 7.7, 7.3, 8.1, 3.6, 4.8, 4.6, 4.8
65, 6, 6.6, 6.4, 5.9, 5.1, 2.3, 8.4, 8.4, 8.0, 7.5, 8.6, 3.9, 5.2, 4.8, 5.2
65, 7, 6.8, 6.7, 6.2, 5.4, 2.4, 8.8, 8.8, 8.4, 7.9, 8.9, 4.3, 5.6, 5.3, 5.7
65, 8, 6.2, 6.5, 6.3, 5.7, 3.0, 8.3, 8.5, 8.4, 8.0, 8.5, 4.0, 5.3, 5.3, 5.5
65, 9, 4.7, 5.2, 5.2, 5.0, 3.2, 6.3, 6.7, 6.7, 6.5, 6.7, 3.0, 3.9, 4.3, 4.3
65,10, 4.2, 5.3, 5.7, 5.8, 4.5, 6.0, 6.8, 7.1, 7.2, 7.2, 4.1, 4.2, 5.1, 5.2
65,11, 2.7, 3.5, 4.0, 4.2, 3.6, 3.7, 4.3, 4.6, 4.8, 4.8, 2.7, 2.2, 3.0, 3.2
65,12, 2.3, 3.2, 3.6, 3.9, 3.5, 3.2, 3.8, 4.2, 4.4, 4.5, 2.6, 2.0, 2.8, 3.0
66, 1, 2.5, 3.3, 3.8, 4.0, 3.6, 3.5, 4.1, 4.4, 4.6, 4.6, 2.5, 2.0, 2.8, 3.0
66, 2, 3.1, 3.8, 4.1, 4.2, 3.4, 4.1, 4.7, 4.9, 5.0, 5.0, 2.6, 2.5, 3.2, 3.3
66, 3, 4.9, 5.7, 6.0, 5.9, 4.1, 6.9, 7.5, 7.7, 7.6, 7.7, 4.2, 4.9, 5.5, 5.5
66, 4, 4.9, 5.1, 5.1, 4.7, 2.8, 6.2, 6.4, 6.3, 6.1, 6.4, 2.7, 3.5, 3.6, 3.7
66, 5, 6.4, 6.4, 6.1, 5.4, 2.5, 8.4, 8.5, 8.2, 7.7, 8.6, 4.2, 5.6, 5.4, 5.7
66, 6, 7.1, 6.9, 6.4, 5.5, 2.3, 9.1, 9.0, 8.6, 8.1, 9.2, 4.5, 5.8, 5.5, 5.9
66, 7, 6.7, 6.6, 6.1, 5.3, 2.4, 8.7, 8.7, 8.4, 7.8, 8.8, 4.2, 5.5, 5.2, 5.6
66, 8, 5.5, 5.7, 5.5, 5.0, 2.7, 7.1, 7.3, 7.1, 6.8, 7.3, 3.1, 4.1, 4.1, 4.2
66, 9, 4.6, 5.1, 5.2, 4.9, 3.2, 6.0, 6.4, 6.5, 6.3, 6.5, 2.8, 3.5, 3.8, 3.8
66,10, 4.1, 5.1, 5.4, 5.5, 4.3, 5.7, 6.4, 6.7, 6.8, 6.8, 3.8, 3.9, 4.8, 4.8
66,11, 2.6, 3.3, 3.7, 3.9, 3.3, 3.5, 4.0, 4.3, 4.5, 4.5, 2.4, 2.0, 2.7, 2.9
66,12, 2.0, 2.6, 2.9, 3.1, 2.7, 2.5, 3.0, 3.3, 3.4, 3.4, 1.7, 1.3, 1.8, 2.0
67, 1, 2.5, 3.5, 3.9, 4.2, 3.7, 3.6, 4.2, 4.6, 4.8, 4.9, 2.8, 2.2, 3.1, 3.3
67, 2, 3.3, 4.1, 4.4, 4.6, 3.7, 4.5, 5.1, 5.4, 5.5, 5.5, 3.0, 2.9, 3.7, 3.8
67, 3, 4.4, 5.0, 5.2, 5.1, 3.6, 5.9, 6.4, 6.5, 6.4, 6.5, 3.2, 3.7, 4.2, 4.2
67, 4, 5.4, 5.8, 5.7, 5.3, 3.1, 7.1, 7.4, 7.4, 7.1, 7.5, 3.4, 4.5, 4.6, 4.7
67, 5, 6.1, 6.1, 5.7, 5.1, 2.4, 7.7, 7.7, 7.5, 7.0, 7.8, 3.6, 4.8, 4.6, 4.8
67, 6, 6.5, 6.3, 5.8, 5.0, 2.2, 8.4, 8.4, 8.0, 7.5, 8.6, 3.9, 5.2, 4.8, 5.3
67, 7, 5.9, 5.8, 5.4, 4.7, 2.3, 7.3, 7.2, 7.0, 6.5, 7.4, 3.1, 4.0, 3.8, 4.1
67, 8, 5.7, 5.9, 5.7, 5.2, 2.8, 7.2, 7.4, 7.2, 6.9, 7.4, 3.2, 4.2, 4.2, 4.4
67, 9, 4.6, 5.1, 5.2, 5.0, 3.3, 6.0, 6.4, 6.4, 6.3, 6.4, 2.8, 3.4, 3.8, 3.8
67,10, 4.2, 5.1, 5.5, 5.6, 4.3, 5.8, 6.5, 6.8, 6.9, 6.9, 3.8, 4.0, 4.8, 4.8
67,11, 2.8, 3.7, 4.2, 4.4, 3.8, 3.9, 4.6, 4.9, 5.1, 5.2, 3.0, 2.6, 3.4, 3.6
67,12, 2.2, 3.1, 3.5, 3.8, 3.4, 3.1, 3.7, 4.1, 4.3, 4.3, 2.6, 1.9, 2.8, 3.0
68, 1, 2.3, 2.9, 3.2, 3.4, 2.9, 3.0, 3.4, 3.7, 3.8, 3.8, 1.9, 1.5, 2.1, 2.3
68, 2, 3.2, 4.0, 4.3, 4.4, 3.6, 4.3, 4.9, 5.2, 5.3, 5.3, 2.7, 2.5, 3.3, 3.3
68, 3, 4.7, 5.4, 5.6, 5.5, 4.0, 6.3, 6.8, 7.0, 7.0, 7.0, 3.5, 4.0, 4.6, 4.6
68, 4, 5.0, 5.2, 5.1, 4.7, 2.7, 6.4, 6.6, 6.5, 6.3, 6.7, 2.8, 3.8, 3.9, 4.0
68, 5, 6.0, 6.0, 5.6, 5.0, 2.5, 7.5, 7.5, 7.3, 6.8, 7.6, 3.2, 4.3, 4.1, 4.4
68, 6, 7.0, 6.8, 6.3, 5.4, 2.3, 9.1, 9.0, 8.6, 8.1, 9.2, 4.5, 5.9, 5.6, 6.0
68, 7, 6.5, 6.4, 6.0, 5.3, 2.4, 8.2, 8.2, 7.9, 7.4, 8.3, 3.7, 4.8, 4.5, 4.9
68, 8, 5.9, 6.2, 6.0, 5.4, 2.9, 7.7, 7.9, 7.7, 7.3, 7.9, 3.5, 4.6, 4.6, 4.7
68, 9, 5.1, 5.7, 5.8, 5.6, 3.7, 6.9, 7.4, 7.5, 7.3, 7.5, 3.8, 4.6, 5.1, 5.1
68,10, 3.9, 4.9, 5.3, 5.3, 4.2, 5.5, 6.2, 6.5, 6.5, 6.5, 3.6, 3.6, 4.4, 4.5
68,11, 2.5, 3.2, 3.5, 3.6, 3.1, 3.2, 3.7, 4.0, 4.1, 4.2, 2.1, 1.7, 2.4, 2.5
68,12, 2.5, 3.5, 4.1, 4.4, 4.0, 3.5, 4.3, 4.8, 5.0, 5.1, 3.2, 2.4, 3.5, 3.7
69, 1, 2.2, 2.9, 3.2, 3.4, 2.9, 2.9, 3.4, 3.7, 3.8, 3.8, 1.9, 1.5, 2.1, 2.3
69, 2, 3.2, 4.0, 4.3, 4.4, 3.5, 4.3, 4.9, 5.1, 5.2, 5.2, 2.7, 2.7, 3.4, 3.5
69, 3, 4.3, 4.8, 5.0, 4.9, 3.4, 5.8, 6.2, 6.3, 6.3, 6.4, 3.0, 3.6, 4.1, 4.1
69, 4, 5.6, 5.9, 5.8, 5.3, 3.0, 7.4, 7.7, 7.6, 7.3, 7.7, 3.6, 4.8, 5.0, 5.1
69, 5, 6.5, 6.5, 6.1, 5.4, 2.5, 8.6, 8.7, 8.4, 7.9, 8.8, 4.3, 5.8, 5.6, 5.9
69, 6, 6.7, 6.5, 6.0, 5.2, 2.3, 8.8, 8.7, 8.3, 7.8, 8.9, 4.2, 5.5, 5.2, 5.6
69, 7, 6.6, 6.4, 6.0, 5.2, 2.3, 8.6, 8.6, 8.3, 7.7, 8.7, 4.1, 5.5, 5.2, 5.6
69, 8, 6.1, 6.3, 6.1, 5.5, 2.9, 8.0, 8.2, 8.1, 7.7, 8.3, 4.0, 5.2, 5.2, 5.4
69, 9, 4.9, 5.4, 5.5, 5.3, 3.5, 6.6, 7.0, 7.1, 6.9, 7.1, 3.4, 4.2, 4.6, 4.7
69,10, 3.9, 4.7, 5.0, 5.1, 3.9, 5.3, 5.9, 6.2, 6.2, 6.2, 3.3, 3.4, 4.2, 4.2
69,11, 3.0, 4.1, 4.7, 4.9, 4.3, 4.4, 5.2, 5.6, 5.9, 5.9, 3.6, 3.1, 4.2, 4.4
69,12, 2.2, 3.1, 3.5, 3.8, 3.4, 3.2, 3.8, 4.1, 4.3, 4.4, 2.6, 2.0, 2.8, 3.0
70, 1, 2.6, 3.5, 4.0, 4.3, 3.8, 3.7, 4.3, 4.7, 4.9, 5.0, 2.9, 2.3, 3.2, 3.4
70, 2, 3.3, 4.2, 4.5, 4.7, 3.7, 4.6, 5.2, 5.5, 5.6, 5.6, 3.1, 3.0, 3.8, 3.9
70, 3, 4.0, 4.5, 4.6, 4.4, 3.1, 5.1, 5.4, 5.5, 5.4, 5.6, 2.5, 2.8, 3.3, 3.3
70, 4, 5.3, 5.7, 5.6, 5.2, 3.0, 6.9, 7.2, 7.1, 6.8, 7.2, 3.2, 4.2, 4.3, 4.4
70, 5, 6.6, 6.6, 6.2, 5.5, 2.6, 8.7, 8.8, 8.5, 8.0, 8.9, 4.4, 5.9, 5.7, 6.0
70, 6, 6.7, 6.5, 6.0, 5.2, 2.2, 8.7, 8.6, 8.3, 7.7, 8.8, 4.3, 5.6, 5.2, 5.7
70, 7, 6.5, 6.4, 5.9, 5.2, 2.3, 8.3, 8.3, 8.0, 7.5, 8.4, 3.9, 5.1, 4.8, 5.2
70, 8, 5.7, 6.0, 5.8, 5.3, 2.8, 7.5, 7.7, 7.6, 7.2, 7.7, 3.4, 4.5, 4.5, 4.7
70, 9, 5.1, 5.7, 5.8, 5.6, 3.6, 7.0, 7.5, 7.5, 7.4, 7.6, 3.6, 4.5, 4.9, 4.9
70,10, 3.5, 4.2, 4.5, 4.5, 3.4, 4.7, 5.2, 5.4, 5.4, 5.4, 2.8, 2.9, 3.5, 3.5
70,11, 2.8, 3.7, 4.1, 4.3, 3.7, 3.8, 4.5, 4.8, 5.0, 5.0, 2.9, 2.4, 3.3, 3.4
70,12, 2.2, 2.9, 3.3, 3.5, 3.1, 2.9, 3.5, 3.8, 3.9, 4.0, 2.2, 1.7, 2.4, 2.6
71, 1, 2.4, 3.2, 3.5, 3.7, 3.3, 3.2, 3.8, 4.1, 4.3, 4.3, 2.4, 2.0, 2.7, 2.9
71, 2, 3.4, 4.3, 4.8, 4.9, 4.0, 4.8, 5.5, 5.8, 5.9, 5.9, 3.3, 3.2, 4.0, 4.1
71, 3, 4.6, 5.3, 5.5, 5.4, 3.8, 6.3, 6.9, 7.1, 7.0, 7.1, 3.6, 4.3, 4.9, 4.9
71, 4, 5.9, 6.3, 6.2, 5.7, 3.3, 8.0, 8.4, 8.3, 8.0, 8.4, 4.2, 5.6, 5.8, 5.9
71, 5, 6.4, 6.4, 6.0, 5.3, 2.5, 8.5, 8.5, 8.3, 7.8, 8.6, 4.3, 5.7, 5.5, 5.8
71, 6, 6.9, 6.8, 6.3, 5.4, 2.3, 9.0, 8.9, 8.5, 7.9, 9.1, 4.5, 5.8, 5.5, 5.9
71, 7, 6.1, 6.1, 5.6, 4.9, 2.3, 7.8, 7.7, 7.4, 7.0, 7.9, 3.5, 4.5, 4.3, 4.6
71, 8, 5.9, 6.2, 5.9, 5.4, 2.9, 7.7, 7.9, 7.7, 7.4, 7.9, 3.6, 4.7, 4.7, 4.8
71, 9, 4.8, 5.3, 5.3, 5.1, 3.3, 6.3, 6.7, 6.7, 6.6, 6.8, 2.9, 3.7, 4.0, 4.0
71,10, 4.0, 4.9, 5.3, 5.4, 4.2, 5.7, 6.4, 6.7, 6.8, 6.8, 3.6, 3.9, 4.7, 4.7
71,11, 2.9, 3.9, 4.3, 4.6, 3.9, 4.1, 4.8, 5.2, 5.4, 5.4, 3.2, 2.8, 3.7, 3.9
71,12, 2.1, 2.7, 3.0, 3.2, 2.8, 2.6, 3.1, 3.4, 3.5, 3.6, 1.9, 1.4, 2.0, 2.2
72, 1, 2.3, 3.2, 3.6, 3.8, 3.3, 3.3, 3.9, 4.2, 4.4, 4.4, 2.6, 2.1, 2.9, 3.1
72, 2, 3.5, 4.4, 4.8, 4.9, 4.0, 4.8, 5.5, 5.8, 5.9, 5.9, 3.4, 3.3, 4.1, 4.2
72, 3, 4.3, 4.8, 5.0, 4.9, 3.4, 5.8, 6.3, 6.4, 6.3, 6.4, 3.1, 3.7, 4.2, 4.3
72, 4, 5.5, 5.8, 5.7, 5.3, 3.0, 7.3, 7.5, 7.5, 7.2, 7.6, 3.5, 4.6, 4.8, 4.9
72, 5, 6.5, 6.4, 6.0, 5.3, 2.5, 8.6, 8.7, 8.4, 7.9, 8.8, 4.3, 5.8, 5.6, 5.9
72, 6, 7.1, 6.9, 6.3, 5.5, 2.3, 9.3, 9.2, 8.8, 8.2, 9.4, 4.8, 6.3, 5.9, 6.4
72, 7, 6.7, 6.6, 6.2, 5.4, 2.4, 8.8, 8.8, 8.5, 7.9, 8.9, 4.4, 5.8, 5.5, 5.9
72, 8, 6.3, 6.5, 6.3, 5.7, 3.0, 8.4, 8.6, 8.4, 8.1, 8.6, 4.2, 5.6, 5.6, 5.8
72, 9, 4.4, 4.8, 4.9, 4.7, 3.0, 5.7, 6.1, 6.1, 5.9, 6.1, 2.6, 3.3, 3.5, 3.6
72,10, 3.6, 4.3, 4.6, 4.6, 3.4, 4.8, 5.4, 5.6, 5.6, 5.6, 2.9, 3.1, 3.7, 3.7
72,11, 2.4, 3.0, 3.3, 3.4, 2.8, 3.1, 3.6, 3.8, 3.9, 3.9, 1.9, 1.7, 2.2, 2.3
72,12, 2.0, 2.6, 2.9, 3.0, 2.7, 2.6, 3.0, 3.3, 3.4, 3.4, 1.9, 1.4, 2.0, 2.2
73, 1, 2.3, 3.0, 3.4, 3.6, 3.1, 3.1, 3.7, 4.0, 4.1, 4.2, 2.3, 1.9, 2.5, 2.7
73, 2, 3.4, 4.3, 4.7, 4.8, 3.9, 4.7, 5.3, 5.7, 5.8, 5.8, 3.2, 3.1, 3.9, 4.0
73, 3, 4.0, 4.6, 4.7, 4.6, 3.2, 5.3, 5.7, 5.8, 5.7, 5.8, 2.9, 3.3, 3.8, 3.8
73, 4, 4.6, 4.8, 4.7, 4.4, 2.6, 5.8, 5.9, 5.9, 5.6, 6.0, 2.5, 3.2, 3.3, 3.4
73, 5, 6.5, 6.5, 6.1, 5.3, 2.5, 8.6, 8.7, 8.4, 7.9, 8.8, 4.4, 5.9, 5.7, 6.1
73, 6, 6.6, 6.4, 5.9, 5.2, 2.3, 8.4, 8.3, 8.0, 7.5, 8.5, 3.8, 5.0, 4.7, 5.1
73, 7, 6.4, 6.4, 5.9, 5.2, 2.3, 8.3, 8.3, 8.0, 7.5, 8.4, 3.9, 5.1, 4.8, 5.2
73, 8, 6.6, 6.8, 6.6, 6.0, 3.1, 9.1, 9.3, 9.1, 8.7, 9.3, 4.8, 6.4, 6.4, 6.6
73, 9, 4.4, 4.8, 4.9, 4.7, 3.1, 5.6, 6.0, 6.0, 5.9, 6.1, 2.6, 3.2, 3.5, 3.5
73,10, 4.0, 4.9, 5.3, 5.4, 4.2, 5.6, 6.3, 6.6, 6.7, 6.7, 3.7, 3.8, 4.7, 4.7
73,11, 2.6, 3.4, 3.8, 4.0, 3.5, 3.6, 4.2, 4.6, 4.7, 4.7, 2.7, 2.3, 3.1, 3.3
73,12, 2.0, 2.8, 3.1, 3.3, 2.9, 2.8, 3.3, 3.6, 3.8, 3.8, 2.1, 1.6, 2.3, 2.5
74, 1, 2.1, 2.6, 2.9, 3.0, 2.5, 2.7, 3.1, 3.3, 3.4, 3.4, 1.6, 1.3, 1.8, 1.9
74, 2, 3.2, 4.0, 4.4, 4.5, 3.6, 4.5, 5.1, 5.4, 5.4, 5.5, 3.0, 3.0, 3.7, 3.8
74, 3, 4.0, 4.5, 4.7, 4.5, 3.1, 5.2, 5.6, 5.7, 5.6, 5.7, 2.6, 3.0, 3.4, 3.4
74, 4, 5.7, 6.0, 5.9, 5.5, 3.1, 7.7, 8.0, 7.9, 7.6, 8.0, 4.0, 5.2, 5.4, 5.5
74, 5, 5.5, 5.4, 5.1, 4.5, 2.2, 6.9, 6.9, 6.7, 6.3, 7.0, 3.0, 4.0, 3.8, 4.1
74, 6, 6.6, 6.4, 5.9, 5.1, 2.2, 8.7, 8.6, 8.3, 7.7, 8.8, 4.2, 5.6, 5.2, 5.7
74, 7, 6.7, 6.7, 6.2, 5.4, 2.4, 8.8, 8.8, 8.4, 7.9, 8.9, 4.4, 5.8, 5.5, 5.9
74, 8, 5.6, 5.8, 5.6, 5.1, 2.7, 7.2, 7.3, 7.2, 6.8, 7.4, 3.3, 4.3, 4.3, 4.5
74, 9, 4.3, 4.7, 4.7, 4.5, 2.9, 5.5, 5.9, 5.9, 5.8, 5.9, 2.6, 3.2, 3.5, 3.5
74,10, 4.2, 5.2, 5.7, 5.7, 4.4, 6.0, 6.8, 7.1, 7.1, 7.2, 4.1, 4.3, 5.2, 5.2
74,11, 2.8, 3.7, 4.2, 4.4, 3.8, 4.0, 4.7, 5.1, 5.2, 5.3, 3.1, 2.6, 3.5, 3.8
74,12, 2.1, 2.7, 3.1, 3.3, 2.9, 2.7, 3.3, 3.5, 3.7, 3.8, 2.1, 1.6, 2.2, 2.4
75, 1, 2.5, 3.4, 3.9, 4.1, 3.7, 3.5, 4.2, 4.6, 4.8, 4.8, 2.8, 2.2, 3.1, 3.3
75, 2, 2.9, 3.4, 3.6, 3.7, 2.9, 3.6, 4.0, 4.2, 4.2, 4.3, 2.0, 2.0, 2.5, 2.5
75, 3, 3.9, 4.5, 4.6, 4.5, 3.1, 5.1, 5.5, 5.6, 5.5, 5.6, 2.6, 3.0, 3.5, 3.5
75, 4, 5.3, 5.6, 5.5, 5.1, 3.0, 7.0, 7.2, 7.2, 6.9, 7.3, 3.4, 4.5, 4.7, 4.7
75, 5, 5.8, 5.8, 5.5, 4.9, 2.4, 7.6, 7.6, 7.4, 6.9, 7.7, 3.3, 4.5, 4.3, 4.6
75, 6, 6.5, 6.3, 5.8, 5.0, 2.2, 8.4, 8.4, 8.0, 7.5, 8.6, 4.0, 5.3, 5.0, 5.4
75, 7, 6.2, 6.1, 5.6, 4.9, 2.2, 7.9, 7.9, 7.6, 7.1, 8.0, 3.7, 4.8, 4.6, 4.9
75, 8, 5.9, 6.1, 5.9, 5.4, 2.9, 7.8, 8.0, 7.8, 7.5, 8.0, 3.7, 4.9, 4.9, 5.1
75, 9, 4.6, 5.1, 5.1, 4.9, 3.2, 6.1, 6.4, 6.5, 6.3, 6.5, 2.9, 3.7, 4.0, 4.0
75,10, 3.9, 4.7, 5.1, 5.2, 4.0, 5.4, 6.0, 6.3, 6.3, 6.4, 3.5, 3.6, 4.4, 4.4
75,11, 2.6, 3.4, 3.8, 4.0, 3.4, 3.6, 4.2, 4.6, 4.7, 4.7, 2.7, 2.3, 3.1, 3.3
75,12, 2.1, 2.8, 3.2, 3.3, 3.0, 2.8, 3.3, 3.6, 3.8, 3.8, 2.1, 1.6, 2.3, 2.5
76, 1, 2.7, 3.8, 4.4, 4.7, 4.2, 4.0, 4.8, 5.3, 5.6, 5.6, 3.6, 2.9, 4.0, 4.3
76, 2, 3.4, 4.2, 4.6, 4.7, 3.7, 4.6, 5.2, 5.5, 5.6, 5.6, 3.1, 3.0, 3.8, 3.9
76, 3, 4.3, 4.9, 5.0, 4.9, 3.4, 5.6, 6.1, 6.2, 6.1, 6.2, 3.0, 3.5, 4.0, 4.0
76, 4, 5.7, 6.1, 6.0, 5.6, 3.3, 7.6, 8.0, 7.9, 7.7, 8.0, 4.0, 5.2, 5.4, 5.5
76, 5, 5.7, 5.7, 5.3, 4.7, 2.3, 7.3, 7.3, 7.1, 6.7, 7.4, 3.3, 4.4, 4.3, 4.6
76, 6, 6.2, 6.0, 5.6, 4.8, 2.1, 7.9, 7.8, 7.5, 6.9, 8.0, 3.6, 4.8, 4.5, 4.8
76, 7, 7.0, 6.9, 6.4, 5.5, 2.4, 9.3, 9.3, 9.0, 8.4, 9.5, 4.8, 6.4, 6.1, 6.5
76, 8, 6.5, 6.8, 6.6, 6.0, 3.1, 8.8, 9.0, 8.9, 8.5, 9.1, 4.6, 6.1, 6.1, 6.3
76, 9, 4.6, 5.1, 5.2, 5.0, 3.2, 6.1, 6.5, 6.5, 6.4, 6.6, 3.0, 3.8, 4.1, 4.1
76,10, 3.8, 4.6, 4.9, 4.9, 3.7, 5.2, 5.8, 6.0, 6.0, 6.1, 3.3, 3.5, 4.2, 4.2
76,11, 3.0, 4.0, 4.6, 4.8, 4.2, 4.3, 5.1, 5.5, 5.7, 5.8, 3.6, 3.1, 4.1, 4.3
76,12, 2.5, 3.7, 4.3, 4.7, 4.3, 3.8, 4.7, 5.2, 5.4, 5.5, 3.6, 2.8, 3.9, 4.2
77, 1, 2.5, 3.5, 3.9, 4.2, 3.7, 3.7, 4.3, 4.7, 4.9, 4.9, 2.9, 2.4, 3.3, 3.5
77, 2, 3.8, 4.9, 5.5, 5.7, 4.7, 5.6, 6.4, 6.9, 7.0, 7.0, 4.3, 4.2, 5.3, 5.4
77, 3, 4.6, 5.3, 5.5, 5.4, 3.8, 6.3, 6.8, 7.0, 6.9, 7.0, 3.7, 4.3, 4.9, 4.9
77, 4, 5.5, 5.9, 5.8, 5.3, 3.0, 7.5, 7.8, 7.7, 7.4, 7.8, 3.8, 5.1, 5.2, 5.3
77, 5, 6.7, 6.8, 6.3, 5.6, 2.6, 8.9, 8.9, 8.7, 8.1, 9.0, 4.5, 5.9, 5.7, 6.0
77, 6, 6.6, 6.4, 5.9, 5.1, 2.2, 8.6, 8.5, 8.1, 7.6, 8.7, 4.2, 5.6, 5.2, 5.7
77, 7, 6.3, 6.2, 5.8, 5.1, 2.3, 7.9, 7.9, 7.6, 7.1, 8.0, 3.8, 4.9, 4.6, 5.0
77, 8, 5.9, 6.1, 5.9, 5.4, 2.8, 7.9, 8.1, 8.0, 7.6, 8.1, 3.8, 5.1, 5.1, 5.2
77, 9, 4.7, 5.2, 5.2, 5.0, 3.2, 6.1, 6.4, 6.5, 6.3, 6.5, 3.0, 3.6, 4.0, 4.0
77,10, 3.9, 4.7, 5.1, 5.1, 4.0, 5.3, 6.0, 6.2, 6.3, 6.3, 3.4, 3.5, 4.3, 4.3
77,11, 2.3, 2.9, 3.2, 3.3, 2.7, 3.0, 3.4, 3.6, 3.7, 3.7, 1.8, 1.5, 2.0, 2.2
77,12, 2.2, 3.0, 3.5, 3.7, 3.3, 3.0, 3.7, 4.0, 4.2, 4.3, 2.5, 1.9, 2.7, 3.0
78, 1, 2.3, 3.0, 3.3, 3.5, 3.1, 3.1, 3.6, 3.9, 4.0, 4.1, 2.2, 1.8, 2.4, 2.6
78, 2, 3.3, 4.1, 4.5, 4.6, 3.7, 4.5, 5.1, 5.4, 5.5, 5.5, 2.9, 2.8, 3.6, 3.7
78, 3, 4.2, 4.7, 4.8, 4.6, 3.2, 5.4, 5.8, 5.9, 5.8, 5.9, 2.8, 3.4, 3.8, 3.8
78, 4, 5.8, 6.3, 6.2, 5.7, 3.3, 7.8, 8.1, 8.1, 7.8, 8.2, 4.0, 5.2, 5.3, 5.4
78, 5, 5.9, 5.8, 5.5, 4.8, 2.3, 7.6, 7.6, 7.3, 6.9, 7.7, 3.5, 4.6, 4.4, 4.7
78, 6, 6.8, 6.6, 6.1, 5.2, 2.2, 8.7, 8.6, 8.3, 7.7, 8.8, 4.4, 5.7, 5.3, 5.8
78, 7, 6.9, 6.8, 6.3, 5.5, 2.4, 9.1, 9.1, 8.8, 8.3, 9.3, 4.8, 6.4, 6.0, 6.5
78, 8, 5.8, 6.0, 5.8, 5.3, 2.8, 7.5, 7.7, 7.6, 7.2, 7.8, 3.6, 4.8, 4.8, 4.9
78, 9, 4.8, 5.3, 5.4, 5.1, 3.3, 6.5, 6.9, 7.0, 6.8, 7.0, 3.2, 4.2, 4.5, 4.5
78,10, 4.4, 5.5, 5.9, 6.1, 4.7, 6.4, 7.2, 7.6, 7.7, 7.7, 4.4, 4.7, 5.7, 5.8
78,11, 2.7, 3.4, 3.8, 4.0, 3.4, 3.6, 4.2, 4.5, 4.6, 4.7, 2.6, 2.3, 3.0, 3.1
78,12, 2.2, 3.1, 3.6, 3.8, 3.5, 3.2, 3.8, 4.2, 4.4, 4.5, 2.8, 2.1, 3.0, 3.3
79, 1, 2.2, 2.8, 3.1, 3.3, 2.9, 2.9, 3.3, 3.6, 3.7, 3.8, 1.9, 1.5, 2.1, 2.2
79, 2, 2.8, 3.3, 3.5, 3.5, 2.8, 3.5, 3.9, 4.0, 4.1, 4.1, 1.7, 1.7, 2.2, 2.2
79, 3, 4.0, 4.6, 4.7, 4.6, 3.2, 5.2, 5.6, 5.8, 5.7, 5.8, 2.7, 3.1, 3.6, 3.6
79, 4, 5.1, 5.4, 5.3, 4.9, 2.8, 6.6, 6.8, 6.8, 6.5, 6.8, 3.2, 4.1, 4.2, 4.3
79, 5, 5.7, 5.7, 5.4, 4.8, 2.3, 7.3, 7.3, 7.1, 6.7, 7.4, 3.3, 4.4, 4.3, 4.5
79, 6, 6.7, 6.5, 5.9, 5.1, 2.2, 8.6, 8.6, 8.2, 7.7, 8.8, 4.1, 5.5, 5.1, 5.6
79, 7, 5.7, 5.6, 5.2, 4.6, 2.2, 6.9, 6.9, 6.7, 6.2, 7.0, 2.8, 3.7, 3.5, 3.8
79, 8, 5.8, 6.0, 5.8, 5.3, 2.8, 7.6, 7.8, 7.6, 7.3, 7.8, 3.7, 4.8, 4.8, 4.9
79, 9, 4.9, 5.5, 5.6, 5.4, 3.5, 6.7, 7.1, 7.2, 7.1, 7.2, 3.6, 4.4, 4.8, 4.9
79,10, 4.1, 5.1, 5.5, 5.6, 4.3, 5.9, 6.7, 6.9, 7.0, 7.0, 4.0, 4.2, 5.1, 5.1
79,11, 3.0, 4.1, 4.6, 4.9, 4.3, 4.4, 5.2, 5.6, 5.8, 5.9, 3.6, 3.1, 4.2, 4.4
79,12, 2.4, 3.4, 4.0, 4.3, 3.9, 3.5, 4.3, 4.7, 4.9, 5.0, 3.3, 2.5, 3.5, 3.8
80, 1, 2.2, 2.8, 3.1, 3.3, 2.8, 2.8, 3.3, 3.6, 3.7, 3.7, 2.0, 1.6, 2.2, 2.4
80, 2, 3.3, 4.0, 4.4, 4.5, 3.6, 4.5, 5.1, 5.4, 5.4, 5.4, 2.9, 2.9, 3.6, 3.7
80, 3, 3.6, 4.0, 4.1, 4.0, 2.8, 4.7, 5.0, 5.0, 4.9, 5.1, 2.0, 2.4, 2.8, 2.8
80, 4, 5.6, 5.9, 5.8, 5.3, 3.0, 7.4, 7.7, 7.6, 7.3, 7.7, 3.9, 5.1, 5.3, 5.4
80, 5, 5.8, 5.8, 5.5, 4.9, 2.4, 7.5, 7.5, 7.3, 6.9, 7.6, 3.3, 4.5, 4.3, 4.6
80, 6, 6.8, 6.7, 6.1, 5.3, 2.3, 8.9, 8.8, 8.4, 7.8, 9.0, 4.4, 5.8, 5.4, 5.9
80, 7, 7.3, 7.3, 6.7, 5.8, 2.5, 9.9, 9.8, 9.5, 8.9,10.0, 5.4, 7.1, 6.7, 7.2
80, 8, 6.6, 6.9, 6.7, 6.1, 3.1, 9.0, 9.3, 9.1, 8.7, 9.3, 4.9, 6.5, 6.5, 6.7
80, 9, 4.9, 5.4, 5.4, 5.2, 3.3, 6.4, 6.8, 6.9, 6.7, 6.9, 3.3, 4.1, 4.4, 4.4
80,10, 4.2, 5.3, 5.7, 5.8, 4.4, 6.1, 6.9, 7.2, 7.3, 7.3, 4.3, 4.5, 5.4, 5.5
80,11, 2.8, 3.8, 4.3, 4.5, 3.9, 4.0, 4.7, 5.1, 5.3, 5.3, 3.2, 2.7, 3.6, 3.8
80,12, 2.4, 3.4, 3.9, 4.2, 3.8, 3.4, 4.2, 4.6, 4.8, 4.9, 3.1, 2.3, 3.3, 3.6
81, 1, 2.8, 4.0, 4.6, 5.0, 4.5, 4.2, 5.1, 5.6, 5.8, 5.9, 3.8, 3.1, 4.3, 4.6
81, 2, 3.4, 4.3, 4.8, 4.9, 4.0, 4.8, 5.5, 5.8, 5.9, 5.9, 3.5, 3.3, 4.2, 4.3
81, 3, 4.6, 5.4, 5.6, 5.5, 3.8, 6.4, 7.0, 7.1, 7.0, 7.1, 3.9, 4.6, 5.2, 5.2
81, 4, 5.4, 5.8, 5.7, 5.2, 3.0, 7.1, 7.4, 7.3, 7.0, 7.4, 3.5, 4.5, 4.7, 4.8
81, 5, 5.7, 5.7, 5.4, 4.8, 2.3, 7.2, 7.2, 6.9, 6.5, 7.3, 3.2, 4.2, 4.0, 4.2
81, 6, 6.3, 6.1, 5.7, 4.9, 2.1, 8.1, 8.1, 7.7, 7.2, 8.2, 3.8, 5.0, 4.7, 5.1
81, 7, 6.5, 6.4, 6.0, 5.2, 2.4, 8.4, 8.4, 8.1, 7.6, 8.5, 4.0, 5.3, 5.0, 5.3
81, 8, 5.5, 5.7, 5.4, 4.9, 2.6, 7.1, 7.2, 7.1, 6.7, 7.2, 3.1, 4.1, 4.1, 4.3
81, 9, 5.5, 6.2, 6.4, 6.2, 4.0, 7.7, 8.2, 8.3, 8.2, 8.3, 4.5, 5.5, 6.0, 6.1
81,10, 3.6, 4.3, 4.6, 4.7, 3.5, 4.7, 5.3, 5.5, 5.6, 5.6, 3.0, 3.0, 3.7, 3.7
81,11, 2.7, 3.5, 3.9, 4.1, 3.5, 3.7, 4.3, 4.6, 4.8, 4.8, 2.7, 2.3, 3.1, 3.3
81,12, 2.3, 3.3, 3.8, 4.1, 3.7, 3.3, 4.0, 4.4, 4.7, 4.7, 3.0, 2.2, 3.2, 3.4
82, 1, 2.4, 3.2, 3.7, 3.9, 3.5, 3.4, 4.0, 4.3, 4.5, 4.5, 2.5, 2.1, 2.8, 3.0
82, 2, 3.0, 3.6, 3.9, 4.0, 3.2, 4.0, 4.5, 4.7, 4.8, 4.8, 2.5, 2.5, 3.1, 3.2
82, 3, 4.0, 4.5, 4.6, 4.5, 3.1, 5.2, 5.6, 5.7, 5.6, 5.7, 2.5, 3.0, 3.4, 3.4
82, 4, 4.8, 5.0, 4.9, 4.5, 2.6, 6.0, 6.2, 6.1, 5.9, 6.2, 2.6, 3.4, 3.5, 3.6
82, 5, 6.1, 6.1, 5.8, 5.2, 2.5, 7.8, 7.9, 7.7, 7.2, 8.0, 3.7, 4.8, 4.7, 4.9
82, 6, 6.3, 6.1, 5.6, 4.9, 2.2, 7.8, 7.7, 7.4, 6.9, 7.9, 3.4, 4.5, 4.2, 4.5
82, 7, 6.6, 6.5, 6.1, 5.3, 2.4, 8.5, 8.4, 8.1, 7.6, 8.6, 4.0, 5.2, 4.9, 5.3
82, 8, 5.5, 5.7, 5.4, 5.0, 2.7, 6.9, 7.1, 6.9, 6.6, 7.1, 3.0, 3.9, 3.9, 4.1
82, 9, 4.8, 5.3, 5.4, 5.2, 3.4, 6.3, 6.7, 6.8, 6.6, 6.8, 3.1, 3.8, 4.1, 4.1
82,10, 3.8, 4.7, 5.0, 5.1, 3.9, 5.2, 5.8, 6.1, 6.1, 6.1, 3.2, 3.2, 4.0, 4.0
82,11, 2.3, 2.9, 3.2, 3.3, 2.7, 3.0, 3.4, 3.6, 3.7, 3.7, 1.8, 1.6, 2.1, 2.2
82,12, 1.8, 2.4, 2.7, 2.8, 2.5, 2.3, 2.8, 3.0, 3.1, 3.2, 1.6, 1.2, 1.8, 1.9
83, 1, 2.2, 2.9, 3.2, 3.4, 3.0, 2.8, 3.4, 3.7, 3.8, 3.8, 2.1, 1.6, 2.2, 2.4
83, 2, 3.0, 3.6, 3.8, 3.9, 3.0, 3.8, 4.2, 4.4, 4.5, 4.5, 2.2, 2.0, 2.6, 2.7
83, 3, 3.9, 4.4, 4.5, 4.4, 3.1, 5.0, 5.3, 5.4, 5.3, 5.5, 2.4, 2.8, 3.2, 3.2
83, 4, 4.8, 5.1, 4.9, 4.6, 2.6, 6.1, 6.3, 6.3, 6.0, 6.3, 2.8, 3.7, 3.8, 3.8
83, 5, 5.8, 5.7, 5.4, 4.8, 2.3, 7.3, 7.3, 7.1, 6.6, 7.4, 3.2, 4.3, 4.1, 4.3
83, 6, 6.4, 6.2, 5.8, 5.0, 2.2, 8.0, 7.9, 7.6, 7.1, 8.1, 3.6, 4.7, 4.3, 4.7
83, 7, 6.9, 6.8, 6.3, 5.5, 2.4, 9.0, 9.0, 8.6, 8.1, 9.1, 4.5, 5.9, 5.5, 5.9
83, 8, 6.6, 6.9, 6.6, 6.0, 3.1, 8.9, 9.1, 9.0, 8.5, 9.2, 4.7, 6.2, 6.2, 6.4
83, 9, 5.2, 5.8, 5.9, 5.7, 3.7, 7.0, 7.5, 7.6, 7.4, 7.6, 3.8, 4.6, 5.0, 5.0
83,10, 3.8, 4.6, 4.9, 4.9, 3.7, 5.0, 5.6, 5.9, 5.9, 5.9, 3.1, 3.1, 3.8, 3.8
83,11, 2.6, 3.3, 3.7, 3.9, 3.3, 3.4, 4.0, 4.3, 4.4, 4.5, 2.4, 2.0, 2.7, 2.9
83,12, 1.9, 2.5, 2.8, 2.9, 2.6, 2.5, 2.9, 3.2, 3.3, 3.3, 1.8, 1.3, 1.9, 2.1
84, 1, 2.6, 3.6, 4.1, 4.4, 4.0, 3.8, 4.5, 4.9, 5.1, 5.2, 3.0, 2.4, 3.4, 3.6
84, 2, 3.4, 4.4, 4.8, 4.9, 4.0, 4.8, 5.5, 5.8, 5.9, 5.9, 3.3, 3.2, 4.0, 4.1
84, 3, 4.1, 4.6, 4.7, 4.6, 3.3, 5.3, 5.7, 5.8, 5.7, 5.8, 2.8, 3.2, 3.7, 3.7
84, 4, 5.1, 5.3, 5.2, 4.8, 2.8, 6.4, 6.7, 6.6, 6.3, 6.7, 2.9, 3.8, 3.9, 4.0
84, 5, 6.4, 6.4, 6.0, 5.3, 2.5, 8.2, 8.3, 8.0, 7.5, 8.3, 4.1, 5.3, 5.1, 5.4
84, 6, 7.2, 7.1, 6.5, 5.6, 2.4, 9.4, 9.3, 8.9, 8.3, 9.5, 4.8, 6.2, 5.8, 6.3
84, 7, 6.8, 6.7, 6.2, 5.4, 2.4, 8.9, 8.9, 8.6, 8.1, 9.1, 4.5, 6.0, 5.7, 6.1
84, 8, 5.3, 5.5, 5.3, 4.9, 2.7, 6.8, 6.9, 6.8, 6.5, 7.0, 3.0, 3.9, 3.9, 4.0
84, 9, 4.9, 5.4, 5.5, 5.3, 3.3, 6.6, 7.1, 7.1, 6.9, 7.1, 3.5, 4.4, 4.8, 4.8
84,10, 3.1, 3.7, 3.9, 3.9, 2.9, 4.0, 4.4, 4.6, 4.5, 4.6, 2.1, 2.2, 2.6, 2.6
84,11, 2.8, 3.7, 4.2, 4.4, 3.8, 3.8, 4.6, 4.9, 5.1, 5.1, 3.0, 2.5, 3.4, 3.6
84,12, 2.0, 2.7, 3.1, 3.3, 2.9, 2.7, 3.2, 3.5, 3.7, 3.7, 2.0, 1.5, 2.2, 2.4
85, 1, 2.5, 3.3, 3.8, 4.0, 3.6, 3.5, 4.1, 4.4, 4.6, 4.7, 2.6, 2.1, 2.9, 3.1
85, 2, 3.3, 4.1, 4.4, 4.5, 3.8, 4.3, 4.9, 5.2, 5.3, 5.3, 2.7, 2.5, 3.2, 3.3
85, 3, 4.1, 4.6, 4.7, 4.6, 3.2, 5.3, 5.7, 5.8, 5.7, 5.8, 2.7, 3.2, 3.6, 3.7
85, 4, 5.6, 6.0, 5.9, 5.5, 3.2, 7.5, 7.8, 7.8, 7.5, 7.9, 3.8, 5.0, 5.2, 5.3
85, 5, 6.0, 6.0, 5.6, 4.9, 2.4, 7.7, 7.7, 7.5, 7.1, 7.8, 3.5, 4.8, 4.6, 4.8
85, 6, 6.7, 6.5, 6.0, 5.2, 2.3, 8.4, 8.3, 8.0, 7.4, 8.5, 4.1, 5.3, 4.9, 5.4
85, 7, 6.7, 6.6, 6.2, 5.4, 2.4, 8.7, 8.7, 8.4, 7.8, 8.9, 4.4, 5.7, 5.4, 5.8
85, 8, 5.7, 5.9, 5.7, 5.2, 2.8, 7.5, 7.7, 7.5, 7.2, 7.7, 3.6, 4.8, 4.8, 5.0
85, 9, 5.2, 5.8, 5.9, 5.7, 3.7, 6.9, 7.5, 7.5, 7.4, 7.6, 3.9, 4.7, 5.2, 5.2
85,10, 3.5, 4.2, 4.4, 4.4, 3.3, 4.7, 5.2, 5.4, 5.4, 5.4, 2.7, 2.9, 3.4, 3.5
85,11, 2.6, 3.3, 3.6, 3.8, 3.2, 3.4, 4.0, 4.2, 4.3, 4.4, 2.3, 2.0, 2.7, 2.8
85,12, 2.5, 3.5, 4.1, 4.4, 4.0, 3.6, 4.4, 4.8, 5.1, 5.2, 3.2, 2.5, 3.5, 3.8
86, 1, 2.9, 4.2, 4.9, 5.3, 4.8, 4.4, 5.4, 5.9, 6.2, 6.3, 4.1, 3.2, 4.5, 4.8
86, 2, 3.0, 3.7, 3.9, 4.0, 3.2, 4.1, 4.5, 4.7, 4.8, 4.8, 2.3, 2.3, 2.9, 3.0
86, 3, 5.0, 5.9, 6.2, 6.1, 4.2, 7.2, 7.9, 8.1, 8.0, 8.1, 4.5, 5.3, 6.0, 6.0
86, 4, 5.8, 6.2, 6.0, 5.6, 3.2, 7.8, 8.1, 8.1, 7.7, 8.1, 3.9, 5.2, 5.4, 5.5
86, 5, 5.7, 5.7, 5.3, 4.8, 2.4, 7.1, 7.2, 6.9, 6.5, 7.2, 2.9, 3.9, 3.8, 4.0
86, 6, 6.2, 6.1, 5.6, 4.9, 2.2, 7.9, 7.8, 7.5, 7.0, 8.0, 3.7, 4.7, 4.4, 4.8
86, 7, 7.2, 7.1, 6.6, 5.8, 2.5, 9.6, 9.6, 9.2, 8.6, 9.7, 5.0, 6.6, 6.2, 6.7
86, 8, 6.1, 6.4, 6.2, 5.6, 2.9, 8.2, 8.4, 8.2, 7.8, 8.4, 4.1, 5.4, 5.4, 5.6
86, 9, 5.0, 5.6, 5.7, 5.5, 3.6, 6.7, 7.1, 7.2, 7.1, 7.2, 3.5, 4.2, 4.6, 4.6
86,10, 3.7, 4.4, 4.7, 4.8, 3.7, 4.9, 5.5, 5.8, 5.8, 5.8, 3.0, 3.1, 3.8, 3.8
86,11, 2.0, 2.3, 2.5, 2.5, 2.0, 2.3, 2.6, 2.7, 2.7, 2.8, 1.0, 0.9, 1.2, 1.2
86,12, 2.0, 2.7, 3.0, 3.2, 2.8, 2.7, 3.2, 3.5, 3.6, 3.7, 2.0, 1.5, 2.2, 2.4
87, 1, 2.3, 3.1, 3.5, 3.7, 3.3, 3.3, 3.8, 4.2, 4.3, 4.4, 2.4, 2.0, 2.7, 2.9
87, 2, 2.8, 3.4, 3.6, 3.7, 2.9, 3.6, 4.0, 4.2, 4.3, 4.3, 2.1, 2.0, 2.5, 2.6
87, 3, 4.7, 5.5, 5.7, 5.6, 3.9, 6.4, 7.0, 7.2, 7.1, 7.2, 3.8, 4.3, 5.0, 5.0
87, 4, 6.0, 6.3, 6.2, 5.8, 3.2, 8.3, 8.7, 8.6, 8.3, 8.7, 4.6, 6.1, 6.3, 6.4
87, 5, 6.2, 6.2, 5.9, 5.2, 2.5, 8.1, 8.1, 7.9, 7.4, 8.2, 3.8, 5.1, 4.9, 5.2
87, 6, 6.8, 6.7, 6.1, 5.3, 2.3, 8.9, 8.8, 8.4, 7.9, 9.0, 4.5, 5.8, 5.4, 5.9
87, 7, 6.4, 6.3, 5.9, 5.1, 2.3, 8.2, 8.2, 7.9, 7.4, 8.4, 3.9, 5.2, 4.9, 5.2
87, 8, 6.0, 6.2, 6.0, 5.5, 2.9, 7.8, 8.0, 7.9, 7.5, 8.0, 3.7, 4.8, 4.9, 5.0
87, 9, 5.3, 5.9, 6.0, 5.8, 3.7, 7.2, 7.7, 7.8, 7.6, 7.8, 3.9, 4.8, 5.3, 5.3
87,10, 4.3, 5.3, 5.7, 5.8, 4.5, 6.1, 6.8, 7.2, 7.2, 7.2, 4.2, 4.3, 5.3, 5.3
87,11, 2.8, 3.7, 4.2, 4.4, 3.8, 3.9, 4.6, 5.0, 5.2, 5.2, 3.1, 2.7, 3.6, 3.7
87,12, 2.0, 2.6, 3.0, 3.2, 2.8, 2.7, 3.2, 3.4, 3.6, 3.6, 2.1, 1.6, 2.2, 2.4
88, 1, 2.6, 3.4, 3.9, 4.1, 3.7, 3.6, 4.2, 4.6, 4.8, 4.8, 2.7, 2.2, 3.0, 3.2
88, 2, 3.5, 4.5, 4.9, 5.0, 4.1, 5.1, 5.8, 6.1, 6.2, 6.2, 3.5, 3.5, 4.4, 4.5
88, 3, 4.4, 5.1, 5.3, 5.2, 3.6, 6.1, 6.7, 6.8, 6.7, 6.8, 3.5, 4.3, 4.8, 4.8
88, 4, 6.0, 6.4, 6.3, 5.9, 3.3, 8.2, 8.6, 8.5, 8.2, 8.6, 4.4, 5.9, 6.1, 6.2
88, 5, 7.0, 7.0, 6.6, 5.8, 2.7, 9.4, 9.5, 9.2, 8.7, 9.6, 5.0, 6.7, 6.4, 6.8
88, 6, 7.4, 7.2, 6.6, 5.6, 2.3, 9.8, 9.8, 9.4, 8.7,10.0, 5.4, 7.1, 6.6, 7.2
88, 7, 6.1, 6.0, 5.6, 4.9, 2.3, 7.9, 7.8, 7.6, 7.1, 8.0, 3.6, 4.8, 4.6, 4.9
88, 8, 6.4, 6.7, 6.4, 5.8, 3.0, 8.6, 8.9, 8.7, 8.3, 8.9, 4.4, 5.8, 5.8, 6.0
88, 9, 4.9, 5.4, 5.5, 5.3, 3.4, 6.5, 6.9, 7.0, 6.8, 7.0, 3.3, 4.1, 4.5, 4.5
88,10, 4.0, 4.9, 5.3, 5.4, 4.1, 5.7, 6.3, 6.7, 6.7, 6.7, 3.8, 4.0, 4.8, 4.9
88,11, 2.8, 3.8, 4.3, 4.5, 3.9, 4.0, 4.8, 5.1, 5.3, 5.4, 3.3, 2.8, 3.7, 3.9
88,12, 2.5, 3.5, 4.1, 4.4, 4.1, 3.6, 4.4, 4.8, 5.1, 5.2, 3.3, 2.5, 3.6, 3.9
89, 1, 2.5, 3.4, 3.8, 4.1, 3.6, 3.5, 4.2, 4.5, 4.7, 4.8, 2.9, 2.3, 3.2, 3.4
89, 2, 3.0, 3.6, 3.8, 3.9, 3.1, 3.8, 4.3, 4.5, 4.6, 4.6, 2.3, 2.3, 2.8, 2.9
89, 3, 3.9, 4.4, 4.5, 4.3, 3.0, 5.0, 5.3, 5.4, 5.3, 5.4, 2.4, 2.8, 3.1, 3.2
89, 4, 5.6, 5.9, 5.8, 5.4, 3.1, 7.4, 7.7, 7.6, 7.3, 7.7, 3.6, 4.8, 4.9, 5.0
89, 5, 5.6, 5.6, 5.3, 4.7, 2.3, 7.2, 7.2, 7.0, 6.6, 7.3, 3.2, 4.3, 4.1, 4.3
89, 6, 5.8, 5.6, 5.2, 4.5, 2.1, 7.2, 7.1, 6.8, 6.3, 7.2, 3.1, 4.0, 3.8, 4.1
89, 7, 6.0, 5.9, 5.5, 4.8, 2.3, 7.5, 7.4, 7.2, 6.7, 7.6, 3.3, 4.3, 4.1, 4.4
89, 8, 6.3, 6.5, 6.3, 5.7, 3.0, 8.3, 8.5, 8.4, 8.0, 8.6, 4.2, 5.5, 5.5, 5.7
89, 9, 4.5, 4.9, 5.0, 4.7, 3.0, 6.0, 6.3, 6.3, 6.2, 6.4, 2.8, 3.7, 4.0, 4.0
89,10, 4.1, 5.1, 5.4, 5.5, 4.3, 5.8, 6.5, 6.8, 6.9, 6.9, 3.9, 4.1, 5.0, 5.0
89,11, 2.8, 3.8, 4.2, 4.4, 3.8, 3.9, 4.6, 5.0, 5.2, 5.2, 3.0, 2.6, 3.5, 3.6
89,12, 2.3, 3.3, 3.8, 4.1, 3.7, 3.4, 4.1, 4.5, 4.8, 4.8, 3.0, 2.3, 3.3, 3.6
90, 1, 2.4, 3.1, 3.5, 3.7, 3.2, 3.2, 3.8, 4.1, 4.2, 4.3, 2.4, 1.9, 2.7, 2.8
90, 2, 3.1, 3.8, 4.2, 4.3, 3.4, 4.1, 4.7, 4.9, 5.0, 5.0, 2.6, 2.5, 3.2, 3.3
90, 3, 3.7, 4.1, 4.1, 4.0, 2.8, 4.6, 4.9, 5.0, 4.9, 5.0, 2.1, 2.5, 2.8, 2.8
90, 4, 5.1, 5.4, 5.3, 4.9, 2.8, 6.7, 7.0, 6.9, 6.7, 7.0, 3.0, 4.1, 4.2, 4.3
90, 5, 5.2, 5.2, 4.9, 4.3, 2.2, 6.3, 6.4, 6.2, 5.8, 6.4, 2.6, 3.4, 3.3, 3.5
90, 6, 7.0, 6.8, 6.3, 5.4, 2.3, 9.1, 9.1, 8.7, 8.1, 9.3, 4.6, 6.0, 5.6, 6.1
90, 7, 6.7, 6.6, 6.2, 5.4, 2.4, 8.7, 8.7, 8.4, 7.8, 8.8, 4.2, 5.6, 5.3, 5.7
90, 8, 6.2, 6.5, 6.3, 5.7, 3.0, 8.2, 8.5, 8.3, 7.9, 8.5, 4.2, 5.5, 5.5, 5.7
90, 9, 4.8, 5.3, 5.4, 5.2, 3.3, 6.4, 6.8, 6.9, 6.7, 6.9, 3.3, 4.1, 4.4, 4.5
90,10, 4.1, 5.1, 5.5, 5.7, 4.4, 5.8, 6.6, 6.9, 7.0, 7.0, 4.0, 4.2, 5.1, 5.2
90,11, 3.0, 4.1, 4.6, 4.9, 4.2, 4.3, 5.1, 5.5, 5.7, 5.8, 3.5, 3.0, 4.0, 4.3
90,12, 2.1, 2.8, 3.2, 3.4, 3.0, 2.8, 3.3, 3.6, 3.8, 3.9, 2.3, 1.7, 2.4, 2.6
