"City:    ","CARIBOU               "
"State:   ","ME"
"WBAN No: ", 14607
"Lat(N):  ", 46.87
"Long(W): ", 68.02
"Elev(m): ",   190
"Pres(mb):",   991
"Stn Type:","Primary"
"MONTHLY SOLAR RADIATION (kWh/m2/day)"
"COLUMN A: Year"
"COLUMN B: Month"
"COLUMN C: Flat-Plate Collector Facing South at Fixed Tilt=0"
"COLUMN D: Flat-Plate Collector Facing South at Fixed Tilt=Lat-15"
"COLUMN E: Flat-Plate Collector Facing South at Fixed Tilt=Lat"
"COLUMN F: Flat-Plate Collector Facing South at Fixed Tilt=Lat+15"
"COLUMN G: Flat-Plate Collector Facing South at Fixed Tilt=90"
"COLUMN H: 1-Axis Tracking Flat-Plate Collector with North-South Axis, Axis Tilt=0"
"COLUMN I: 1-Axis Tracking Flat-Plate Collector with North-South Axis, Axis Tilt=Lat-15"
"COLUMN J: 1-Axis Tracking Flat-Plate Collector with North-South Axis, Axis Tilt=Lat"
"COLUMN K: 1-Axis Tracking Flat-Plate Collector with North-South Axis, Axis Tilt=Lat+15"
"COLUMN L: 2-Axis Tracking Flat-Plate Collector"
"COLUMN M: 1-Axis Tracking Concentrating Collector with East-West Horizontal Axis"
"COLUMN N: 1-Axis Tracking Concentrating Collector with North-South Horizontal Axis"
"COLUMN O: 1-Axis Tracking Concentrating Collector with North-South Axis, Axis Tilt=Lat"
"COLUMN P: 2-Axis Tracking Concentrating Collector"
"COL A","COL B","COL C","COL D","COL E","COL F","COL G","COL H","COL I","COL J","COL K","COL L","COL M","COL N","COL O","COL P"
61, 1, 1.8, 3.4, 3.8, 4.1, 4.1, 2.9, 4.1, 4.5, 4.7, 4.7, 2.6, 1.7, 2.9, 3.0
61, 2, 2.5, 3.9, 4.3, 4.4, 4.2, 3.8, 4.8, 5.1, 5.2, 5.2, 2.5, 2.0, 3.0, 3.1
61, 3, 4.1, 5.4, 5.7, 5.7, 5.1, 6.0, 7.1, 7.3, 7.3, 7.3, 3.3, 3.7, 4.5, 4.6
61, 4, 4.7, 5.2, 5.1, 4.9, 4.1, 6.1, 6.5, 6.5, 6.3, 6.5, 1.9, 2.4, 2.6, 2.7
61, 5, 5.1, 5.3, 4.9, 4.4, 3.0, 6.7, 6.9, 6.7, 6.3, 7.0, 2.9, 3.9, 3.9, 4.1
61, 6, 5.8, 5.7, 5.3, 4.6, 2.8, 7.6, 7.6, 7.3, 6.8, 7.8, 3.5, 4.6, 4.4, 4.8
61, 7, 5.7, 5.7, 5.3, 4.6, 2.9, 7.3, 7.4, 7.2, 6.7, 7.6, 3.4, 4.4, 4.3, 4.6
61, 8, 5.1, 5.5, 5.2, 4.7, 3.2, 7.0, 7.4, 7.3, 6.9, 7.5, 3.3, 4.4, 4.6, 4.8
61, 9, 3.4, 4.0, 4.0, 3.8, 2.9, 4.6, 5.1, 5.1, 4.9, 5.1, 2.3, 2.7, 3.2, 3.2
61,10, 2.4, 3.3, 3.5, 3.5, 3.0, 3.2, 3.9, 4.1, 4.1, 4.1, 2.1, 1.9, 2.6, 2.6
61,11, 1.3, 2.0, 2.1, 2.2, 2.0, 1.7, 2.2, 2.3, 2.4, 2.4, 1.1, 0.8, 1.2, 1.3
61,12, 1.1, 2.0, 2.2, 2.4, 2.4, 1.7, 2.3, 2.5, 2.7, 2.7, 1.4, 0.8, 1.4, 1.5
62, 1, 1.6, 3.0, 3.4, 3.6, 3.6, 2.6, 3.6, 3.9, 4.1, 4.2, 2.5, 1.6, 2.7, 2.9
62, 2, 2.6, 4.1, 4.6, 4.8, 4.6, 4.1, 5.2, 5.6, 5.7, 5.7, 3.1, 2.5, 3.7, 3.8
62, 3, 3.8, 5.1, 5.3, 5.3, 4.6, 5.6, 6.6, 6.8, 6.7, 6.8, 3.4, 3.6, 4.5, 4.5
62, 4, 4.5, 5.0, 4.9, 4.6, 3.5, 6.1, 6.5, 6.5, 6.3, 6.6, 2.6, 3.4, 3.7, 3.7
62, 5, 4.7, 4.7, 4.4, 3.8, 2.5, 6.0, 6.1, 5.9, 5.5, 6.2, 2.3, 3.2, 3.2, 3.4
62, 6, 5.9, 5.7, 5.3, 4.5, 2.8, 7.5, 7.6, 7.2, 6.8, 7.8, 3.6, 4.7, 4.5, 4.8
62, 7, 5.1, 5.1, 4.7, 4.1, 2.6, 6.4, 6.5, 6.2, 5.8, 6.6, 2.6, 3.5, 3.4, 3.7
62, 8, 4.8, 5.2, 5.0, 4.5, 3.1, 6.3, 6.7, 6.6, 6.2, 6.7, 2.9, 3.7, 3.9, 4.1
62, 9, 3.3, 3.8, 3.8, 3.6, 2.7, 4.3, 4.7, 4.7, 4.5, 4.7, 1.9, 2.2, 2.6, 2.6
62,10, 2.2, 2.9, 3.0, 3.0, 2.6, 2.9, 3.5, 3.6, 3.5, 3.6, 1.6, 1.5, 2.0, 2.0
62,11, 1.5, 2.5, 2.8, 3.0, 2.8, 2.2, 3.0, 3.2, 3.3, 3.4, 1.9, 1.2, 2.1, 2.2
62,12, 1.2, 2.2, 2.5, 2.7, 2.6, 1.9, 2.6, 2.8, 3.0, 3.0, 1.6, 1.0, 1.7, 1.9
63, 1, 1.6, 2.7, 3.0, 3.2, 3.1, 2.4, 3.2, 3.4, 3.6, 3.6, 1.6, 1.1, 1.8, 1.9
63, 2, 2.8, 4.3, 4.7, 4.9, 4.7, 4.2, 5.3, 5.6, 5.8, 5.8, 2.8, 2.3, 3.3, 3.4
63, 3, 4.1, 5.5, 5.8, 5.8, 5.2, 6.1, 7.2, 7.5, 7.5, 7.5, 3.7, 4.0, 4.9, 4.9
63, 4, 4.8, 5.3, 5.3, 5.0, 4.1, 6.3, 6.8, 6.7, 6.6, 6.8, 2.3, 2.9, 3.2, 3.3
63, 5, 5.8, 5.9, 5.5, 4.8, 3.1, 7.9, 8.1, 7.8, 7.4, 8.2, 4.0, 5.4, 5.4, 5.7
63, 6, 6.3, 6.2, 5.7, 4.9, 3.0, 8.3, 8.4, 8.1, 7.6, 8.6, 4.0, 5.3, 5.1, 5.5
63, 7, 5.6, 5.7, 5.2, 4.6, 2.9, 7.2, 7.3, 7.1, 6.6, 7.5, 3.2, 4.1, 4.0, 4.3
63, 8, 4.4, 4.8, 4.5, 4.1, 2.8, 5.5, 5.9, 5.7, 5.4, 5.9, 2.5, 3.0, 3.2, 3.3
63, 9, 4.2, 5.2, 5.2, 5.0, 3.8, 5.8, 6.7, 6.7, 6.5, 6.7, 3.4, 3.9, 4.6, 4.6
63,10, 2.7, 3.9, 4.1, 4.2, 3.6, 3.8, 4.8, 4.9, 5.0, 5.0, 2.7, 2.4, 3.4, 3.4
63,11, 1.2, 1.7, 1.8, 1.9, 1.8, 1.5, 1.9, 2.0, 2.1, 2.1, 0.8, 0.5, 0.9, 0.9
63,12, 1.3, 2.6, 3.0, 3.3, 3.3, 2.2, 3.1, 3.5, 3.7, 3.8, 2.3, 1.3, 2.3, 2.5
64, 1, 1.5, 2.6, 3.0, 3.2, 3.1, 2.3, 3.1, 3.4, 3.5, 3.6, 1.8, 1.1, 1.9, 2.0
64, 2, 2.6, 4.1, 4.5, 4.7, 4.4, 4.0, 5.1, 5.4, 5.5, 5.5, 2.9, 2.4, 3.4, 3.5
64, 3, 3.8, 5.0, 5.2, 5.3, 4.7, 5.4, 6.3, 6.5, 6.5, 6.5, 2.8, 2.9, 3.7, 3.7
64, 4, 5.2, 6.0, 5.9, 5.6, 4.3, 7.2, 7.8, 7.8, 7.6, 7.9, 3.6, 4.5, 5.0, 5.1
64, 5, 5.2, 5.3, 5.0, 4.4, 2.9, 6.8, 7.0, 6.8, 6.4, 7.1, 3.0, 3.9, 4.0, 4.2
64, 6, 6.0, 5.9, 5.4, 4.7, 2.9, 7.4, 7.5, 7.2, 6.7, 7.7, 3.5, 4.4, 4.2, 4.6
64, 7, 5.5, 5.5, 5.2, 4.5, 2.9, 6.8, 7.0, 6.7, 6.3, 7.1, 3.1, 3.9, 3.8, 4.1
64, 8, 4.4, 4.7, 4.4, 4.0, 2.8, 5.7, 6.0, 5.8, 5.5, 6.0, 2.3, 3.0, 3.2, 3.3
64, 9, 3.8, 4.7, 4.7, 4.5, 3.5, 5.3, 6.0, 6.0, 5.9, 6.1, 3.0, 3.4, 4.0, 4.1
64,10, 2.3, 3.2, 3.4, 3.4, 2.9, 3.2, 3.9, 4.0, 4.0, 4.1, 2.1, 1.9, 2.6, 2.6
64,11, 1.6, 2.7, 3.0, 3.1, 2.9, 2.4, 3.2, 3.4, 3.5, 3.6, 2.0, 1.4, 2.3, 2.4
64,12, 1.2, 2.0, 2.3, 2.5, 2.5, 1.7, 2.3, 2.6, 2.7, 2.8, 1.4, 0.8, 1.5, 1.6
65, 1, 1.7, 3.0, 3.4, 3.7, 3.6, 2.6, 3.6, 3.9, 4.1, 4.2, 2.2, 1.4, 2.4, 2.6
65, 2, 2.6, 4.1, 4.5, 4.7, 4.5, 4.0, 5.1, 5.4, 5.6, 5.6, 2.8, 2.3, 3.3, 3.4
65, 3, 3.9, 5.2, 5.4, 5.4, 4.6, 5.7, 6.7, 6.9, 6.8, 6.9, 3.3, 3.6, 4.4, 4.4
65, 4, 5.0, 5.7, 5.6, 5.2, 3.8, 7.0, 7.6, 7.5, 7.2, 7.6, 3.4, 4.4, 4.8, 4.9
65, 5, 5.4, 5.5, 5.2, 4.6, 3.0, 6.9, 7.1, 6.9, 6.5, 7.2, 2.8, 3.8, 3.8, 4.0
65, 6, 6.3, 6.2, 5.7, 4.9, 3.0, 8.0, 8.1, 7.8, 7.2, 8.3, 3.5, 4.6, 4.4, 4.8
65, 7, 5.8, 5.8, 5.3, 4.7, 3.0, 7.5, 7.6, 7.3, 6.9, 7.8, 3.1, 4.1, 4.0, 4.3
65, 8, 4.6, 4.9, 4.7, 4.2, 2.9, 5.9, 6.2, 6.1, 5.8, 6.3, 2.3, 3.1, 3.2, 3.3
65, 9, 4.1, 5.0, 5.1, 4.8, 3.7, 5.8, 6.6, 6.6, 6.4, 6.6, 3.1, 3.7, 4.3, 4.3
65,10, 2.2, 2.8, 2.9, 2.8, 2.4, 2.8, 3.2, 3.3, 3.3, 3.3, 1.3, 1.2, 1.7, 1.7
65,11, 1.5, 2.3, 2.5, 2.6, 2.4, 2.0, 2.6, 2.8, 2.9, 2.9, 1.2, 0.8, 1.3, 1.4
65,12, 1.3, 2.1, 2.4, 2.5, 2.5, 1.8, 2.4, 2.6, 2.8, 2.8, 1.0, 0.6, 1.1, 1.2
66, 1, 1.6, 2.7, 3.0, 3.2, 3.1, 2.3, 3.1, 3.4, 3.5, 3.6, 1.6, 1.0, 1.7, 1.9
66, 2, 2.7, 4.0, 4.3, 4.5, 4.2, 3.9, 4.9, 5.2, 5.3, 5.3, 2.3, 2.0, 2.8, 2.9
66, 3, 3.8, 4.8, 5.0, 5.0, 4.4, 5.1, 5.9, 6.1, 6.1, 6.1, 2.2, 2.3, 2.9, 3.0
66, 4, 4.9, 5.6, 5.5, 5.2, 4.0, 6.7, 7.3, 7.3, 7.0, 7.3, 3.0, 3.8, 4.1, 4.2
66, 5, 5.8, 6.0, 5.6, 5.0, 3.3, 7.8, 8.1, 7.8, 7.4, 8.2, 3.5, 4.7, 4.7, 4.9
66, 6, 5.9, 5.8, 5.3, 4.6, 2.9, 7.6, 7.6, 7.3, 6.9, 7.8, 3.1, 4.2, 4.0, 4.3
66, 7, 5.8, 5.8, 5.3, 4.7, 3.0, 7.5, 7.7, 7.4, 6.9, 7.8, 3.1, 4.2, 4.1, 4.4
66, 8, 4.8, 5.0, 4.8, 4.3, 3.0, 6.3, 6.6, 6.4, 6.1, 6.6, 2.5, 3.3, 3.5, 3.6
66, 9, 3.9, 4.8, 4.8, 4.5, 3.5, 5.5, 6.1, 6.2, 6.0, 6.2, 2.8, 3.4, 4.0, 4.0
66,10, 2.2, 2.9, 3.0, 3.0, 2.5, 2.9, 3.4, 3.5, 3.5, 3.5, 1.4, 1.4, 1.9, 1.9
66,11, 1.4, 2.1, 2.2, 2.3, 2.1, 1.9, 2.4, 2.5, 2.6, 2.6, 1.1, 0.8, 1.2, 1.3
66,12, 1.2, 2.1, 2.4, 2.5, 2.5, 1.7, 2.4, 2.6, 2.8, 2.8, 1.5, 0.8, 1.5, 1.6
67, 1, 1.5, 2.4, 2.6, 2.8, 2.7, 2.1, 2.8, 3.0, 3.1, 3.1, 1.1, 0.8, 1.3, 1.3
67, 2, 2.6, 3.9, 4.2, 4.4, 4.1, 3.8, 4.7, 5.0, 5.1, 5.1, 2.2, 1.8, 2.6, 2.6
67, 3, 4.3, 5.6, 5.9, 5.9, 5.3, 6.2, 7.3, 7.5, 7.5, 7.5, 3.2, 3.4, 4.3, 4.3
67, 4, 5.0, 5.7, 5.7, 5.4, 4.2, 7.1, 7.7, 7.7, 7.5, 7.7, 3.3, 4.3, 4.7, 4.8
67, 5, 4.8, 4.8, 4.5, 4.0, 2.7, 6.0, 6.1, 5.8, 5.5, 6.2, 2.0, 2.7, 2.7, 2.9
67, 6, 5.9, 5.8, 5.3, 4.7, 2.9, 7.4, 7.5, 7.2, 6.7, 7.7, 3.1, 4.0, 3.9, 4.2
67, 7, 5.6, 5.5, 5.1, 4.5, 2.9, 6.9, 7.0, 6.8, 6.3, 7.2, 2.8, 3.6, 3.6, 3.8
67, 8, 4.7, 5.0, 4.8, 4.3, 3.0, 6.0, 6.3, 6.2, 5.8, 6.4, 2.5, 3.2, 3.3, 3.5
67, 9, 3.8, 4.7, 4.7, 4.5, 3.4, 5.2, 5.9, 5.9, 5.7, 5.9, 2.8, 3.2, 3.8, 3.8
67,10, 2.1, 2.7, 2.7, 2.7, 2.2, 2.6, 3.0, 3.1, 3.0, 3.1, 1.2, 1.1, 1.5, 1.5
67,11, 1.5, 2.3, 2.5, 2.5, 2.3, 2.0, 2.5, 2.7, 2.8, 2.8, 1.3, 0.9, 1.4, 1.5
67,12, 1.2, 2.1, 2.4, 2.6, 2.5, 1.8, 2.5, 2.7, 2.8, 2.9, 1.4, 0.8, 1.5, 1.6
68, 1, 1.7, 3.1, 3.6, 3.8, 3.8, 2.7, 3.7, 4.1, 4.3, 4.4, 2.4, 1.5, 2.6, 2.8
68, 2, 2.9, 4.6, 5.0, 5.3, 5.0, 4.6, 5.8, 6.2, 6.3, 6.3, 3.2, 2.8, 4.0, 4.0
68, 3, 3.4, 4.3, 4.4, 4.4, 3.9, 4.6, 5.3, 5.4, 5.3, 5.4, 1.8, 2.0, 2.5, 2.5
68, 4, 4.6, 5.2, 5.1, 4.7, 3.4, 6.3, 6.8, 6.8, 6.5, 6.9, 3.1, 4.0, 4.3, 4.4
68, 5, 5.7, 5.8, 5.4, 4.8, 3.1, 7.5, 7.7, 7.5, 7.1, 7.8, 3.4, 4.5, 4.5, 4.8
68, 6, 5.6, 5.4, 4.9, 4.3, 2.7, 6.9, 6.9, 6.6, 6.2, 7.1, 2.6, 3.5, 3.4, 3.7
68, 7, 6.5, 6.5, 6.0, 5.2, 3.2, 8.8, 8.9, 8.6, 8.1, 9.1, 4.3, 5.7, 5.6, 6.0
68, 8, 4.9, 5.2, 5.0, 4.5, 3.0, 6.7, 7.0, 6.8, 6.5, 7.1, 2.8, 3.9, 4.0, 4.2
68, 9, 3.7, 4.5, 4.5, 4.3, 3.3, 5.0, 5.7, 5.7, 5.5, 5.7, 2.6, 3.0, 3.5, 3.5
68,10, 2.2, 2.9, 3.0, 3.0, 2.5, 3.0, 3.5, 3.5, 3.5, 3.6, 1.4, 1.4, 1.9, 1.9
68,11, 1.4, 2.0, 2.2, 2.3, 2.2, 1.8, 2.3, 2.5, 2.5, 2.6, 1.0, 0.6, 1.1, 1.1
68,12, 1.3, 2.0, 2.2, 2.3, 2.3, 1.7, 2.2, 2.4, 2.5, 2.6, 1.0, 0.6, 1.0, 1.1
69, 1, 1.6, 2.7, 3.1, 3.3, 3.2, 2.3, 3.2, 3.5, 3.7, 3.7, 2.0, 1.2, 2.1, 2.2
69, 2, 2.4, 3.6, 3.9, 4.1, 3.8, 3.5, 4.3, 4.6, 4.7, 4.7, 2.2, 1.8, 2.6, 2.7
69, 3, 4.0, 5.2, 5.4, 5.4, 4.8, 5.6, 6.5, 6.7, 6.7, 6.7, 2.7, 2.8, 3.5, 3.6
69, 4, 5.0, 5.8, 5.8, 5.5, 4.5, 7.0, 7.6, 7.6, 7.4, 7.7, 3.0, 3.8, 4.2, 4.3
69, 5, 5.5, 5.6, 5.2, 4.6, 3.0, 6.9, 7.1, 6.9, 6.5, 7.3, 3.1, 4.0, 4.0, 4.3
69, 6, 5.8, 5.7, 5.2, 4.5, 2.8, 7.4, 7.4, 7.1, 6.7, 7.7, 3.2, 4.2, 4.0, 4.4
69, 7, 6.0, 5.9, 5.5, 4.8, 3.0, 8.0, 8.1, 7.8, 7.3, 8.3, 3.6, 4.9, 4.8, 5.1
69, 8, 4.9, 5.2, 4.9, 4.5, 3.1, 6.5, 6.9, 6.7, 6.4, 6.9, 2.8, 3.7, 3.9, 4.0
69, 9, 3.9, 4.7, 4.7, 4.5, 3.4, 5.3, 6.0, 6.0, 5.8, 6.0, 2.8, 3.3, 3.9, 3.9
69,10, 2.5, 3.5, 3.7, 3.7, 3.2, 3.5, 4.3, 4.4, 4.4, 4.4, 2.2, 2.0, 2.8, 2.8
69,11, 1.3, 1.8, 1.9, 1.9, 1.7, 1.6, 1.9, 2.0, 2.1, 2.1, 0.8, 0.5, 0.9, 0.9
69,12, 1.2, 2.2, 2.5, 2.7, 2.7, 1.9, 2.6, 2.9, 3.1, 3.1, 1.7, 1.0, 1.8, 2.0
70, 1, 1.8, 3.7, 4.3, 4.7, 4.7, 3.2, 4.6, 5.1, 5.4, 5.4, 3.5, 2.2, 3.7, 4.0
70, 2, 2.6, 3.9, 4.3, 4.5, 4.3, 3.8, 4.9, 5.2, 5.3, 5.3, 2.7, 2.2, 3.2, 3.3
70, 3, 3.9, 5.2, 5.4, 5.4, 4.8, 5.7, 6.7, 6.9, 6.9, 6.9, 3.0, 3.2, 4.0, 4.1
70, 4, 5.0, 5.6, 5.6, 5.2, 4.0, 6.8, 7.4, 7.3, 7.1, 7.4, 3.2, 4.0, 4.4, 4.5
70, 5, 5.1, 5.1, 4.7, 4.1, 2.7, 6.4, 6.5, 6.3, 5.9, 6.6, 2.6, 3.5, 3.5, 3.7
70, 6, 6.1, 6.0, 5.5, 4.7, 2.9, 7.8, 7.8, 7.5, 7.0, 8.1, 3.4, 4.5, 4.3, 4.7
70, 7, 6.2, 6.2, 5.7, 5.0, 3.1, 8.0, 8.2, 7.9, 7.4, 8.3, 3.8, 4.9, 4.8, 5.1
70, 8, 5.2, 5.6, 5.3, 4.8, 3.3, 6.9, 7.3, 7.1, 6.8, 7.3, 3.3, 4.2, 4.4, 4.6
70, 9, 3.3, 3.8, 3.7, 3.5, 2.7, 4.2, 4.6, 4.6, 4.4, 4.7, 1.7, 2.1, 2.4, 2.4
70,10, 2.6, 3.7, 3.9, 4.0, 3.4, 3.7, 4.5, 4.7, 4.7, 4.8, 2.5, 2.2, 3.0, 3.1
70,11, 1.5, 2.4, 2.6, 2.7, 2.5, 2.2, 2.8, 3.0, 3.0, 3.1, 1.6, 1.1, 1.8, 1.9
70,12, 1.4, 2.7, 3.2, 3.4, 3.4, 2.3, 3.2, 3.6, 3.8, 3.9, 2.2, 1.3, 2.3, 2.5
71, 1, 1.7, 3.1, 3.6, 3.8, 3.8, 2.8, 3.8, 4.2, 4.4, 4.4, 2.4, 1.5, 2.6, 2.8
71, 2, 2.6, 4.0, 4.3, 4.5, 4.3, 3.9, 4.9, 5.2, 5.3, 5.3, 2.4, 1.9, 2.8, 2.9
71, 3, 4.1, 5.2, 5.5, 5.5, 4.8, 5.8, 6.7, 6.9, 6.9, 6.9, 2.7, 3.0, 3.7, 3.7
71, 4, 4.3, 4.8, 4.8, 4.5, 3.7, 5.6, 6.0, 5.9, 5.8, 6.0, 1.9, 2.3, 2.6, 2.6
71, 5, 5.5, 5.6, 5.2, 4.6, 3.0, 7.2, 7.4, 7.2, 6.7, 7.5, 3.2, 4.3, 4.3, 4.5
71, 6, 6.4, 6.2, 5.7, 4.9, 3.0, 8.6, 8.6, 8.3, 7.8, 8.9, 4.1, 5.5, 5.3, 5.8
71, 7, 5.8, 5.8, 5.3, 4.7, 2.9, 7.6, 7.8, 7.5, 7.0, 7.9, 3.5, 4.6, 4.5, 4.8
71, 8, 4.8, 5.2, 4.9, 4.4, 3.1, 6.2, 6.6, 6.4, 6.1, 6.6, 2.6, 3.3, 3.5, 3.6
71, 9, 3.9, 4.8, 4.8, 4.6, 3.6, 5.5, 6.2, 6.2, 6.1, 6.3, 2.9, 3.4, 4.0, 4.0
71,10, 2.5, 3.5, 3.7, 3.7, 3.2, 3.5, 4.3, 4.5, 4.5, 4.5, 2.2, 2.0, 2.8, 2.8
71,11, 1.7, 2.9, 3.2, 3.3, 3.1, 2.6, 3.5, 3.7, 3.8, 3.9, 2.2, 1.6, 2.5, 2.7
71,12, 1.4, 2.6, 3.0, 3.2, 3.2, 2.2, 3.1, 3.4, 3.6, 3.7, 1.9, 1.1, 2.0, 2.2
72, 1, 1.7, 3.0, 3.4, 3.7, 3.6, 2.6, 3.6, 3.9, 4.1, 4.2, 2.2, 1.3, 2.3, 2.5
72, 2, 2.7, 4.3, 4.8, 5.0, 4.7, 4.2, 5.4, 5.8, 5.9, 5.9, 3.0, 2.5, 3.7, 3.8
72, 3, 3.9, 4.9, 5.1, 5.1, 4.5, 5.3, 6.1, 6.2, 6.2, 6.2, 2.3, 2.5, 3.1, 3.1
72, 4, 5.4, 6.2, 6.2, 5.9, 4.8, 7.6, 8.3, 8.3, 8.1, 8.3, 3.3, 4.3, 4.7, 4.8
72, 5, 6.0, 6.1, 5.7, 5.0, 3.2, 8.1, 8.3, 8.1, 7.6, 8.4, 3.9, 5.2, 5.2, 5.5
72, 6, 5.5, 5.4, 4.9, 4.3, 2.7, 6.9, 6.9, 6.6, 6.1, 7.1, 2.6, 3.5, 3.3, 3.6
72, 7, 5.7, 5.7, 5.3, 4.6, 3.0, 7.2, 7.3, 7.0, 6.6, 7.4, 3.0, 3.9, 3.8, 4.1
72, 8, 5.0, 5.4, 5.2, 4.7, 3.2, 6.7, 7.1, 6.9, 6.6, 7.1, 3.1, 4.0, 4.2, 4.3
72, 9, 3.7, 4.4, 4.4, 4.2, 3.2, 5.0, 5.6, 5.6, 5.4, 5.6, 2.4, 2.8, 3.3, 3.3
72,10, 2.3, 3.1, 3.3, 3.2, 2.7, 3.2, 3.8, 3.9, 3.9, 3.9, 1.7, 1.7, 2.2, 2.3
72,11, 1.5, 2.3, 2.5, 2.6, 2.4, 2.0, 2.6, 2.8, 2.8, 2.9, 1.4, 0.9, 1.5, 1.6
72,12, 1.4, 2.4, 2.8, 3.0, 2.9, 2.0, 2.8, 3.1, 3.3, 3.3, 1.6, 1.0, 1.7, 1.9
73, 1, 1.7, 3.0, 3.5, 3.8, 3.7, 2.7, 3.7, 4.0, 4.2, 4.3, 2.3, 1.5, 2.5, 2.7
73, 2, 2.7, 4.2, 4.6, 4.8, 4.5, 4.1, 5.2, 5.5, 5.7, 5.7, 2.8, 2.3, 3.4, 3.5
73, 3, 3.8, 4.9, 5.1, 5.1, 4.5, 5.5, 6.3, 6.4, 6.4, 6.4, 2.5, 2.9, 3.5, 3.5
73, 4, 4.9, 5.4, 5.3, 5.1, 4.0, 6.4, 6.9, 6.9, 6.7, 7.0, 2.6, 3.3, 3.6, 3.7
73, 5, 4.5, 4.4, 4.1, 3.6, 2.4, 5.5, 5.6, 5.3, 5.0, 5.7, 1.8, 2.5, 2.5, 2.6
73, 6, 5.7, 5.6, 5.1, 4.5, 2.8, 7.1, 7.2, 6.9, 6.4, 7.4, 2.9, 3.8, 3.7, 4.0
73, 7, 5.8, 5.8, 5.4, 4.7, 3.0, 7.6, 7.7, 7.4, 7.0, 7.9, 3.3, 4.4, 4.3, 4.6
73, 8, 4.7, 5.0, 4.8, 4.4, 3.0, 6.1, 6.4, 6.3, 6.0, 6.5, 2.5, 3.3, 3.5, 3.6
73, 9, 3.6, 4.3, 4.3, 4.1, 3.2, 4.9, 5.5, 5.5, 5.3, 5.6, 2.2, 2.7, 3.2, 3.2
73,10, 2.4, 3.3, 3.4, 3.4, 2.9, 3.3, 3.9, 4.1, 4.1, 4.1, 2.0, 1.8, 2.5, 2.5
73,11, 1.4, 1.9, 2.1, 2.1, 2.0, 1.8, 2.2, 2.3, 2.3, 2.4, 0.8, 0.6, 0.9, 1.0
73,12, 1.1, 1.9, 2.1, 2.2, 2.1, 1.6, 2.1, 2.3, 2.4, 2.5, 1.2, 0.7, 1.3, 1.4
74, 1, 1.7, 3.0, 3.5, 3.7, 3.7, 2.6, 3.6, 4.0, 4.2, 4.3, 2.3, 1.4, 2.5, 2.7
74, 2, 2.7, 4.3, 4.8, 5.0, 4.8, 4.2, 5.4, 5.8, 6.0, 6.0, 3.2, 2.6, 3.8, 4.0
74, 3, 3.8, 5.0, 5.3, 5.3, 4.7, 5.6, 6.5, 6.7, 6.7, 6.7, 3.0, 3.3, 4.1, 4.1
74, 4, 4.3, 4.7, 4.6, 4.3, 3.3, 5.7, 6.0, 5.9, 5.7, 6.0, 2.1, 2.9, 3.1, 3.1
74, 5, 5.1, 5.1, 4.8, 4.2, 2.8, 6.5, 6.7, 6.4, 6.1, 6.8, 2.5, 3.4, 3.4, 3.6
74, 6, 5.9, 5.8, 5.3, 4.6, 2.9, 7.6, 7.6, 7.3, 6.8, 7.9, 3.2, 4.2, 4.1, 4.4
74, 7, 5.7, 5.6, 5.2, 4.5, 2.9, 7.3, 7.4, 7.2, 6.7, 7.6, 3.1, 4.2, 4.1, 4.3
74, 8, 5.7, 6.2, 6.0, 5.4, 3.7, 7.8, 8.3, 8.2, 7.8, 8.4, 4.1, 5.3, 5.6, 5.8
74, 9, 3.7, 4.3, 4.3, 4.1, 3.1, 4.8, 5.4, 5.4, 5.2, 5.4, 2.2, 2.7, 3.1, 3.1
74,10, 2.4, 3.3, 3.5, 3.5, 2.9, 3.3, 4.0, 4.1, 4.1, 4.2, 2.0, 1.9, 2.5, 2.6
74,11, 1.5, 2.2, 2.4, 2.4, 2.2, 2.0, 2.5, 2.7, 2.7, 2.7, 1.2, 0.8, 1.3, 1.4
74,12, 1.3, 2.4, 2.7, 3.0, 2.9, 2.0, 2.8, 3.1, 3.3, 3.3, 1.8, 1.0, 1.9, 2.1
75, 1, 1.6, 2.8, 3.1, 3.3, 3.3, 2.4, 3.3, 3.6, 3.8, 3.8, 2.0, 1.3, 2.2, 2.3
75, 2, 2.5, 3.8, 4.2, 4.3, 4.1, 3.6, 4.6, 4.9, 5.0, 5.0, 2.2, 1.7, 2.6, 2.7
75, 3, 3.9, 5.1, 5.3, 5.3, 4.7, 5.7, 6.6, 6.8, 6.8, 6.8, 2.8, 3.1, 3.8, 3.9
75, 4, 4.5, 5.0, 4.9, 4.7, 3.8, 5.8, 6.2, 6.2, 6.0, 6.2, 2.0, 2.5, 2.8, 2.8
75, 5, 5.5, 5.6, 5.3, 4.7, 3.0, 7.1, 7.3, 7.1, 6.7, 7.4, 3.3, 4.2, 4.3, 4.5
75, 6, 6.3, 6.1, 5.6, 4.8, 2.9, 8.2, 8.3, 8.0, 7.4, 8.5, 3.8, 5.1, 4.9, 5.3
75, 7, 5.6, 5.6, 5.2, 4.5, 2.9, 7.2, 7.3, 7.0, 6.6, 7.4, 3.0, 4.0, 3.9, 4.2
75, 8, 5.4, 5.8, 5.6, 5.1, 3.4, 7.4, 7.8, 7.7, 7.3, 7.9, 3.7, 4.8, 5.1, 5.2
75, 9, 3.6, 4.3, 4.3, 4.0, 3.1, 4.8, 5.4, 5.4, 5.2, 5.4, 2.3, 2.8, 3.2, 3.2
75,10, 2.7, 3.9, 4.1, 4.1, 3.5, 4.0, 4.8, 5.1, 5.1, 5.1, 2.8, 2.7, 3.6, 3.7
75,11, 1.5, 2.4, 2.7, 2.8, 2.6, 2.2, 2.9, 3.1, 3.2, 3.2, 1.7, 1.2, 1.9, 2.0
75,12, 1.3, 2.5, 2.9, 3.1, 3.1, 2.1, 3.0, 3.3, 3.5, 3.6, 2.0, 1.2, 2.1, 2.3
76, 1, 1.8, 3.2, 3.7, 4.0, 3.9, 2.8, 3.9, 4.3, 4.5, 4.5, 2.5, 1.6, 2.7, 2.9
76, 2, 2.6, 3.8, 4.2, 4.3, 4.1, 3.8, 4.7, 5.0, 5.1, 5.1, 2.1, 1.8, 2.6, 2.7
76, 3, 4.0, 5.0, 5.2, 5.2, 4.6, 5.3, 6.2, 6.3, 6.3, 6.3, 2.3, 2.4, 3.0, 3.0
76, 4, 4.5, 4.9, 4.8, 4.4, 3.3, 5.8, 6.2, 6.1, 5.9, 6.2, 2.3, 3.0, 3.3, 3.3
76, 5, 5.1, 5.1, 4.7, 4.2, 2.7, 6.4, 6.5, 6.3, 5.9, 6.7, 2.5, 3.3, 3.3, 3.5
76, 6, 6.1, 6.0, 5.5, 4.8, 3.0, 7.8, 7.8, 7.5, 7.0, 8.0, 3.3, 4.3, 4.2, 4.5
76, 7, 5.7, 5.6, 5.2, 4.6, 2.9, 7.3, 7.4, 7.1, 6.7, 7.5, 3.1, 4.2, 4.1, 4.4
76, 8, 5.1, 5.4, 5.2, 4.7, 3.2, 6.9, 7.3, 7.1, 6.8, 7.3, 3.3, 4.3, 4.5, 4.7
76, 9, 3.6, 4.2, 4.2, 4.0, 3.0, 4.8, 5.3, 5.3, 5.1, 5.3, 2.2, 2.6, 3.0, 3.0
76,10, 2.4, 3.1, 3.2, 3.2, 2.7, 3.1, 3.7, 3.8, 3.8, 3.8, 1.7, 1.6, 2.1, 2.1
76,11, 1.5, 2.3, 2.5, 2.6, 2.4, 2.1, 2.7, 2.8, 2.9, 3.0, 1.4, 1.0, 1.6, 1.7
76,12, 1.3, 2.3, 2.7, 2.9, 2.8, 2.0, 2.7, 3.0, 3.2, 3.2, 1.6, 1.0, 1.7, 1.9
77, 1, 1.6, 3.0, 3.4, 3.7, 3.6, 2.6, 3.5, 3.9, 4.1, 4.2, 2.3, 1.4, 2.4, 2.6
77, 2, 1.9, 2.7, 2.9, 3.0, 2.8, 2.7, 3.3, 3.4, 3.5, 3.5, 1.5, 1.2, 1.8, 1.8
77, 3, 3.6, 4.6, 4.8, 4.8, 4.3, 5.0, 5.8, 6.0, 6.0, 6.0, 2.3, 2.5, 3.2, 3.2
77, 4, 5.2, 5.9, 5.9, 5.6, 4.5, 7.3, 8.0, 8.0, 7.8, 8.0, 3.3, 4.3, 4.7, 4.8
77, 5, 5.9, 6.0, 5.6, 4.9, 3.1, 8.0, 8.3, 8.0, 7.5, 8.4, 3.8, 5.1, 5.1, 5.4
77, 6, 4.7, 4.4, 4.1, 3.5, 2.3, 5.4, 5.4, 5.1, 4.8, 5.6, 1.7, 2.3, 2.2, 2.3
77, 7, 5.8, 5.8, 5.3, 4.7, 2.9, 7.8, 7.9, 7.6, 7.1, 8.1, 3.4, 4.6, 4.5, 4.8
77, 8, 4.8, 5.2, 4.9, 4.5, 3.1, 6.5, 6.8, 6.7, 6.3, 6.9, 2.8, 3.7, 3.9, 4.0
77, 9, 3.3, 3.8, 3.8, 3.6, 2.7, 4.3, 4.8, 4.7, 4.6, 4.8, 1.9, 2.3, 2.6, 2.6
77,10, 2.2, 3.1, 3.3, 3.3, 2.8, 3.1, 3.7, 3.9, 3.9, 3.9, 2.0, 1.8, 2.5, 2.5
77,11, 1.6, 2.5, 2.8, 2.9, 2.7, 2.3, 3.0, 3.2, 3.3, 3.3, 1.8, 1.3, 2.0, 2.1
77,12, 1.3, 2.2, 2.5, 2.7, 2.7, 1.9, 2.6, 2.8, 3.0, 3.0, 1.4, 0.8, 1.5, 1.6
78, 1, 1.6, 2.6, 2.9, 3.1, 3.0, 2.2, 3.0, 3.3, 3.4, 3.5, 1.5, 0.9, 1.6, 1.8
78, 2, 2.7, 4.3, 4.8, 5.0, 4.8, 4.3, 5.4, 5.8, 6.0, 6.0, 3.0, 2.4, 3.6, 3.7
78, 3, 3.8, 5.1, 5.3, 5.3, 4.8, 5.6, 6.6, 6.8, 6.8, 6.8, 2.9, 3.2, 4.0, 4.0
78, 4, 4.7, 5.2, 5.2, 4.9, 3.9, 6.2, 6.7, 6.7, 6.4, 6.7, 2.4, 3.1, 3.3, 3.4
78, 5, 5.7, 5.8, 5.4, 4.8, 3.1, 7.5, 7.8, 7.5, 7.1, 7.9, 3.4, 4.6, 4.6, 4.8
78, 6, 5.3, 5.3, 4.8, 4.2, 2.6, 6.7, 6.8, 6.5, 6.1, 7.0, 2.9, 3.8, 3.6, 3.9
78, 7, 5.3, 5.2, 4.8, 4.2, 2.7, 6.8, 6.9, 6.6, 6.2, 7.0, 2.8, 3.8, 3.7, 3.9
78, 8, 5.2, 5.6, 5.4, 4.9, 3.3, 7.4, 7.8, 7.7, 7.3, 7.9, 3.7, 5.1, 5.3, 5.5
78, 9, 3.8, 4.7, 4.8, 4.6, 3.5, 5.6, 6.4, 6.4, 6.3, 6.4, 3.3, 4.0, 4.7, 4.7
78,10, 1.8, 2.3, 2.4, 2.4, 2.0, 2.4, 2.8, 2.8, 2.8, 2.9, 1.3, 1.2, 1.6, 1.6
78,11, 1.6, 2.9, 3.2, 3.4, 3.2, 2.6, 3.5, 3.8, 3.9, 3.9, 2.5, 1.8, 2.8, 3.0
78,12, 1.3, 2.4, 2.7, 2.9, 2.9, 2.0, 2.8, 3.1, 3.3, 3.3, 1.7, 1.0, 1.8, 1.9
79, 1, 1.6, 2.8, 3.2, 3.4, 3.3, 2.5, 3.3, 3.7, 3.8, 3.9, 2.0, 1.2, 2.1, 2.3
79, 2, 2.8, 4.5, 4.9, 5.2, 4.9, 4.4, 5.6, 6.0, 6.2, 6.1, 3.2, 2.6, 3.8, 3.9
79, 3, 3.3, 4.0, 4.1, 4.1, 3.5, 4.4, 5.0, 5.1, 5.0, 5.1, 1.8, 2.0, 2.4, 2.4
79, 4, 4.0, 4.3, 4.2, 4.0, 3.0, 5.0, 5.3, 5.3, 5.1, 5.3, 1.9, 2.4, 2.6, 2.6
79, 5, 4.3, 4.3, 4.0, 3.6, 2.3, 5.4, 5.6, 5.4, 5.0, 5.7, 2.4, 3.2, 3.2, 3.4
79, 6, 5.8, 5.7, 5.2, 4.5, 2.8, 7.6, 7.7, 7.3, 6.9, 7.8, 3.7, 4.8, 4.7, 5.1
79, 7, 5.7, 5.8, 5.3, 4.7, 2.9, 7.4, 7.6, 7.3, 6.9, 7.8, 3.6, 4.7, 4.6, 4.9
79, 8, 4.0, 4.2, 4.0, 3.6, 2.5, 5.1, 5.4, 5.2, 5.0, 5.4, 2.2, 2.9, 3.1, 3.2
79, 9, 3.6, 4.5, 4.5, 4.3, 3.3, 5.3, 5.9, 6.0, 5.8, 6.0, 2.9, 3.5, 4.2, 4.2
79,10, 1.8, 2.4, 2.5, 2.5, 2.1, 2.4, 2.8, 2.9, 2.9, 3.0, 1.4, 1.3, 1.7, 1.8
79,11, 1.1, 1.8, 1.9, 2.0, 1.9, 1.5, 2.0, 2.2, 2.2, 2.3, 1.3, 0.9, 1.4, 1.5
79,12, 1.0, 2.0, 2.3, 2.4, 2.4, 1.7, 2.3, 2.6, 2.7, 2.8, 1.6, 1.0, 1.7, 1.9
80, 1, 1.6, 3.1, 3.6, 3.9, 3.8, 2.7, 3.8, 4.2, 4.4, 4.4, 2.6, 1.7, 2.8, 3.0
80, 2, 2.8, 4.2, 4.6, 4.8, 4.5, 4.1, 5.2, 5.5, 5.7, 5.6, 2.7, 2.2, 3.3, 3.3
80, 3, 4.0, 5.3, 5.5, 5.5, 4.9, 5.7, 6.7, 6.9, 6.9, 6.9, 3.1, 3.3, 4.2, 4.2
80, 4, 3.7, 4.0, 3.9, 3.6, 2.7, 4.8, 5.2, 5.1, 4.9, 5.2, 2.0, 2.6, 2.9, 2.9
80, 5, 5.5, 5.6, 5.2, 4.6, 3.0, 7.4, 7.6, 7.4, 6.9, 7.7, 3.3, 4.4, 4.4, 4.7
80, 6, 5.1, 4.9, 4.5, 3.9, 2.4, 6.5, 6.5, 6.3, 5.9, 6.7, 2.6, 3.6, 3.4, 3.7
80, 7, 4.6, 4.5, 4.2, 3.6, 2.3, 5.8, 5.8, 5.6, 5.3, 6.0, 2.4, 3.2, 3.1, 3.3
80, 8, 4.8, 5.3, 5.1, 4.6, 3.2, 6.5, 6.9, 6.8, 6.4, 6.9, 3.0, 3.9, 4.1, 4.2
80, 9, 3.1, 3.8, 3.8, 3.6, 2.7, 4.3, 4.8, 4.8, 4.6, 4.8, 2.2, 2.5, 3.0, 3.0
80,10, 1.9, 2.4, 2.5, 2.4, 2.0, 2.3, 2.7, 2.8, 2.8, 2.8, 1.0, 0.9, 1.3, 1.3
80,11, 1.3, 2.0, 2.1, 2.2, 2.0, 1.7, 2.2, 2.4, 2.4, 2.4, 1.2, 0.8, 1.4, 1.4
80,12, 1.2, 2.1, 2.4, 2.6, 2.6, 1.8, 2.5, 2.7, 2.9, 2.9, 1.5, 0.9, 1.5, 1.7
81, 1, 1.8, 3.3, 3.8, 4.1, 4.1, 2.9, 4.1, 4.5, 4.7, 4.8, 2.7, 1.7, 2.9, 3.2
81, 2, 2.3, 3.4, 3.7, 3.8, 3.6, 3.3, 4.1, 4.3, 4.4, 4.4, 2.0, 1.6, 2.4, 2.4
81, 3, 3.4, 4.1, 4.3, 4.2, 3.7, 4.6, 5.2, 5.3, 5.2, 5.3, 1.9, 2.2, 2.6, 2.7
81, 4, 4.1, 4.6, 4.4, 4.1, 2.9, 5.6, 6.0, 5.9, 5.7, 6.0, 2.5, 3.3, 3.6, 3.7
81, 5, 4.9, 5.0, 4.7, 4.2, 2.7, 6.2, 6.3, 6.1, 5.7, 6.4, 2.4, 3.2, 3.2, 3.3
81, 6, 5.8, 5.6, 5.2, 4.5, 2.8, 7.5, 7.5, 7.2, 6.7, 7.7, 3.5, 4.6, 4.4, 4.8
81, 7, 6.3, 6.3, 5.8, 5.1, 3.2, 8.4, 8.6, 8.3, 7.8, 8.8, 4.0, 5.3, 5.2, 5.6
81, 8, 5.1, 5.5, 5.3, 4.8, 3.3, 6.9, 7.3, 7.2, 6.8, 7.4, 3.3, 4.4, 4.6, 4.8
81, 9, 3.2, 3.7, 3.7, 3.5, 2.6, 4.3, 4.7, 4.7, 4.5, 4.7, 2.0, 2.4, 2.8, 2.8
81,10, 2.0, 2.8, 3.0, 3.0, 2.6, 2.8, 3.5, 3.6, 3.6, 3.6, 1.9, 1.7, 2.4, 2.4
81,11, 1.1, 1.6, 1.8, 1.8, 1.6, 1.5, 1.9, 2.0, 2.0, 2.0, 1.0, 0.7, 1.1, 1.2
81,12, 0.9, 1.6, 1.8, 1.9, 1.8, 1.3, 1.8, 2.0, 2.0, 2.1, 1.0, 0.6, 1.1, 1.2
82, 1, 1.6, 3.0, 3.4, 3.7, 3.6, 2.6, 3.6, 4.0, 4.2, 4.2, 2.4, 1.5, 2.6, 2.8
82, 2, 2.5, 3.7, 4.0, 4.1, 3.9, 3.6, 4.4, 4.7, 4.8, 4.8, 2.2, 1.8, 2.6, 2.7
82, 3, 3.9, 4.9, 5.2, 5.2, 4.6, 5.2, 6.0, 6.2, 6.2, 6.2, 2.5, 2.5, 3.2, 3.2
82, 4, 4.5, 4.9, 4.8, 4.6, 3.8, 5.6, 6.0, 6.0, 5.8, 6.0, 1.9, 2.3, 2.5, 2.6
82, 5, 6.2, 6.3, 5.9, 5.2, 3.4, 8.0, 8.3, 8.0, 7.5, 8.4, 3.4, 4.5, 4.4, 4.7
82, 6, 5.9, 5.8, 5.3, 4.6, 2.9, 7.4, 7.5, 7.2, 6.7, 7.7, 3.1, 4.1, 3.9, 4.2
82, 7, 5.9, 5.9, 5.5, 4.8, 3.0, 7.7, 7.8, 7.5, 7.1, 8.0, 3.2, 4.2, 4.1, 4.4
82, 8, 4.7, 5.0, 4.7, 4.3, 3.0, 5.9, 6.3, 6.1, 5.8, 6.3, 2.4, 3.2, 3.3, 3.4
82, 9, 3.1, 3.6, 3.5, 3.3, 2.5, 3.9, 4.3, 4.3, 4.2, 4.3, 1.7, 2.0, 2.3, 2.3
82,10, 2.4, 3.5, 3.7, 3.8, 3.2, 3.5, 4.3, 4.5, 4.5, 4.5, 2.5, 2.2, 3.0, 3.1
82,11, 1.2, 1.7, 1.9, 2.0, 1.8, 1.5, 2.0, 2.1, 2.2, 2.2, 1.0, 0.6, 1.1, 1.1
82,12, 0.9, 1.4, 1.6, 1.6, 1.5, 1.1, 1.5, 1.7, 1.7, 1.7, 0.8, 0.4, 0.8, 0.9
83, 1, 1.3, 2.1, 2.4, 2.5, 2.4, 1.8, 2.4, 2.6, 2.7, 2.7, 1.2, 0.7, 1.3, 1.4
83, 2, 2.1, 2.9, 3.2, 3.3, 3.0, 2.7, 3.4, 3.6, 3.7, 3.7, 1.5, 1.1, 1.7, 1.7
83, 3, 3.0, 3.6, 3.7, 3.6, 3.1, 3.7, 4.3, 4.3, 4.3, 4.3, 1.5, 1.5, 1.9, 2.0
83, 4, 3.5, 3.8, 3.6, 3.3, 2.4, 4.1, 4.4, 4.3, 4.1, 4.4, 1.4, 1.7, 1.9, 1.9
83, 5, 3.6, 3.6, 3.4, 3.0, 2.0, 4.2, 4.2, 4.1, 3.8, 4.3, 1.5, 1.8, 1.8, 1.9
83, 6, 6.2, 6.2, 5.6, 4.9, 3.0, 7.8, 7.9, 7.5, 7.0, 8.1, 3.4, 4.3, 4.2, 4.5
83, 7, 5.1, 5.1, 4.7, 4.1, 2.6, 6.2, 6.3, 6.0, 5.6, 6.4, 2.5, 3.2, 3.1, 3.4
83, 8, 4.3, 4.6, 4.4, 4.0, 2.7, 5.5, 5.8, 5.6, 5.3, 5.8, 2.3, 2.9, 3.1, 3.2
83, 9, 3.8, 4.7, 4.7, 4.5, 3.5, 5.4, 6.1, 6.1, 5.9, 6.1, 2.9, 3.4, 4.0, 4.0
83,10, 2.4, 3.3, 3.4, 3.4, 2.9, 3.2, 3.9, 4.1, 4.0, 4.1, 2.0, 1.7, 2.4, 2.4
83,11, 1.3, 1.8, 2.0, 2.0, 1.9, 1.6, 2.1, 2.2, 2.3, 2.3, 1.1, 0.8, 1.3, 1.3
83,12, 1.0, 1.6, 1.8, 1.9, 1.9, 1.3, 1.8, 2.0, 2.1, 2.1, 1.0, 0.5, 1.0, 1.1
84, 1, 1.4, 2.2, 2.5, 2.7, 2.6, 1.9, 2.5, 2.8, 2.9, 2.9, 1.4, 0.8, 1.5, 1.5
84, 2, 2.2, 3.0, 3.2, 3.3, 3.1, 2.8, 3.5, 3.7, 3.8, 3.8, 1.4, 1.1, 1.6, 1.7
84, 3, 3.7, 4.5, 4.7, 4.7, 4.2, 4.7, 5.5, 5.6, 5.6, 5.6, 1.9, 2.0, 2.5, 2.5
84, 4, 4.4, 4.9, 4.8, 4.6, 3.5, 5.6, 6.1, 6.1, 5.8, 6.1, 2.4, 2.9, 3.2, 3.3
84, 5, 4.5, 4.6, 4.3, 3.8, 2.5, 5.6, 5.7, 5.5, 5.1, 5.8, 2.2, 2.8, 2.8, 3.0
84, 6, 5.2, 5.1, 4.6, 4.0, 2.5, 6.5, 6.6, 6.3, 5.9, 6.8, 2.9, 3.7, 3.6, 3.9
84, 7, 4.9, 4.9, 4.5, 4.0, 2.5, 6.2, 6.3, 6.0, 5.6, 6.4, 2.5, 3.3, 3.2, 3.4
84, 8, 4.3, 4.7, 4.4, 4.0, 2.7, 5.6, 5.9, 5.8, 5.5, 6.0, 2.5, 3.2, 3.4, 3.5
84, 9, 3.6, 4.5, 4.5, 4.3, 3.3, 5.1, 5.8, 5.8, 5.6, 5.8, 2.7, 3.2, 3.8, 3.8
84,10, 2.3, 3.4, 3.7, 3.7, 3.2, 3.3, 4.2, 4.3, 4.4, 4.4, 2.5, 2.2, 3.0, 3.1
84,11, 1.2, 2.0, 2.3, 2.4, 2.2, 1.8, 2.4, 2.6, 2.7, 2.7, 1.6, 1.1, 1.8, 1.9
84,12, 0.9, 1.5, 1.7, 1.8, 1.8, 1.2, 1.7, 1.9, 2.0, 2.0, 1.0, 0.5, 1.0, 1.1
85, 1, 1.6, 2.8, 3.2, 3.4, 3.4, 2.4, 3.3, 3.6, 3.8, 3.9, 2.1, 1.3, 2.3, 2.4
85, 2, 2.1, 3.0, 3.3, 3.4, 3.2, 2.8, 3.5, 3.7, 3.8, 3.8, 1.6, 1.2, 1.8, 1.9
85, 3, 3.9, 5.2, 5.4, 5.5, 4.8, 5.8, 6.7, 6.9, 6.9, 6.9, 3.1, 3.4, 4.2, 4.2
85, 4, 4.9, 5.6, 5.4, 5.1, 3.8, 6.7, 7.2, 7.2, 6.9, 7.3, 3.3, 4.1, 4.5, 4.6
85, 5, 5.0, 5.0, 4.7, 4.1, 2.7, 6.5, 6.7, 6.4, 6.1, 6.8, 2.8, 3.8, 3.8, 4.1
85, 6, 5.1, 4.9, 4.5, 3.9, 2.4, 6.3, 6.4, 6.1, 5.7, 6.6, 2.8, 3.6, 3.4, 3.7
85, 7, 5.8, 5.8, 5.3, 4.6, 2.9, 7.7, 7.8, 7.5, 7.0, 8.0, 3.5, 4.7, 4.6, 4.9
85, 8, 5.0, 5.4, 5.2, 4.7, 3.2, 6.7, 7.1, 7.0, 6.6, 7.2, 3.5, 4.4, 4.6, 4.8
85, 9, 3.7, 4.5, 4.6, 4.4, 3.4, 5.1, 5.8, 5.9, 5.7, 5.9, 2.9, 3.3, 4.0, 4.0
85,10, 2.5, 3.5, 3.8, 3.8, 3.3, 3.5, 4.3, 4.5, 4.5, 4.6, 2.4, 2.2, 3.0, 3.0
85,11, 1.5, 2.2, 2.4, 2.5, 2.3, 2.0, 2.5, 2.7, 2.8, 2.8, 1.3, 0.9, 1.4, 1.5
85,12, 1.4, 2.6, 3.0, 3.3, 3.2, 2.2, 3.1, 3.5, 3.7, 3.7, 2.2, 1.3, 2.3, 2.5
86, 1, 1.6, 2.8, 3.2, 3.5, 3.4, 2.5, 3.4, 3.7, 3.9, 4.0, 2.1, 1.3, 2.3, 2.4
86, 2, 2.8, 4.6, 5.1, 5.4, 5.1, 4.4, 5.8, 6.2, 6.4, 6.3, 3.5, 2.8, 4.2, 4.3
86, 3, 4.1, 5.4, 5.7, 5.7, 5.1, 5.9, 6.9, 7.2, 7.2, 7.2, 3.3, 3.4, 4.3, 4.3
86, 4, 4.7, 5.3, 5.2, 4.9, 3.6, 6.4, 6.9, 6.9, 6.6, 7.0, 3.2, 4.0, 4.4, 4.5
86, 5, 5.4, 5.6, 5.2, 4.6, 3.0, 7.1, 7.3, 7.1, 6.7, 7.4, 3.3, 4.3, 4.3, 4.6
86, 6, 6.1, 5.9, 5.4, 4.7, 2.9, 8.0, 8.1, 7.8, 7.3, 8.3, 3.6, 4.8, 4.6, 5.0
86, 7, 5.1, 5.0, 4.6, 4.0, 2.6, 6.3, 6.4, 6.1, 5.7, 6.5, 2.5, 3.3, 3.2, 3.5
86, 8, 4.5, 4.7, 4.5, 4.1, 2.8, 5.9, 6.1, 6.0, 5.7, 6.2, 2.3, 3.2, 3.3, 3.4
86, 9, 3.7, 4.5, 4.5, 4.2, 3.2, 5.1, 5.7, 5.7, 5.5, 5.8, 2.5, 3.0, 3.5, 3.5
86,10, 2.3, 3.2, 3.3, 3.3, 2.8, 3.3, 3.9, 4.0, 4.0, 4.0, 1.9, 1.8, 2.4, 2.5
86,11, 1.5, 2.3, 2.5, 2.5, 2.4, 2.1, 2.6, 2.8, 2.9, 2.9, 1.2, 0.9, 1.4, 1.5
86,12, 1.4, 2.8, 3.2, 3.5, 3.5, 2.3, 3.3, 3.7, 3.9, 4.0, 2.3, 1.3, 2.4, 2.6
87, 1, 1.7, 3.0, 3.4, 3.6, 3.5, 2.6, 3.5, 3.9, 4.1, 4.1, 2.1, 1.3, 2.2, 2.4
87, 2, 2.9, 4.7, 5.2, 5.5, 5.2, 4.6, 5.9, 6.4, 6.6, 6.5, 3.6, 2.9, 4.3, 4.4
87, 3, 3.9, 5.1, 5.3, 5.4, 4.8, 5.6, 6.5, 6.7, 6.7, 6.7, 2.8, 3.0, 3.8, 3.8
87, 4, 4.9, 5.5, 5.3, 4.9, 3.5, 6.7, 7.2, 7.1, 6.8, 7.2, 3.4, 4.3, 4.7, 4.8
87, 5, 5.8, 5.9, 5.5, 4.8, 3.1, 7.8, 8.0, 7.8, 7.3, 8.2, 3.7, 5.0, 5.0, 5.2
87, 6, 5.7, 5.6, 5.1, 4.4, 2.7, 7.4, 7.4, 7.1, 6.7, 7.7, 3.1, 4.2, 4.0, 4.3
87, 7, 5.6, 5.5, 5.1, 4.4, 2.8, 7.2, 7.3, 7.1, 6.6, 7.5, 3.1, 4.2, 4.1, 4.4
87, 8, 5.1, 5.4, 5.2, 4.7, 3.2, 6.8, 7.2, 7.1, 6.7, 7.3, 3.1, 4.1, 4.3, 4.4
87, 9, 3.3, 3.9, 3.8, 3.6, 2.8, 4.4, 4.8, 4.8, 4.7, 4.9, 1.8, 2.3, 2.6, 2.6
87,10, 2.6, 3.7, 3.9, 3.9, 3.3, 3.8, 4.6, 4.8, 4.8, 4.8, 2.5, 2.4, 3.2, 3.3
87,11, 1.5, 2.3, 2.5, 2.6, 2.4, 2.1, 2.7, 2.9, 3.0, 3.0, 1.5, 1.0, 1.7, 1.8
87,12, 1.3, 2.4, 2.8, 3.0, 2.9, 2.0, 2.8, 3.1, 3.3, 3.3, 1.8, 1.0, 1.9, 2.0
88, 1, 1.5, 2.7, 3.0, 3.3, 3.2, 2.3, 3.2, 3.5, 3.7, 3.7, 2.1, 1.3, 2.3, 2.4
88, 2, 2.5, 3.8, 4.1, 4.3, 4.1, 3.7, 4.7, 4.9, 5.1, 5.1, 2.5, 2.1, 3.0, 3.1
88, 3, 3.9, 5.2, 5.5, 5.5, 4.9, 5.8, 6.8, 7.0, 7.0, 7.0, 3.3, 3.6, 4.4, 4.5
88, 4, 3.9, 4.3, 4.2, 3.9, 2.9, 4.9, 5.2, 5.2, 4.9, 5.3, 2.1, 2.5, 2.8, 2.9
88, 5, 5.7, 5.8, 5.4, 4.8, 3.1, 7.6, 7.8, 7.6, 7.2, 7.9, 3.8, 5.0, 5.0, 5.3
88, 6, 5.4, 5.3, 4.8, 4.2, 2.6, 6.8, 6.8, 6.5, 6.1, 7.0, 2.8, 3.7, 3.5, 3.8
88, 7, 5.2, 5.2, 4.8, 4.2, 2.7, 6.5, 6.6, 6.4, 6.0, 6.8, 2.9, 3.7, 3.6, 3.9
88, 8, 4.1, 4.4, 4.2, 3.8, 2.6, 5.5, 5.8, 5.6, 5.3, 5.8, 2.4, 3.2, 3.3, 3.4
88, 9, 3.5, 4.4, 4.4, 4.2, 3.2, 5.1, 5.8, 5.8, 5.6, 5.8, 2.8, 3.4, 3.9, 3.9
88,10, 2.0, 2.8, 3.0, 3.0, 2.5, 2.8, 3.4, 3.5, 3.5, 3.5, 1.8, 1.6, 2.2, 2.3
88,11, 1.3, 2.2, 2.4, 2.5, 2.4, 1.9, 2.5, 2.7, 2.8, 2.9, 1.6, 1.1, 1.8, 1.9
88,12, 1.2, 2.2, 2.5, 2.7, 2.7, 1.9, 2.6, 2.9, 3.1, 3.1, 1.7, 1.0, 1.8, 2.0
89, 1, 1.7, 3.0, 3.5, 3.7, 3.7, 2.6, 3.6, 4.0, 4.2, 4.2, 2.3, 1.4, 2.5, 2.7
89, 2, 2.6, 3.9, 4.3, 4.4, 4.2, 3.9, 4.8, 5.1, 5.3, 5.2, 2.3, 1.9, 2.8, 2.9
89, 3, 4.2, 5.5, 5.8, 5.9, 5.3, 6.1, 7.2, 7.4, 7.4, 7.4, 3.2, 3.5, 4.3, 4.4
89, 4, 4.3, 4.8, 4.6, 4.3, 3.2, 5.7, 6.1, 6.0, 5.8, 6.1, 2.1, 2.8, 3.1, 3.1
89, 5, 4.8, 4.9, 4.5, 4.0, 2.6, 6.1, 6.2, 6.0, 5.6, 6.3, 2.3, 3.1, 3.1, 3.3
89, 6, 5.5, 5.3, 4.9, 4.2, 2.6, 7.3, 7.3, 7.0, 6.6, 7.5, 3.2, 4.3, 4.1, 4.5
89, 7, 6.5, 6.6, 6.1, 5.3, 3.2, 9.2, 9.4, 9.1, 8.6, 9.6, 4.7, 6.4, 6.2, 6.7
89, 8, 4.7, 5.0, 4.8, 4.3, 3.0, 6.4, 6.8, 6.6, 6.3, 6.8, 2.8, 3.8, 4.0, 4.2
89, 9, 3.8, 4.6, 4.6, 4.4, 3.3, 5.3, 5.9, 5.9, 5.8, 6.0, 2.7, 3.3, 3.8, 3.8
89,10, 2.5, 3.4, 3.6, 3.6, 3.1, 3.5, 4.2, 4.3, 4.3, 4.4, 2.2, 2.0, 2.7, 2.8
89,11, 1.5, 2.2, 2.4, 2.5, 2.3, 2.0, 2.6, 2.8, 2.8, 2.8, 1.3, 0.9, 1.5, 1.6
89,12, 1.5, 3.1, 3.6, 3.9, 3.9, 2.6, 3.8, 4.2, 4.4, 4.5, 2.7, 1.6, 2.9, 3.1
90, 1, 1.3, 2.0, 2.3, 2.4, 2.3, 1.8, 2.4, 2.6, 2.7, 2.7, 1.3, 0.8, 1.4, 1.5
90, 2, 2.5, 3.7, 4.1, 4.3, 4.0, 3.6, 4.5, 4.8, 4.9, 4.9, 2.4, 1.9, 2.8, 2.9
90, 3, 3.9, 5.3, 5.6, 5.6, 5.0, 5.8, 6.9, 7.1, 7.1, 7.1, 3.5, 3.7, 4.6, 4.7
90, 4, 4.2, 4.6, 4.5, 4.2, 3.2, 5.5, 5.9, 5.8, 5.6, 5.9, 2.3, 2.9, 3.2, 3.2
90, 5, 4.9, 4.9, 4.6, 4.1, 2.7, 6.2, 6.3, 6.1, 5.8, 6.5, 2.6, 3.4, 3.4, 3.6
90, 6, 5.2, 5.1, 4.7, 4.1, 2.5, 6.6, 6.6, 6.3, 5.9, 6.8, 2.8, 3.7, 3.6, 3.9
90, 7, 5.8, 5.8, 5.4, 4.7, 3.0, 7.8, 7.9, 7.6, 7.2, 8.1, 3.6, 4.8, 4.7, 5.0
90, 8, 5.0, 5.5, 5.3, 4.8, 3.3, 7.1, 7.5, 7.3, 7.0, 7.5, 3.4, 4.6, 4.8, 5.0
90, 9, 3.4, 3.9, 3.8, 3.6, 2.7, 4.5, 4.9, 4.9, 4.7, 4.9, 1.9, 2.4, 2.8, 2.8
90,10, 1.8, 2.3, 2.4, 2.3, 2.0, 2.3, 2.7, 2.8, 2.8, 2.8, 1.3, 1.2, 1.6, 1.6
90,11, 1.4, 2.0, 2.2, 2.3, 2.1, 1.9, 2.3, 2.5, 2.5, 2.5, 1.1, 0.8, 1.2, 1.3
90,12, 1.2, 2.2, 2.5, 2.7, 2.6, 1.9, 2.6, 2.8, 3.0, 3.0, 1.6, 0.9, 1.7, 1.8
