"City:    ","ALBANY                "
"State:   ","NY"
"WBAN No: ", 14735
"Lat(N):  ", 42.75
"Long(W): ", 73.80
"Elev(m): ",    89
"Pres(mb):",  1006
"Stn Type:","Primary"
"MONTHLY SOLAR RADIATION (kWh/m2/day)"
"COLUMN A: Year"
"COLUMN B: Month"
"COLUMN C: Flat-Plate Collector Facing South at Fixed Tilt=0"
"COLUMN D: Flat-Plate Collector Facing South at Fixed Tilt=Lat-15"
"COLUMN E: Flat-Plate Collector Facing South at Fixed Tilt=Lat"
"COLUMN F: Flat-Plate Collector Facing South at Fixed Tilt=Lat+15"
"COLUMN G: Flat-Plate Collector Facing South at Fixed Tilt=90"
"COLUMN H: 1-Axis Tracking Flat-Plate Collector with North-South Axis, Axis Tilt=0"
"COLUMN I: 1-Axis Tracking Flat-Plate Collector with North-South Axis, Axis Tilt=Lat-15"
"COLUMN J: 1-Axis Tracking Flat-Plate Collector with North-South Axis, Axis Tilt=Lat"
"COLUMN K: 1-Axis Tracking Flat-Plate Collector with North-South Axis, Axis Tilt=Lat+15"
"COLUMN L: 2-Axis Tracking Flat-Plate Collector"
"COLUMN M: 1-Axis Tracking Concentrating Collector with East-West Horizontal Axis"
"COLUMN N: 1-Axis Tracking Concentrating Collector with North-South Horizontal Axis"
"COLUMN O: 1-Axis Tracking Concentrating Collector with North-South Axis, Axis Tilt=Lat"
"COLUMN P: 2-Axis Tracking Concentrating Collector"
"COL A","COL B","COL C","COL D","COL E","COL F","COL G","COL H","COL I","COL J","COL K","COL L","COL M","COL N","COL O","COL P"
61, 1, 2.1, 3.3, 3.8, 4.0, 3.9, 3.1, 4.0, 4.4, 4.6, 4.6, 2.5, 1.7, 2.7, 2.8
61, 2, 2.8, 3.9, 4.3, 4.5, 4.2, 3.9, 4.8, 5.1, 5.2, 5.2, 2.5, 2.1, 3.0, 3.1
61, 3, 3.6, 4.3, 4.4, 4.3, 3.5, 4.7, 5.3, 5.3, 5.3, 5.4, 2.1, 2.3, 2.8, 2.8
61, 4, 3.9, 4.0, 3.9, 3.6, 2.4, 4.6, 4.7, 4.6, 4.4, 4.7, 1.5, 2.0, 2.1, 2.1
61, 5, 5.1, 5.1, 4.7, 4.2, 2.5, 6.2, 6.3, 6.1, 5.7, 6.4, 2.4, 3.2, 3.2, 3.4
61, 6, 5.9, 5.8, 5.3, 4.6, 2.6, 7.5, 7.5, 7.2, 6.7, 7.6, 3.2, 4.2, 4.0, 4.4
61, 7, 5.5, 5.4, 5.0, 4.4, 2.6, 6.7, 6.7, 6.4, 6.0, 6.8, 2.6, 3.4, 3.3, 3.5
61, 8, 5.0, 5.2, 5.0, 4.5, 2.8, 6.5, 6.8, 6.6, 6.3, 6.8, 2.8, 3.8, 3.8, 4.0
61, 9, 4.5, 5.4, 5.5, 5.3, 3.8, 6.2, 7.0, 7.0, 6.8, 7.1, 3.5, 4.2, 4.8, 4.8
61,10, 3.1, 4.2, 4.4, 4.4, 3.7, 4.3, 5.1, 5.3, 5.3, 5.4, 2.9, 2.7, 3.6, 3.7
61,11, 1.7, 2.4, 2.6, 2.6, 2.3, 2.2, 2.7, 2.9, 2.9, 3.0, 1.4, 1.0, 1.6, 1.7
61,12, 1.4, 2.0, 2.2, 2.3, 2.1, 1.7, 2.2, 2.4, 2.5, 2.5, 1.2, 0.7, 1.2, 1.3
62, 1, 1.8, 2.8, 3.2, 3.4, 3.2, 2.5, 3.3, 3.6, 3.8, 3.9, 2.2, 1.4, 2.3, 2.5
62, 2, 2.5, 3.3, 3.5, 3.6, 3.3, 3.3, 3.9, 4.1, 4.1, 4.2, 1.6, 1.4, 1.9, 2.0
62, 3, 4.0, 5.0, 5.2, 5.2, 4.2, 5.7, 6.4, 6.6, 6.6, 6.6, 3.2, 3.6, 4.3, 4.3
62, 4, 4.5, 4.8, 4.6, 4.3, 2.9, 5.8, 6.1, 6.0, 5.7, 6.1, 2.3, 3.1, 3.3, 3.4
62, 5, 6.0, 6.1, 5.7, 5.0, 2.9, 7.7, 7.9, 7.6, 7.2, 8.0, 3.7, 4.8, 4.7, 5.0
62, 6, 5.9, 5.8, 5.3, 4.6, 2.6, 7.6, 7.6, 7.2, 6.8, 7.8, 3.2, 4.3, 4.1, 4.4
62, 7, 6.2, 6.1, 5.6, 4.9, 2.8, 7.9, 8.0, 7.7, 7.2, 8.2, 3.7, 4.8, 4.6, 5.0
62, 8, 5.2, 5.5, 5.3, 4.8, 3.1, 6.9, 7.2, 7.1, 6.8, 7.3, 3.2, 4.2, 4.4, 4.5
62, 9, 4.0, 4.6, 4.6, 4.3, 3.1, 5.2, 5.7, 5.7, 5.5, 5.8, 2.5, 3.0, 3.4, 3.4
62,10, 2.5, 3.2, 3.3, 3.3, 2.7, 3.4, 3.8, 4.0, 3.9, 4.0, 1.7, 1.7, 2.2, 2.2
62,11, 1.9, 2.7, 3.0, 3.2, 2.8, 2.5, 3.2, 3.4, 3.5, 3.6, 1.9, 1.4, 2.1, 2.3
62,12, 1.6, 2.5, 2.9, 3.1, 3.0, 2.2, 3.0, 3.3, 3.4, 3.5, 2.0, 1.2, 2.0, 2.2
63, 1, 1.7, 2.5, 2.8, 2.9, 2.8, 2.4, 3.0, 3.2, 3.3, 3.3, 1.6, 1.1, 1.7, 1.8
63, 2, 2.9, 3.9, 4.3, 4.5, 4.1, 4.1, 4.9, 5.2, 5.3, 5.3, 2.3, 2.1, 2.9, 2.9
63, 3, 3.8, 4.4, 4.6, 4.5, 3.8, 4.9, 5.5, 5.6, 5.5, 5.6, 2.0, 2.3, 2.7, 2.8
63, 4, 4.9, 5.4, 5.3, 4.9, 3.3, 6.6, 7.0, 7.0, 6.7, 7.1, 3.2, 4.1, 4.4, 4.5
63, 5, 5.7, 5.8, 5.4, 4.8, 2.8, 7.5, 7.7, 7.4, 7.0, 7.8, 3.6, 4.7, 4.7, 4.9
63, 6, 5.8, 5.7, 5.3, 4.6, 2.6, 7.3, 7.3, 7.0, 6.5, 7.4, 3.1, 4.1, 3.9, 4.2
63, 7, 5.8, 5.7, 5.3, 4.6, 2.7, 7.4, 7.4, 7.2, 6.7, 7.6, 3.2, 4.2, 4.1, 4.4
63, 8, 4.9, 5.2, 4.9, 4.5, 2.9, 6.3, 6.6, 6.4, 6.1, 6.6, 2.5, 3.4, 3.5, 3.6
63, 9, 4.3, 5.0, 5.1, 4.8, 3.5, 5.8, 6.4, 6.4, 6.2, 6.4, 3.0, 3.6, 4.1, 4.1
63,10, 3.6, 5.1, 5.5, 5.5, 4.6, 5.3, 6.4, 6.8, 6.8, 6.8, 4.0, 3.8, 5.0, 5.1
63,11, 1.4, 1.8, 1.9, 1.9, 1.6, 1.6, 1.9, 2.0, 2.0, 2.1, 0.8, 0.6, 0.9, 0.9
63,12, 1.6, 2.5, 2.8, 3.0, 3.0, 2.2, 2.9, 3.2, 3.4, 3.4, 1.8, 1.1, 1.8, 2.0
64, 1, 1.9, 2.9, 3.3, 3.6, 3.5, 2.7, 3.5, 3.8, 4.0, 4.1, 2.1, 1.4, 2.3, 2.4
64, 2, 2.8, 4.0, 4.4, 4.5, 4.1, 4.1, 4.9, 5.2, 5.3, 5.3, 2.6, 2.3, 3.1, 3.2
64, 3, 3.6, 4.3, 4.3, 4.2, 3.3, 4.7, 5.2, 5.3, 5.2, 5.3, 2.2, 2.4, 2.9, 3.0
64, 4, 4.4, 4.7, 4.6, 4.3, 2.9, 5.6, 5.9, 5.9, 5.6, 6.0, 2.4, 3.1, 3.3, 3.4
64, 5, 5.9, 5.9, 5.6, 4.9, 2.9, 7.7, 7.8, 7.6, 7.2, 7.9, 3.3, 4.4, 4.4, 4.6
64, 6, 6.4, 6.2, 5.7, 4.9, 2.7, 8.2, 8.2, 7.9, 7.3, 8.4, 3.8, 5.0, 4.8, 5.2
64, 7, 5.8, 5.8, 5.3, 4.7, 2.7, 7.2, 7.2, 7.0, 6.5, 7.4, 3.0, 3.9, 3.8, 4.1
64, 8, 5.0, 5.3, 5.1, 4.6, 2.9, 6.3, 6.6, 6.5, 6.1, 6.7, 2.6, 3.4, 3.5, 3.6
64, 9, 4.4, 5.2, 5.2, 5.0, 3.6, 5.9, 6.5, 6.6, 6.4, 6.6, 3.2, 3.7, 4.2, 4.2
64,10, 3.0, 4.0, 4.2, 4.2, 3.5, 4.1, 4.8, 5.0, 5.0, 5.0, 2.7, 2.5, 3.3, 3.3
64,11, 1.8, 2.7, 3.0, 3.1, 2.7, 2.5, 3.1, 3.3, 3.4, 3.4, 1.9, 1.4, 2.1, 2.2
64,12, 1.3, 1.8, 1.9, 2.0, 1.9, 1.6, 2.0, 2.1, 2.2, 2.2, 0.9, 0.6, 1.0, 1.0
65, 1, 1.8, 2.7, 3.0, 3.2, 3.0, 2.4, 3.1, 3.4, 3.5, 3.6, 1.8, 1.2, 1.9, 2.0
65, 2, 2.5, 3.4, 3.7, 3.7, 3.3, 3.4, 4.0, 4.3, 4.3, 4.3, 2.0, 1.7, 2.4, 2.5
65, 3, 3.6, 4.3, 4.4, 4.3, 3.4, 4.7, 5.3, 5.4, 5.3, 5.4, 2.3, 2.6, 3.1, 3.1
65, 4, 4.7, 5.1, 5.0, 4.7, 3.2, 6.1, 6.5, 6.4, 6.1, 6.5, 2.6, 3.3, 3.6, 3.7
65, 5, 6.0, 6.2, 5.8, 5.1, 3.0, 7.8, 8.0, 7.8, 7.3, 8.1, 3.6, 4.8, 4.7, 5.0
65, 6, 6.4, 6.2, 5.7, 5.0, 2.8, 8.1, 8.1, 7.8, 7.2, 8.3, 3.6, 4.7, 4.5, 4.9
65, 7, 6.2, 6.1, 5.7, 5.0, 2.8, 8.0, 8.0, 7.7, 7.3, 8.2, 3.6, 4.7, 4.5, 4.9
65, 8, 4.9, 5.1, 4.9, 4.4, 2.8, 6.2, 6.4, 6.3, 6.0, 6.5, 2.4, 3.2, 3.3, 3.4
65, 9, 3.8, 4.3, 4.3, 4.1, 3.0, 4.9, 5.3, 5.3, 5.1, 5.3, 2.1, 2.5, 2.9, 2.9
65,10, 2.9, 3.7, 3.9, 3.9, 3.2, 3.8, 4.4, 4.6, 4.6, 4.6, 2.1, 2.0, 2.6, 2.6
65,11, 1.7, 2.2, 2.4, 2.4, 2.1, 2.1, 2.5, 2.6, 2.7, 2.7, 1.1, 0.9, 1.3, 1.3
65,12, 1.3, 1.8, 2.0, 2.1, 1.9, 1.6, 2.0, 2.2, 2.3, 2.3, 1.1, 0.7, 1.1, 1.2
66, 1, 1.7, 2.4, 2.7, 2.8, 2.7, 2.2, 2.8, 3.0, 3.2, 3.2, 1.4, 0.9, 1.5, 1.6
66, 2, 2.5, 3.3, 3.5, 3.6, 3.3, 3.2, 3.8, 4.0, 4.1, 4.1, 1.6, 1.3, 1.9, 1.9
66, 3, 3.5, 4.2, 4.3, 4.2, 3.3, 4.6, 5.1, 5.2, 5.1, 5.2, 2.1, 2.3, 2.8, 2.8
66, 4, 4.3, 4.6, 4.4, 4.1, 2.7, 5.3, 5.6, 5.5, 5.2, 5.6, 1.9, 2.5, 2.6, 2.7
66, 5, 5.3, 5.3, 4.9, 4.3, 2.6, 6.5, 6.6, 6.3, 5.9, 6.7, 2.4, 3.3, 3.2, 3.4
66, 6, 6.3, 6.2, 5.7, 4.9, 2.8, 8.1, 8.1, 7.8, 7.2, 8.3, 3.5, 4.7, 4.4, 4.8
66, 7, 6.5, 6.4, 6.0, 5.2, 3.0, 8.4, 8.5, 8.2, 7.7, 8.7, 4.0, 5.2, 5.0, 5.4
66, 8, 5.3, 5.7, 5.4, 4.9, 3.2, 6.9, 7.2, 7.1, 6.7, 7.3, 3.0, 4.0, 4.1, 4.2
66, 9, 4.2, 4.8, 4.8, 4.5, 3.3, 5.5, 6.0, 6.0, 5.8, 6.1, 2.6, 3.2, 3.6, 3.6
66,10, 3.0, 4.0, 4.2, 4.3, 3.5, 4.1, 4.9, 5.1, 5.1, 5.2, 2.6, 2.5, 3.3, 3.3
66,11, 1.8, 2.5, 2.7, 2.8, 2.4, 2.3, 2.8, 3.0, 3.0, 3.1, 1.5, 1.0, 1.6, 1.7
66,12, 1.5, 2.2, 2.4, 2.6, 2.4, 1.9, 2.5, 2.7, 2.8, 2.8, 1.3, 0.8, 1.4, 1.5
67, 1, 1.7, 2.5, 2.8, 3.0, 2.9, 2.3, 3.0, 3.2, 3.3, 3.4, 1.6, 1.1, 1.8, 1.9
67, 2, 2.7, 3.6, 3.9, 4.0, 3.7, 3.6, 4.3, 4.6, 4.7, 4.7, 2.0, 1.7, 2.3, 2.4
67, 3, 3.9, 4.7, 4.9, 4.8, 4.0, 5.2, 5.9, 6.0, 5.9, 6.0, 2.5, 2.8, 3.3, 3.3
67, 4, 4.7, 5.1, 4.9, 4.6, 3.1, 6.0, 6.3, 6.3, 6.0, 6.4, 2.7, 3.4, 3.7, 3.7
67, 5, 5.3, 5.3, 5.0, 4.4, 2.7, 6.6, 6.7, 6.4, 6.1, 6.8, 2.5, 3.4, 3.3, 3.5
67, 6, 6.1, 5.9, 5.5, 4.7, 2.7, 7.7, 7.8, 7.4, 6.9, 7.9, 3.5, 4.5, 4.3, 4.7
67, 7, 5.5, 5.4, 5.0, 4.4, 2.6, 6.5, 6.6, 6.3, 5.9, 6.7, 2.4, 3.1, 3.0, 3.2
67, 8, 4.9, 5.1, 4.9, 4.4, 2.8, 6.1, 6.3, 6.1, 5.8, 6.3, 2.3, 3.0, 3.1, 3.2
67, 9, 4.5, 5.3, 5.3, 5.1, 3.7, 6.1, 6.8, 6.8, 6.6, 6.8, 3.3, 3.9, 4.5, 4.5
67,10, 2.7, 3.4, 3.6, 3.5, 2.9, 3.5, 4.0, 4.2, 4.1, 4.2, 1.8, 1.8, 2.3, 2.3
67,11, 1.6, 2.1, 2.2, 2.2, 1.9, 1.9, 2.3, 2.4, 2.4, 2.5, 1.0, 0.7, 1.1, 1.1
67,12, 1.3, 1.8, 2.0, 2.1, 1.9, 1.6, 2.0, 2.2, 2.2, 2.3, 1.0, 0.6, 1.0, 1.1
68, 1, 1.8, 2.8, 3.2, 3.4, 3.4, 2.6, 3.4, 3.7, 3.9, 3.9, 2.0, 1.4, 2.2, 2.3
68, 2, 2.5, 3.5, 3.7, 3.8, 3.2, 3.5, 4.2, 4.4, 4.4, 4.4, 2.2, 1.9, 2.6, 2.7
68, 3, 3.3, 3.9, 3.9, 3.8, 2.9, 4.1, 4.6, 4.6, 4.5, 4.7, 1.9, 2.0, 2.4, 2.4
68, 4, 5.3, 5.9, 5.8, 5.4, 3.6, 7.2, 7.8, 7.7, 7.4, 7.8, 3.7, 4.7, 5.1, 5.2
68, 5, 5.3, 5.3, 5.0, 4.4, 2.7, 6.5, 6.7, 6.4, 6.0, 6.7, 2.7, 3.5, 3.5, 3.7
68, 6, 5.3, 5.1, 4.7, 4.1, 2.4, 6.2, 6.2, 5.9, 5.5, 6.3, 2.2, 2.9, 2.8, 3.0
68, 7, 6.4, 6.4, 6.0, 5.2, 3.0, 8.4, 8.6, 8.2, 7.7, 8.7, 4.0, 5.3, 5.1, 5.4
68, 8, 5.3, 5.6, 5.4, 4.9, 3.1, 6.9, 7.2, 7.0, 6.7, 7.2, 3.0, 4.0, 4.1, 4.2
68, 9, 4.5, 5.4, 5.5, 5.3, 3.8, 6.2, 6.9, 7.0, 6.8, 7.0, 3.6, 4.2, 4.8, 4.8
68,10, 2.7, 3.5, 3.7, 3.7, 3.0, 3.6, 4.2, 4.3, 4.3, 4.4, 2.0, 2.0, 2.6, 2.6
68,11, 1.5, 2.0, 2.1, 2.1, 1.9, 1.9, 2.2, 2.3, 2.3, 2.3, 0.9, 0.7, 1.0, 1.0
68,12, 1.4, 2.1, 2.4, 2.5, 2.4, 1.9, 2.5, 2.7, 2.8, 2.8, 1.4, 0.9, 1.4, 1.5
69, 1, 1.8, 2.6, 3.0, 3.2, 3.1, 2.4, 3.1, 3.4, 3.5, 3.5, 1.7, 1.1, 1.8, 1.9
69, 2, 2.7, 3.7, 4.0, 4.2, 3.9, 3.7, 4.5, 4.7, 4.8, 4.8, 2.1, 1.8, 2.5, 2.6
69, 3, 3.5, 4.3, 4.4, 4.3, 3.6, 4.7, 5.2, 5.3, 5.3, 5.4, 2.1, 2.3, 2.8, 2.8
69, 4, 4.6, 5.1, 5.0, 4.6, 3.1, 6.0, 6.4, 6.3, 6.0, 6.4, 2.9, 3.6, 3.8, 3.9
69, 5, 5.5, 5.6, 5.2, 4.6, 2.8, 6.9, 7.1, 6.9, 6.4, 7.2, 3.1, 4.0, 4.0, 4.2
69, 6, 6.0, 5.9, 5.4, 4.7, 2.6, 7.6, 7.6, 7.3, 6.8, 7.8, 3.3, 4.4, 4.1, 4.5
69, 7, 5.4, 5.3, 5.0, 4.3, 2.6, 6.7, 6.7, 6.4, 6.0, 6.8, 2.5, 3.3, 3.2, 3.4
69, 8, 5.5, 5.9, 5.7, 5.2, 3.3, 7.2, 7.6, 7.4, 7.1, 7.6, 3.5, 4.5, 4.6, 4.8
69, 9, 3.9, 4.6, 4.6, 4.4, 3.2, 5.0, 5.6, 5.6, 5.4, 5.6, 2.4, 2.7, 3.2, 3.2
69,10, 2.9, 3.8, 4.0, 4.0, 3.3, 3.9, 4.6, 4.8, 4.8, 4.8, 2.4, 2.3, 3.0, 3.0
69,11, 1.5, 2.0, 2.2, 2.2, 1.9, 1.8, 2.2, 2.3, 2.4, 2.4, 1.0, 0.7, 1.1, 1.1
69,12, 1.5, 2.3, 2.6, 2.7, 2.6, 2.0, 2.6, 2.9, 3.0, 3.0, 1.5, 0.9, 1.5, 1.7
70, 1, 2.1, 3.3, 3.7, 4.0, 3.9, 3.0, 3.9, 4.3, 4.5, 4.5, 2.3, 1.5, 2.4, 2.6
70, 2, 2.7, 3.7, 4.1, 4.2, 3.9, 3.8, 4.6, 4.8, 4.9, 4.9, 2.3, 2.0, 2.7, 2.8
70, 3, 3.5, 4.2, 4.3, 4.2, 3.5, 4.5, 5.1, 5.2, 5.2, 5.2, 2.1, 2.3, 2.8, 2.8
70, 4, 5.1, 5.7, 5.6, 5.1, 3.4, 7.0, 7.5, 7.4, 7.1, 7.5, 3.5, 4.6, 4.9, 5.0
70, 5, 5.4, 5.4, 5.1, 4.5, 2.7, 6.8, 6.9, 6.7, 6.3, 7.0, 2.8, 3.7, 3.7, 3.9
70, 6, 5.9, 5.8, 5.3, 4.6, 2.6, 7.5, 7.5, 7.2, 6.7, 7.7, 3.3, 4.3, 4.1, 4.4
70, 7, 5.9, 5.8, 5.4, 4.8, 2.7, 7.4, 7.4, 7.2, 6.7, 7.6, 3.2, 4.2, 4.0, 4.3
70, 8, 5.8, 6.2, 5.9, 5.4, 3.3, 8.0, 8.3, 8.2, 7.8, 8.4, 3.9, 5.2, 5.3, 5.5
70, 9, 3.8, 4.4, 4.4, 4.2, 3.0, 4.9, 5.4, 5.4, 5.3, 5.5, 2.3, 2.8, 3.1, 3.2
70,10, 2.5, 3.1, 3.3, 3.2, 2.6, 3.1, 3.5, 3.6, 3.6, 3.7, 1.5, 1.4, 1.9, 1.9
70,11, 1.6, 2.1, 2.3, 2.3, 2.0, 2.0, 2.4, 2.5, 2.5, 2.6, 1.1, 0.8, 1.3, 1.3
70,12, 1.6, 2.3, 2.6, 2.8, 2.7, 2.1, 2.7, 3.0, 3.1, 3.1, 1.4, 0.9, 1.5, 1.6
71, 1, 2.1, 3.4, 3.9, 4.2, 4.1, 3.2, 4.1, 4.5, 4.8, 4.8, 2.5, 1.8, 2.8, 3.0
71, 2, 2.6, 3.4, 3.6, 3.7, 3.4, 3.4, 4.0, 4.2, 4.3, 4.3, 1.5, 1.3, 1.8, 1.9
71, 3, 4.0, 4.8, 5.0, 4.9, 4.2, 5.3, 6.0, 6.2, 6.1, 6.2, 2.4, 2.7, 3.3, 3.3
71, 4, 4.6, 5.1, 5.0, 4.6, 3.2, 6.0, 6.4, 6.3, 6.1, 6.4, 2.7, 3.4, 3.7, 3.7
71, 5, 5.2, 5.2, 4.9, 4.3, 2.6, 6.6, 6.7, 6.5, 6.1, 6.8, 2.8, 3.8, 3.7, 3.9
71, 6, 6.6, 6.5, 6.0, 5.2, 2.8, 8.6, 8.6, 8.3, 7.7, 8.8, 4.2, 5.4, 5.1, 5.6
71, 7, 6.1, 6.0, 5.6, 4.8, 2.8, 7.9, 8.0, 7.7, 7.2, 8.1, 3.5, 4.7, 4.6, 4.9
71, 8, 5.4, 5.8, 5.5, 5.0, 3.2, 7.2, 7.6, 7.4, 7.1, 7.6, 3.5, 4.6, 4.7, 4.9
71, 9, 3.8, 4.3, 4.3, 4.1, 2.9, 4.8, 5.2, 5.2, 5.0, 5.2, 2.1, 2.5, 2.8, 2.8
71,10, 2.8, 3.7, 3.9, 3.8, 3.2, 3.7, 4.4, 4.6, 4.5, 4.6, 2.2, 2.1, 2.8, 2.8
71,11, 1.8, 2.6, 2.8, 2.9, 2.6, 2.4, 3.0, 3.2, 3.3, 3.3, 1.6, 1.2, 1.8, 1.9
71,12, 1.4, 2.2, 2.4, 2.6, 2.5, 1.9, 2.5, 2.7, 2.8, 2.9, 1.5, 0.9, 1.6, 1.7
72, 1, 1.7, 2.5, 2.8, 2.9, 2.8, 2.3, 2.9, 3.2, 3.3, 3.3, 1.6, 1.1, 1.7, 1.8
72, 2, 2.7, 3.7, 4.0, 4.2, 3.8, 3.7, 4.5, 4.7, 4.8, 4.8, 2.3, 1.9, 2.7, 2.8
72, 3, 3.4, 4.0, 4.1, 4.0, 3.2, 4.4, 4.9, 4.9, 4.9, 5.0, 1.9, 2.2, 2.6, 2.6
72, 4, 4.7, 5.1, 5.0, 4.6, 3.1, 6.2, 6.6, 6.5, 6.2, 6.6, 2.8, 3.7, 3.9, 4.0
72, 5, 5.3, 5.3, 4.9, 4.3, 2.5, 6.8, 6.9, 6.7, 6.3, 7.0, 3.1, 4.1, 4.0, 4.3
72, 6, 5.1, 4.9, 4.5, 4.0, 2.4, 5.8, 5.8, 5.5, 5.1, 5.9, 2.0, 2.5, 2.4, 2.6
72, 7, 5.8, 5.8, 5.4, 4.7, 2.7, 7.3, 7.4, 7.1, 6.6, 7.5, 3.1, 4.0, 3.9, 4.2
72, 8, 5.2, 5.6, 5.3, 4.8, 3.1, 6.9, 7.2, 7.1, 6.7, 7.3, 3.1, 4.1, 4.2, 4.3
72, 9, 3.9, 4.5, 4.5, 4.3, 3.1, 5.1, 5.6, 5.6, 5.4, 5.6, 2.4, 2.9, 3.3, 3.3
72,10, 2.9, 3.7, 3.9, 3.9, 3.2, 3.8, 4.5, 4.7, 4.6, 4.7, 2.4, 2.3, 2.9, 3.0
72,11, 1.6, 2.2, 2.3, 2.4, 2.2, 2.0, 2.4, 2.6, 2.6, 2.6, 1.0, 0.7, 1.1, 1.2
72,12, 1.3, 1.7, 1.9, 1.9, 1.8, 1.5, 1.9, 2.0, 2.1, 2.1, 0.7, 0.4, 0.8, 0.8
73, 1, 1.8, 2.8, 3.2, 3.4, 3.1, 2.6, 3.3, 3.6, 3.8, 3.8, 2.2, 1.5, 2.3, 2.5
73, 2, 2.8, 3.9, 4.2, 4.3, 3.8, 3.9, 4.8, 5.0, 5.1, 5.1, 2.7, 2.3, 3.2, 3.3
73, 3, 3.2, 3.7, 3.7, 3.5, 2.7, 3.9, 4.3, 4.3, 4.2, 4.3, 1.6, 1.8, 2.2, 2.2
73, 4, 4.4, 4.8, 4.6, 4.2, 2.8, 5.7, 6.0, 5.9, 5.6, 6.0, 2.5, 3.2, 3.4, 3.5
73, 5, 4.5, 4.5, 4.2, 3.8, 2.3, 5.2, 5.3, 5.1, 4.7, 5.3, 1.7, 2.1, 2.1, 2.2
73, 6, 5.6, 5.5, 5.1, 4.4, 2.5, 6.9, 6.9, 6.6, 6.2, 7.1, 2.8, 3.7, 3.5, 3.8
73, 7, 6.4, 6.4, 5.9, 5.2, 2.9, 8.3, 8.4, 8.1, 7.6, 8.6, 4.1, 5.3, 5.2, 5.5
73, 8, 5.3, 5.7, 5.5, 5.0, 3.2, 6.9, 7.2, 7.1, 6.7, 7.3, 3.3, 4.2, 4.3, 4.4
73, 9, 4.3, 5.0, 5.1, 4.8, 3.5, 5.8, 6.4, 6.5, 6.3, 6.5, 3.0, 3.6, 4.2, 4.2
73,10, 3.1, 4.3, 4.6, 4.6, 3.9, 4.5, 5.4, 5.6, 5.6, 5.7, 3.1, 3.0, 3.9, 3.9
73,11, 1.6, 2.1, 2.2, 2.3, 2.0, 2.0, 2.4, 2.5, 2.5, 2.6, 1.1, 0.8, 1.2, 1.3
73,12, 1.3, 1.9, 2.1, 2.2, 2.1, 1.7, 2.2, 2.4, 2.5, 2.5, 1.2, 0.8, 1.3, 1.4
74, 1, 1.7, 2.5, 2.8, 3.0, 2.8, 2.3, 2.9, 3.2, 3.3, 3.3, 1.6, 1.1, 1.7, 1.8
74, 2, 2.7, 3.9, 4.2, 4.4, 3.9, 3.8, 4.7, 5.0, 5.1, 5.1, 2.7, 2.3, 3.2, 3.3
74, 3, 3.4, 4.0, 4.1, 4.0, 3.1, 4.5, 5.0, 5.1, 5.0, 5.1, 2.2, 2.5, 3.0, 3.0
74, 4, 4.6, 5.0, 4.8, 4.5, 3.0, 5.8, 6.1, 6.0, 5.8, 6.1, 2.5, 3.1, 3.4, 3.4
74, 5, 5.1, 5.1, 4.8, 4.2, 2.6, 6.1, 6.2, 6.0, 5.6, 6.3, 2.4, 3.1, 3.1, 3.3
74, 6, 5.9, 5.7, 5.3, 4.6, 2.6, 7.3, 7.3, 7.0, 6.5, 7.5, 3.2, 4.1, 3.9, 4.2
74, 7, 6.3, 6.3, 5.8, 5.1, 2.9, 8.1, 8.1, 7.8, 7.3, 8.3, 3.8, 4.9, 4.7, 5.0
74, 8, 5.2, 5.5, 5.3, 4.8, 3.0, 6.8, 7.1, 6.9, 6.6, 7.1, 3.0, 3.9, 4.0, 4.2
74, 9, 3.9, 4.5, 4.5, 4.3, 3.1, 4.9, 5.4, 5.4, 5.3, 5.5, 2.3, 2.7, 3.1, 3.1
74,10, 2.8, 3.8, 4.0, 4.0, 3.3, 4.0, 4.7, 4.9, 4.9, 4.9, 2.5, 2.5, 3.2, 3.2
74,11, 1.6, 2.2, 2.4, 2.5, 2.2, 2.1, 2.5, 2.7, 2.7, 2.8, 1.2, 0.9, 1.4, 1.5
74,12, 1.2, 1.7, 1.8, 1.9, 1.8, 1.5, 1.9, 2.0, 2.1, 2.1, 0.8, 0.5, 0.9, 1.0
75, 1, 1.7, 2.4, 2.7, 2.8, 2.7, 2.2, 2.8, 3.0, 3.1, 3.2, 1.4, 1.0, 1.5, 1.6
75, 2, 2.5, 3.3, 3.5, 3.6, 3.2, 3.2, 3.8, 4.0, 4.1, 4.1, 1.6, 1.4, 1.9, 2.0
75, 3, 3.5, 4.2, 4.2, 4.1, 3.1, 4.5, 5.1, 5.1, 5.0, 5.1, 2.2, 2.4, 2.9, 2.9
75, 4, 4.9, 5.3, 5.1, 4.7, 3.1, 6.4, 6.7, 6.6, 6.3, 6.8, 2.9, 3.7, 4.0, 4.0
75, 5, 6.0, 6.1, 5.7, 5.1, 3.0, 7.7, 7.9, 7.7, 7.2, 8.0, 3.7, 4.8, 4.7, 4.9
75, 6, 6.1, 5.9, 5.5, 4.8, 2.7, 7.5, 7.5, 7.2, 6.7, 7.7, 3.3, 4.2, 4.0, 4.4
75, 7, 6.3, 6.3, 5.9, 5.1, 2.9, 8.1, 8.2, 7.9, 7.4, 8.3, 3.8, 4.9, 4.7, 5.1
75, 8, 5.2, 5.5, 5.3, 4.8, 3.0, 6.7, 7.0, 6.9, 6.5, 7.1, 3.0, 3.8, 4.0, 4.1
75, 9, 3.8, 4.3, 4.3, 4.1, 3.0, 4.9, 5.4, 5.3, 5.2, 5.4, 2.1, 2.6, 2.9, 2.9
75,10, 2.9, 3.7, 3.9, 3.9, 3.2, 3.8, 4.4, 4.6, 4.6, 4.6, 2.2, 2.1, 2.8, 2.8
75,11, 1.9, 2.7, 2.9, 3.0, 2.7, 2.5, 3.1, 3.3, 3.4, 3.4, 1.7, 1.3, 1.9, 2.0
75,12, 1.5, 2.3, 2.6, 2.7, 2.6, 2.0, 2.6, 2.9, 3.0, 3.0, 1.6, 1.0, 1.7, 1.8
76, 1, 1.9, 2.8, 3.2, 3.4, 3.3, 2.6, 3.3, 3.6, 3.8, 3.9, 1.8, 1.3, 2.0, 2.2
76, 2, 2.4, 3.2, 3.4, 3.5, 3.0, 3.2, 3.8, 4.0, 4.0, 4.1, 1.9, 1.6, 2.3, 2.3
76, 3, 3.8, 4.6, 4.7, 4.6, 3.6, 5.0, 5.6, 5.7, 5.6, 5.7, 2.4, 2.7, 3.2, 3.2
76, 4, 5.0, 5.5, 5.4, 5.0, 3.4, 6.7, 7.1, 7.1, 6.8, 7.2, 3.2, 4.1, 4.4, 4.4
76, 5, 5.1, 5.1, 4.7, 4.2, 2.6, 6.2, 6.3, 6.1, 5.7, 6.4, 2.2, 2.9, 2.9, 3.0
76, 6, 6.3, 6.2, 5.7, 5.0, 2.8, 7.9, 8.0, 7.6, 7.1, 8.1, 3.6, 4.6, 4.4, 4.8
76, 7, 5.8, 5.8, 5.3, 4.7, 2.7, 7.3, 7.3, 7.1, 6.6, 7.5, 3.1, 4.0, 3.9, 4.2
76, 8, 5.4, 5.8, 5.6, 5.1, 3.2, 7.2, 7.6, 7.4, 7.1, 7.6, 3.3, 4.4, 4.6, 4.7
76, 9, 4.1, 4.8, 4.8, 4.6, 3.3, 5.6, 6.1, 6.1, 5.9, 6.1, 2.7, 3.3, 3.7, 3.8
76,10, 2.6, 3.2, 3.3, 3.3, 2.7, 3.3, 3.8, 3.9, 3.9, 3.9, 1.6, 1.6, 2.0, 2.1
76,11, 1.8, 2.6, 2.8, 2.9, 2.5, 2.4, 2.9, 3.1, 3.2, 3.2, 1.5, 1.1, 1.7, 1.8
76,12, 1.6, 2.6, 3.0, 3.2, 3.1, 2.3, 3.1, 3.4, 3.6, 3.6, 2.0, 1.3, 2.1, 2.3
77, 1, 2.0, 3.1, 3.5, 3.8, 3.7, 2.9, 3.7, 4.0, 4.2, 4.3, 2.1, 1.4, 2.3, 2.4
77, 2, 2.7, 3.7, 4.0, 4.1, 3.7, 3.7, 4.4, 4.7, 4.8, 4.8, 2.2, 1.8, 2.5, 2.6
77, 3, 3.7, 4.5, 4.7, 4.6, 3.7, 4.9, 5.6, 5.7, 5.7, 5.8, 2.6, 2.8, 3.5, 3.5
77, 4, 5.2, 5.7, 5.6, 5.1, 3.4, 6.9, 7.3, 7.3, 7.0, 7.4, 3.4, 4.3, 4.7, 4.7
77, 5, 6.4, 6.5, 6.1, 5.4, 3.1, 8.5, 8.7, 8.4, 7.9, 8.8, 4.3, 5.6, 5.5, 5.8
77, 6, 5.6, 5.5, 5.0, 4.4, 2.5, 6.9, 6.9, 6.6, 6.1, 7.0, 2.7, 3.6, 3.4, 3.7
77, 7, 6.1, 6.1, 5.6, 4.9, 2.8, 7.8, 7.9, 7.6, 7.2, 8.1, 3.4, 4.5, 4.3, 4.7
77, 8, 4.9, 5.2, 5.0, 4.5, 2.9, 6.3, 6.6, 6.4, 6.1, 6.6, 2.5, 3.4, 3.5, 3.6
77, 9, 3.8, 4.2, 4.2, 3.9, 2.8, 4.6, 5.0, 5.0, 4.8, 5.0, 1.9, 2.3, 2.6, 2.6
77,10, 2.7, 3.5, 3.7, 3.7, 3.1, 3.6, 4.3, 4.4, 4.4, 4.5, 2.1, 2.0, 2.6, 2.7
77,11, 1.7, 2.3, 2.5, 2.5, 2.2, 2.1, 2.6, 2.7, 2.8, 2.8, 1.2, 0.9, 1.3, 1.4
77,12, 1.5, 2.3, 2.6, 2.8, 2.7, 2.1, 2.7, 2.9, 3.1, 3.1, 1.5, 0.9, 1.6, 1.7
78, 1, 1.8, 2.4, 2.7, 2.8, 2.7, 2.3, 2.8, 3.0, 3.1, 3.1, 1.1, 0.8, 1.2, 1.3
78, 2, 3.1, 4.4, 4.9, 5.1, 4.7, 4.5, 5.5, 5.9, 6.1, 6.0, 3.0, 2.6, 3.5, 3.7
78, 3, 4.0, 4.9, 5.2, 5.1, 4.2, 5.4, 6.2, 6.3, 6.3, 6.3, 2.9, 3.0, 3.7, 3.7
78, 4, 5.0, 5.5, 5.3, 4.9, 3.3, 6.6, 7.1, 7.0, 6.7, 7.1, 3.1, 4.0, 4.3, 4.4
78, 5, 5.9, 5.9, 5.6, 4.9, 2.9, 7.5, 7.7, 7.4, 6.9, 7.8, 3.5, 4.6, 4.5, 4.8
78, 6, 6.6, 6.4, 5.9, 5.1, 2.8, 8.7, 8.7, 8.3, 7.8, 8.9, 4.2, 5.6, 5.3, 5.7
78, 7, 6.4, 6.4, 6.0, 5.2, 2.9, 8.2, 8.3, 8.0, 7.5, 8.5, 4.0, 5.2, 5.0, 5.3
78, 8, 5.1, 5.3, 5.1, 4.6, 3.0, 6.4, 6.6, 6.5, 6.1, 6.7, 2.7, 3.4, 3.6, 3.7
78, 9, 4.5, 5.4, 5.4, 5.2, 3.8, 6.3, 6.9, 7.0, 6.8, 7.0, 3.4, 4.1, 4.7, 4.7
78,10, 2.9, 3.9, 4.1, 4.1, 3.4, 4.0, 4.7, 4.9, 4.9, 5.0, 2.4, 2.3, 3.0, 3.0
78,11, 2.0, 2.9, 3.3, 3.4, 3.0, 2.7, 3.5, 3.7, 3.8, 3.8, 2.1, 1.6, 2.4, 2.5
78,12, 1.5, 2.3, 2.6, 2.7, 2.6, 2.0, 2.6, 2.8, 3.0, 3.0, 1.5, 0.9, 1.6, 1.7
79, 1, 1.2, 1.8, 2.0, 2.1, 2.0, 1.6, 2.1, 2.2, 2.3, 2.4, 1.2, 0.8, 1.3, 1.4
79, 2, 2.7, 4.0, 4.4, 4.7, 4.4, 4.0, 5.1, 5.4, 5.6, 5.6, 3.3, 2.8, 3.9, 4.0
79, 3, 3.1, 3.4, 3.5, 3.4, 2.6, 3.8, 4.3, 4.3, 4.2, 4.3, 2.0, 2.3, 2.7, 2.7
79, 4, 4.5, 4.6, 4.4, 4.1, 2.8, 5.5, 5.8, 5.8, 5.5, 5.9, 2.8, 3.5, 3.8, 3.8
79, 5, 5.2, 4.9, 4.6, 4.1, 2.4, 6.2, 6.4, 6.2, 5.8, 6.4, 2.9, 3.8, 3.8, 4.0
79, 6, 6.4, 5.8, 5.3, 4.6, 2.5, 7.8, 7.8, 7.5, 7.0, 8.0, 3.9, 5.2, 4.9, 5.4
79, 7, 5.9, 5.3, 4.9, 4.3, 2.5, 6.7, 6.8, 6.5, 6.1, 6.9, 3.0, 3.9, 3.7, 4.0
79, 8, 4.7, 4.6, 4.4, 4.0, 2.5, 5.7, 5.9, 5.8, 5.5, 5.9, 2.7, 3.5, 3.6, 3.7
79, 9, 4.3, 4.9, 5.0, 4.8, 3.5, 5.8, 6.4, 6.5, 6.3, 6.5, 3.5, 4.2, 4.8, 4.8
79,10, 2.2, 2.6, 2.8, 2.7, 2.3, 2.6, 3.1, 3.2, 3.2, 3.2, 1.6, 1.5, 1.9, 2.0
79,11, 1.5, 2.0, 2.2, 2.3, 2.0, 1.9, 2.3, 2.5, 2.6, 2.6, 1.4, 1.0, 1.6, 1.6
79,12, 1.3, 2.0, 2.3, 2.5, 2.3, 1.8, 2.4, 2.6, 2.7, 2.8, 1.7, 1.1, 1.8, 1.9
80, 1, 1.6, 2.5, 2.9, 3.0, 2.8, 2.3, 3.0, 3.3, 3.5, 3.5, 2.2, 1.5, 2.4, 2.5
80, 2, 2.8, 3.7, 4.1, 4.3, 3.8, 3.8, 4.7, 4.9, 5.1, 5.1, 2.9, 2.5, 3.5, 3.5
80, 3, 3.4, 4.0, 4.2, 4.1, 3.3, 4.4, 5.1, 5.2, 5.2, 5.3, 2.7, 2.9, 3.6, 3.6
80, 4, 4.7, 5.1, 4.9, 4.5, 3.1, 5.9, 6.3, 6.2, 5.9, 6.3, 2.5, 3.2, 3.5, 3.5
80, 5, 6.1, 6.2, 5.8, 5.1, 3.0, 7.9, 8.1, 7.9, 7.4, 8.2, 3.8, 4.9, 4.9, 5.1
80, 6, 6.1, 6.0, 5.5, 4.8, 2.7, 7.8, 7.8, 7.4, 6.9, 8.0, 3.4, 4.5, 4.3, 4.7
80, 7, 6.1, 5.7, 5.3, 4.6, 2.6, 7.3, 7.4, 7.1, 6.7, 7.5, 3.4, 4.4, 4.3, 4.6
80, 8, 4.6, 4.4, 4.2, 3.8, 2.4, 5.3, 5.6, 5.4, 5.2, 5.6, 2.4, 3.1, 3.2, 3.3
80, 9, 4.3, 4.9, 5.0, 4.8, 3.5, 5.7, 6.4, 6.4, 6.3, 6.5, 3.4, 4.1, 4.7, 4.7
80,10, 2.7, 3.4, 3.7, 3.7, 3.0, 3.6, 4.3, 4.4, 4.4, 4.5, 2.5, 2.4, 3.1, 3.1
80,11, 1.6, 2.3, 2.5, 2.6, 2.4, 2.1, 2.7, 2.9, 3.0, 3.0, 1.7, 1.3, 1.9, 2.0
80,12, 1.4, 2.3, 2.7, 2.9, 2.8, 2.1, 2.8, 3.0, 3.2, 3.3, 2.0, 1.3, 2.1, 2.3
81, 1, 1.9, 3.0, 3.5, 3.8, 3.7, 2.8, 3.7, 4.1, 4.3, 4.3, 2.6, 1.8, 2.8, 3.0
81, 2, 2.1, 2.6, 2.8, 2.9, 2.5, 2.7, 3.2, 3.3, 3.4, 3.4, 1.7, 1.5, 2.1, 2.1
81, 3, 3.3, 3.6, 3.6, 3.5, 2.7, 4.0, 4.4, 4.5, 4.4, 4.5, 2.0, 2.3, 2.7, 2.7
81, 4, 4.2, 4.3, 4.2, 3.9, 2.6, 5.2, 5.6, 5.5, 5.3, 5.6, 2.8, 3.5, 3.8, 3.9
81, 5, 6.3, 5.8, 5.5, 4.8, 2.8, 7.6, 7.8, 7.6, 7.1, 7.9, 4.0, 5.3, 5.2, 5.5
81, 6, 5.8, 5.1, 4.7, 4.1, 2.2, 6.9, 6.9, 6.7, 6.2, 7.1, 3.5, 4.6, 4.3, 4.7
81, 7, 5.7, 5.0, 4.7, 4.1, 2.3, 6.6, 6.7, 6.4, 6.0, 6.8, 3.1, 4.1, 3.9, 4.2
81, 8, 5.1, 5.0, 4.8, 4.3, 2.7, 6.2, 6.5, 6.3, 6.0, 6.5, 3.0, 3.8, 4.0, 4.1
81, 9, 3.2, 3.3, 3.3, 3.1, 2.3, 3.6, 3.9, 3.9, 3.8, 4.0, 1.7, 2.0, 2.3, 2.3
81,10, 2.4, 3.0, 3.2, 3.3, 2.7, 3.3, 3.8, 4.0, 4.0, 4.0, 2.2, 2.2, 2.9, 2.9
81,11, 1.6, 2.5, 2.7, 2.8, 2.5, 2.3, 2.9, 3.2, 3.3, 3.3, 2.0, 1.5, 2.3, 2.4
81,12, 1.2, 1.6, 1.8, 1.9, 1.8, 1.4, 1.8, 1.9, 2.0, 2.0, 1.0, 0.6, 1.0, 1.1
82, 1, 1.5, 2.3, 2.6, 2.8, 2.7, 2.1, 2.8, 3.0, 3.2, 3.2, 1.8, 1.3, 2.0, 2.1
82, 2, 2.5, 3.3, 3.6, 3.7, 3.5, 3.4, 4.1, 4.3, 4.4, 4.4, 2.1, 1.9, 2.6, 2.7
82, 3, 3.7, 4.2, 4.4, 4.3, 3.5, 4.8, 5.5, 5.6, 5.5, 5.6, 2.7, 3.1, 3.7, 3.7
82, 4, 5.4, 6.0, 5.9, 5.5, 3.8, 7.4, 7.9, 7.8, 7.6, 7.9, 3.7, 4.8, 5.1, 5.2
82, 5, 5.4, 5.5, 5.2, 4.6, 2.8, 6.9, 7.1, 6.8, 6.4, 7.2, 3.0, 4.0, 4.0, 4.2
82, 6, 5.4, 5.3, 4.8, 4.2, 2.4, 6.5, 6.5, 6.2, 5.7, 6.6, 2.4, 3.2, 3.0, 3.3
82, 7, 6.6, 6.6, 6.1, 5.3, 3.0, 8.7, 8.8, 8.5, 7.9, 9.0, 4.3, 5.6, 5.4, 5.8
82, 8, 5.3, 5.7, 5.4, 4.9, 3.1, 6.9, 7.2, 7.1, 6.7, 7.2, 3.0, 3.9, 4.1, 4.2
82, 9, 4.1, 4.8, 4.8, 4.5, 3.3, 5.4, 5.9, 5.9, 5.7, 5.9, 2.6, 3.1, 3.5, 3.5
82,10, 3.0, 4.0, 4.2, 4.2, 3.4, 4.0, 4.7, 4.9, 4.9, 4.9, 2.5, 2.3, 3.0, 3.0
82,11, 1.7, 2.3, 2.5, 2.6, 2.2, 2.1, 2.6, 2.7, 2.8, 2.8, 1.3, 0.9, 1.5, 1.5
82,12, 1.3, 1.8, 1.9, 2.0, 1.8, 1.5, 1.9, 2.1, 2.1, 2.2, 1.0, 0.6, 1.0, 1.1
83, 1, 1.7, 2.6, 2.9, 3.1, 2.9, 2.3, 3.0, 3.2, 3.4, 3.4, 1.7, 1.1, 1.8, 1.9
83, 2, 2.6, 3.5, 3.8, 4.0, 3.5, 3.5, 4.2, 4.5, 4.6, 4.6, 2.2, 1.8, 2.5, 2.6
83, 3, 3.3, 3.8, 3.9, 3.7, 2.9, 4.0, 4.5, 4.5, 4.4, 4.6, 1.8, 2.0, 2.4, 2.4
83, 4, 4.1, 4.4, 4.3, 4.0, 2.7, 5.0, 5.3, 5.2, 4.9, 5.3, 1.9, 2.3, 2.5, 2.6
83, 5, 4.8, 4.7, 4.4, 3.9, 2.4, 5.6, 5.7, 5.5, 5.1, 5.8, 1.9, 2.5, 2.4, 2.6
83, 6, 6.9, 6.8, 6.2, 5.4, 2.9, 8.9, 8.9, 8.6, 8.0, 9.1, 4.4, 5.8, 5.5, 5.9
83, 7, 6.3, 6.3, 5.8, 5.1, 2.9, 8.0, 8.1, 7.8, 7.3, 8.3, 3.7, 4.8, 4.6, 5.0
83, 8, 5.3, 5.7, 5.5, 5.0, 3.2, 7.0, 7.4, 7.2, 6.9, 7.4, 3.3, 4.3, 4.4, 4.6
83, 9, 4.6, 5.5, 5.6, 5.3, 3.9, 6.3, 7.0, 7.0, 6.9, 7.1, 3.4, 4.0, 4.6, 4.6
83,10, 2.9, 3.8, 4.0, 4.0, 3.3, 3.8, 4.5, 4.7, 4.7, 4.8, 2.3, 2.2, 2.9, 2.9
83,11, 1.7, 2.4, 2.6, 2.7, 2.4, 2.2, 2.7, 2.9, 3.0, 3.0, 1.6, 1.1, 1.7, 1.8
83,12, 1.4, 2.1, 2.3, 2.5, 2.3, 1.8, 2.4, 2.6, 2.7, 2.7, 1.4, 0.9, 1.5, 1.6
84, 1, 1.8, 2.6, 2.9, 3.1, 3.0, 2.4, 3.0, 3.3, 3.5, 3.5, 1.7, 1.1, 1.8, 1.9
84, 2, 2.1, 2.8, 2.9, 3.0, 2.6, 2.7, 3.2, 3.3, 3.4, 3.4, 1.5, 1.3, 1.8, 1.8
84, 3, 4.0, 4.8, 5.0, 4.9, 4.0, 5.2, 5.9, 6.1, 6.0, 6.1, 2.6, 2.8, 3.4, 3.4
84, 4, 4.4, 4.8, 4.6, 4.3, 2.9, 5.6, 5.9, 5.8, 5.6, 5.9, 2.5, 3.1, 3.3, 3.4
84, 5, 4.8, 4.8, 4.5, 4.0, 2.4, 5.9, 6.0, 5.8, 5.4, 6.1, 2.1, 2.8, 2.8, 3.0
84, 6, 6.6, 6.5, 6.0, 5.1, 2.8, 8.7, 8.8, 8.4, 7.9, 9.0, 4.2, 5.6, 5.3, 5.7
84, 7, 6.0, 6.0, 5.6, 4.8, 2.8, 7.7, 7.8, 7.5, 7.0, 7.9, 3.5, 4.6, 4.4, 4.7
84, 8, 5.3, 5.6, 5.4, 4.9, 3.1, 6.8, 7.1, 7.0, 6.6, 7.2, 3.0, 3.9, 4.0, 4.1
84, 9, 4.3, 5.2, 5.3, 5.1, 3.7, 5.9, 6.6, 6.7, 6.5, 6.7, 3.2, 3.8, 4.3, 4.3
84,10, 2.8, 3.6, 3.8, 3.8, 3.1, 3.6, 4.3, 4.4, 4.4, 4.4, 2.2, 2.0, 2.7, 2.7
84,11, 1.9, 2.9, 3.2, 3.3, 3.0, 2.6, 3.4, 3.6, 3.8, 3.8, 2.1, 1.5, 2.3, 2.4
84,12, 1.3, 1.8, 2.0, 2.1, 1.9, 1.6, 2.0, 2.2, 2.3, 2.3, 1.0, 0.6, 1.1, 1.2
85, 1, 1.6, 2.4, 2.7, 2.9, 2.7, 2.2, 2.8, 3.1, 3.2, 3.2, 1.6, 1.1, 1.8, 1.9
85, 2, 2.6, 3.5, 3.8, 3.9, 3.4, 3.5, 4.2, 4.4, 4.5, 4.5, 2.0, 1.8, 2.5, 2.5
85, 3, 4.1, 5.1, 5.3, 5.2, 4.1, 5.6, 6.4, 6.5, 6.5, 6.6, 3.3, 3.5, 4.3, 4.3
85, 4, 4.8, 5.2, 5.1, 4.7, 3.1, 6.2, 6.5, 6.4, 6.2, 6.6, 2.7, 3.5, 3.7, 3.8
85, 5, 5.7, 5.8, 5.5, 4.8, 2.9, 7.3, 7.5, 7.3, 6.8, 7.6, 3.3, 4.3, 4.3, 4.5
85, 6, 5.7, 5.6, 5.1, 4.4, 2.5, 7.0, 7.0, 6.7, 6.2, 7.2, 2.8, 3.7, 3.5, 3.8
85, 7, 6.5, 6.5, 6.0, 5.2, 2.9, 8.6, 8.7, 8.4, 7.8, 8.8, 4.2, 5.6, 5.4, 5.8
85, 8, 5.3, 5.6, 5.4, 4.8, 3.0, 7.0, 7.3, 7.1, 6.7, 7.3, 3.2, 4.2, 4.3, 4.4
85, 9, 4.3, 5.1, 5.2, 4.9, 3.6, 5.8, 6.4, 6.5, 6.3, 6.5, 3.1, 3.6, 4.2, 4.2
85,10, 2.9, 3.9, 4.1, 4.2, 3.5, 4.0, 4.7, 4.9, 4.9, 5.0, 2.6, 2.4, 3.2, 3.2
85,11, 1.5, 2.0, 2.1, 2.2, 1.9, 1.9, 2.2, 2.3, 2.4, 2.4, 0.9, 0.7, 1.1, 1.1
85,12, 1.4, 2.1, 2.3, 2.5, 2.3, 1.9, 2.4, 2.6, 2.7, 2.7, 1.3, 0.8, 1.3, 1.5
86, 1, 1.8, 2.9, 3.3, 3.5, 3.3, 2.7, 3.4, 3.8, 3.9, 4.0, 2.2, 1.5, 2.4, 2.6
86, 2, 2.7, 3.5, 3.8, 4.0, 3.7, 3.5, 4.2, 4.5, 4.6, 4.6, 1.8, 1.5, 2.2, 2.2
86, 3, 3.7, 4.6, 4.7, 4.6, 3.7, 5.1, 5.7, 5.9, 5.8, 5.9, 2.7, 3.0, 3.5, 3.6
86, 4, 5.0, 5.4, 5.3, 4.9, 3.3, 6.6, 7.0, 6.9, 6.6, 7.0, 3.1, 4.0, 4.3, 4.3
86, 5, 5.8, 5.9, 5.6, 4.9, 2.9, 7.4, 7.6, 7.3, 6.9, 7.6, 3.4, 4.4, 4.4, 4.6
86, 6, 6.1, 6.0, 5.5, 4.7, 2.6, 7.8, 7.8, 7.5, 7.0, 8.1, 3.6, 4.8, 4.5, 4.9
86, 7, 5.8, 5.8, 5.3, 4.7, 2.7, 7.3, 7.3, 7.0, 6.6, 7.4, 3.1, 4.1, 3.9, 4.2
86, 8, 5.1, 5.4, 5.2, 4.8, 3.0, 6.6, 6.9, 6.7, 6.4, 6.9, 2.8, 3.6, 3.8, 3.9
86, 9, 3.8, 4.2, 4.2, 4.0, 2.9, 4.8, 5.2, 5.2, 5.0, 5.2, 2.0, 2.4, 2.7, 2.7
86,10, 2.8, 3.8, 4.0, 4.0, 3.3, 3.9, 4.6, 4.8, 4.8, 4.9, 2.5, 2.3, 3.1, 3.1
86,11, 1.7, 2.4, 2.7, 2.8, 2.5, 2.3, 2.8, 3.0, 3.1, 3.1, 1.5, 1.1, 1.7, 1.8
86,12, 1.3, 1.9, 2.1, 2.2, 2.1, 1.7, 2.2, 2.3, 2.4, 2.5, 1.1, 0.7, 1.2, 1.3
87, 1, 1.9, 2.8, 3.1, 3.3, 3.1, 2.6, 3.2, 3.5, 3.6, 3.7, 1.6, 1.1, 1.8, 1.9
87, 2, 3.3, 4.9, 5.5, 5.8, 5.4, 5.2, 6.4, 6.8, 7.0, 7.0, 3.8, 3.4, 4.6, 4.7
87, 3, 3.8, 4.8, 5.0, 4.9, 3.8, 5.4, 6.1, 6.3, 6.2, 6.3, 3.2, 3.5, 4.2, 4.2
87, 4, 4.2, 4.4, 4.3, 3.9, 2.6, 5.2, 5.4, 5.3, 5.0, 5.4, 2.0, 2.5, 2.7, 2.8
87, 5, 5.8, 5.8, 5.5, 4.8, 2.9, 7.5, 7.6, 7.4, 7.0, 7.8, 3.3, 4.5, 4.4, 4.7
87, 6, 5.8, 5.7, 5.2, 4.5, 2.5, 7.3, 7.3, 7.0, 6.6, 7.5, 3.1, 4.1, 3.9, 4.2
87, 7, 6.1, 6.1, 5.7, 4.9, 2.8, 8.0, 8.1, 7.8, 7.3, 8.2, 3.7, 4.9, 4.7, 5.1
87, 8, 5.3, 5.6, 5.4, 4.9, 3.1, 7.1, 7.4, 7.3, 6.9, 7.5, 3.4, 4.5, 4.6, 4.8
87, 9, 3.7, 4.2, 4.2, 3.9, 2.8, 4.6, 5.0, 5.0, 4.9, 5.1, 2.0, 2.3, 2.7, 2.7
87,10, 3.0, 4.1, 4.3, 4.4, 3.7, 4.3, 5.1, 5.3, 5.3, 5.3, 2.7, 2.6, 3.4, 3.5
87,11, 1.9, 2.7, 2.9, 3.0, 2.7, 2.5, 3.1, 3.3, 3.4, 3.5, 1.7, 1.3, 2.0, 2.0
87,12, 1.4, 2.1, 2.3, 2.5, 2.3, 1.9, 2.4, 2.6, 2.7, 2.7, 1.4, 0.9, 1.4, 1.5
88, 1, 1.9, 3.0, 3.5, 3.7, 3.6, 2.8, 3.6, 4.0, 4.2, 4.2, 2.4, 1.6, 2.5, 2.7
88, 2, 2.7, 3.7, 4.0, 4.2, 3.8, 3.8, 4.6, 4.8, 4.9, 4.9, 2.2, 2.0, 2.7, 2.8
88, 3, 4.0, 5.0, 5.2, 5.1, 4.0, 5.6, 6.3, 6.5, 6.4, 6.5, 3.2, 3.5, 4.3, 4.3
88, 4, 4.4, 4.8, 4.6, 4.3, 2.9, 5.5, 5.8, 5.7, 5.4, 5.8, 2.2, 2.8, 3.0, 3.0
88, 5, 5.4, 5.4, 5.1, 4.5, 2.7, 6.8, 6.9, 6.7, 6.3, 7.0, 2.9, 3.8, 3.8, 4.0
88, 6, 6.4, 6.3, 5.8, 5.0, 2.8, 8.4, 8.4, 8.0, 7.5, 8.6, 3.9, 5.2, 4.9, 5.3
88, 7, 6.1, 6.1, 5.6, 4.9, 2.8, 7.7, 7.8, 7.5, 7.0, 7.9, 3.4, 4.4, 4.2, 4.5
88, 8, 5.6, 6.0, 5.8, 5.2, 3.3, 7.6, 8.0, 7.8, 7.5, 8.0, 3.7, 4.9, 5.0, 5.2
88, 9, 4.4, 5.3, 5.4, 5.2, 3.8, 6.2, 6.9, 6.9, 6.8, 7.0, 3.4, 4.1, 4.7, 4.7
88,10, 2.7, 3.4, 3.6, 3.6, 2.9, 3.4, 4.0, 4.1, 4.1, 4.2, 2.0, 1.8, 2.4, 2.4
88,11, 1.7, 2.4, 2.6, 2.7, 2.4, 2.2, 2.8, 3.0, 3.0, 3.1, 1.6, 1.1, 1.7, 1.8
88,12, 1.5, 2.4, 2.8, 3.0, 2.8, 2.1, 2.8, 3.1, 3.3, 3.3, 1.8, 1.2, 1.9, 2.1
89, 1, 1.7, 2.6, 2.9, 3.1, 2.8, 2.4, 3.1, 3.3, 3.5, 3.5, 2.0, 1.4, 2.2, 2.3
89, 2, 2.5, 3.4, 3.7, 3.7, 3.3, 3.4, 4.1, 4.3, 4.3, 4.4, 2.1, 1.8, 2.5, 2.6
89, 3, 3.7, 4.6, 4.7, 4.6, 3.6, 5.0, 5.7, 5.8, 5.7, 5.8, 2.7, 3.0, 3.6, 3.6
89, 4, 4.8, 5.3, 5.1, 4.7, 3.1, 6.4, 6.8, 6.7, 6.4, 6.8, 3.0, 3.9, 4.2, 4.3
89, 5, 5.2, 5.2, 4.8, 4.3, 2.6, 6.5, 6.5, 6.3, 5.9, 6.6, 2.5, 3.4, 3.3, 3.5
89, 6, 5.6, 5.5, 5.1, 4.4, 2.5, 6.9, 6.9, 6.6, 6.1, 7.0, 2.9, 3.7, 3.5, 3.8
89, 7, 6.1, 6.1, 5.7, 4.9, 2.8, 7.8, 7.9, 7.7, 7.2, 8.1, 3.8, 4.9, 4.7, 5.1
89, 8, 5.5, 5.9, 5.7, 5.2, 3.3, 7.2, 7.6, 7.5, 7.1, 7.7, 3.5, 4.5, 4.7, 4.8
89, 9, 4.2, 4.9, 5.0, 4.7, 3.4, 5.8, 6.3, 6.4, 6.2, 6.4, 3.0, 3.7, 4.2, 4.2
89,10, 2.8, 3.8, 4.0, 4.0, 3.3, 3.9, 4.6, 4.8, 4.8, 4.9, 2.5, 2.4, 3.1, 3.2
89,11, 1.8, 2.6, 2.9, 3.0, 2.7, 2.4, 3.0, 3.3, 3.4, 3.4, 1.8, 1.3, 2.0, 2.1
89,12, 1.6, 2.7, 3.1, 3.3, 3.2, 2.4, 3.2, 3.6, 3.8, 3.8, 2.3, 1.5, 2.4, 2.6
90, 1, 1.6, 2.4, 2.6, 2.8, 2.5, 2.1, 2.7, 2.9, 3.0, 3.1, 1.5, 1.0, 1.6, 1.7
90, 2, 2.7, 3.7, 4.1, 4.2, 3.8, 3.7, 4.5, 4.8, 4.9, 4.9, 2.4, 2.1, 2.9, 3.0
90, 3, 3.8, 4.7, 4.9, 4.8, 3.8, 5.2, 5.9, 6.1, 6.0, 6.1, 3.0, 3.2, 3.9, 3.9
90, 4, 4.5, 4.8, 4.7, 4.3, 2.8, 5.9, 6.2, 6.1, 5.8, 6.2, 2.5, 3.4, 3.6, 3.7
90, 5, 5.1, 5.1, 4.8, 4.3, 2.6, 6.3, 6.4, 6.2, 5.8, 6.5, 2.6, 3.4, 3.3, 3.5
90, 6, 5.6, 5.5, 5.0, 4.4, 2.5, 7.0, 7.0, 6.7, 6.2, 7.1, 2.8, 3.7, 3.5, 3.8
90, 7, 6.2, 6.2, 5.8, 5.0, 2.9, 7.9, 8.0, 7.7, 7.2, 8.1, 3.6, 4.7, 4.5, 4.8
90, 8, 5.1, 5.3, 5.1, 4.7, 3.0, 6.5, 6.8, 6.7, 6.3, 6.9, 2.9, 3.8, 3.9, 4.0
90, 9, 4.2, 4.9, 4.9, 4.7, 3.4, 5.6, 6.2, 6.2, 6.0, 6.2, 2.8, 3.3, 3.8, 3.8
90,10, 2.8, 3.7, 3.9, 3.9, 3.2, 3.9, 4.5, 4.7, 4.7, 4.7, 2.3, 2.3, 3.0, 3.0
90,11, 1.9, 2.9, 3.2, 3.3, 3.0, 2.6, 3.4, 3.6, 3.7, 3.8, 2.1, 1.5, 2.3, 2.4
90,12, 1.3, 1.9, 2.1, 2.2, 2.0, 1.7, 2.1, 2.3, 2.4, 2.4, 1.1, 0.7, 1.2, 1.3
