"City:    ","FLINT                 "
"State:   ","MI"
"WBAN No: ", 14826
"Lat(N):  ", 42.97
"Long(W): ", 83.73
"Elev(m): ",   233
"Pres(mb):",   988
"Stn Type:","Secondary"
"MONTHLY SOLAR RADIATION (kWh/m2/day)"
"COLUMN A: Year"
"COLUMN B: Month"
"COLUMN C: Flat-Plate Collector Facing South at Fixed Tilt=0"
"COLUMN D: Flat-Plate Collector Facing South at Fixed Tilt=Lat-15"
"COLUMN E: Flat-Plate Collector Facing South at Fixed Tilt=Lat"
"COLUMN F: Flat-Plate Collector Facing South at Fixed Tilt=Lat+15"
"COLUMN G: Flat-Plate Collector Facing South at Fixed Tilt=90"
"COLUMN H: 1-Axis Tracking Flat-Plate Collector with North-South Axis, Axis Tilt=0"
"COLUMN I: 1-Axis Tracking Flat-Plate Collector with North-South Axis, Axis Tilt=Lat-15"
"COLUMN J: 1-Axis Tracking Flat-Plate Collector with North-South Axis, Axis Tilt=Lat"
"COLUMN K: 1-Axis Tracking Flat-Plate Collector with North-South Axis, Axis Tilt=Lat+15"
"COLUMN L: 2-Axis Tracking Flat-Plate Collector"
"COLUMN M: 1-Axis Tracking Concentrating Collector with East-West Horizontal Axis"
"COLUMN N: 1-Axis Tracking Concentrating Collector with North-South Horizontal Axis"
"COLUMN O: 1-Axis Tracking Concentrating Collector with North-South Axis, Axis Tilt=Lat"
"COLUMN P: 2-Axis Tracking Concentrating Collector"
"COL A","COL B","COL C","COL D","COL E","COL F","COL G","COL H","COL I","COL J","COL K","COL L","COL M","COL N","COL O","COL P"
61, 1, 1.6, 2.4, 2.7, 2.8, 2.6, 2.3, 2.9, 3.1, 3.2, 3.3, 1.6, 1.2, 1.8, 1.9
61, 2, 2.2, 3.0, 3.2, 3.3, 2.9, 2.8, 3.4, 3.6, 3.7, 3.7, 1.7, 1.4, 2.0, 2.0
61, 3, 3.1, 3.7, 3.8, 3.6, 2.8, 4.1, 4.5, 4.6, 4.5, 4.6, 1.8, 2.1, 2.5, 2.5
61, 4, 3.5, 3.7, 3.5, 3.2, 2.2, 4.2, 4.4, 4.3, 4.1, 4.4, 1.2, 1.7, 1.8, 1.8
61, 5, 5.7, 5.7, 5.3, 4.7, 2.8, 7.4, 7.5, 7.3, 6.8, 7.6, 3.2, 4.4, 4.3, 4.5
61, 6, 6.2, 6.1, 5.5, 4.8, 2.7, 8.1, 8.1, 7.7, 7.2, 8.3, 3.8, 5.0, 4.7, 5.1
61, 7, 5.6, 5.5, 5.1, 4.4, 2.6, 7.3, 7.3, 7.0, 6.6, 7.5, 3.0, 4.1, 4.0, 4.3
61, 8, 4.8, 5.0, 4.8, 4.4, 2.8, 6.2, 6.5, 6.3, 6.0, 6.5, 2.6, 3.5, 3.6, 3.8
61, 9, 4.1, 4.9, 5.0, 4.8, 3.5, 5.8, 6.5, 6.5, 6.4, 6.5, 3.1, 3.8, 4.3, 4.3
61,10, 2.8, 3.7, 3.9, 3.9, 3.2, 3.8, 4.5, 4.7, 4.7, 4.7, 2.4, 2.3, 3.1, 3.1
61,11, 1.6, 2.3, 2.5, 2.6, 2.3, 2.1, 2.6, 2.8, 2.9, 2.9, 1.4, 1.1, 1.6, 1.7
61,12, 1.2, 1.6, 1.8, 1.9, 1.7, 1.4, 1.8, 1.9, 2.0, 2.0, 0.9, 0.5, 0.9, 1.0
62, 1, 1.6, 2.4, 2.7, 2.8, 2.7, 2.2, 2.8, 3.0, 3.1, 3.2, 1.5, 1.0, 1.6, 1.8
62, 2, 2.3, 3.0, 3.2, 3.3, 3.0, 3.0, 3.5, 3.7, 3.7, 3.7, 1.4, 1.2, 1.7, 1.8
62, 3, 3.5, 4.3, 4.4, 4.3, 3.5, 4.6, 5.2, 5.3, 5.2, 5.3, 2.3, 2.4, 3.0, 3.0
62, 4, 4.7, 5.1, 4.9, 4.5, 3.0, 6.4, 6.7, 6.7, 6.4, 6.8, 2.9, 3.9, 4.1, 4.2
62, 5, 5.7, 5.7, 5.4, 4.8, 2.8, 7.4, 7.5, 7.3, 6.9, 7.6, 3.4, 4.5, 4.5, 4.7
62, 6, 6.1, 6.0, 5.5, 4.8, 2.6, 7.9, 8.0, 7.6, 7.1, 8.1, 3.7, 4.9, 4.6, 5.0
62, 7, 5.6, 5.6, 5.2, 4.5, 2.6, 7.2, 7.2, 7.0, 6.5, 7.4, 3.1, 4.1, 3.9, 4.2
62, 8, 5.3, 5.6, 5.4, 4.9, 3.1, 7.1, 7.4, 7.3, 6.9, 7.5, 3.4, 4.5, 4.6, 4.8
62, 9, 4.1, 4.8, 4.8, 4.6, 3.3, 5.5, 6.1, 6.1, 5.9, 6.1, 2.8, 3.4, 3.8, 3.8
62,10, 2.7, 3.5, 3.7, 3.7, 3.0, 3.7, 4.3, 4.4, 4.4, 4.4, 2.1, 2.1, 2.7, 2.7
62,11, 1.6, 2.3, 2.6, 2.7, 2.4, 2.2, 2.7, 2.9, 3.0, 3.0, 1.5, 1.1, 1.7, 1.8
62,12, 1.6, 2.5, 2.9, 3.1, 3.0, 2.2, 2.9, 3.2, 3.4, 3.5, 1.9, 1.1, 1.9, 2.1
63, 1, 1.7, 2.6, 2.9, 3.1, 3.0, 2.5, 3.1, 3.3, 3.5, 3.5, 1.6, 1.2, 1.8, 1.9
63, 2, 2.6, 3.6, 4.0, 4.1, 3.8, 3.6, 4.4, 4.7, 4.8, 4.8, 2.2, 1.9, 2.7, 2.7
63, 3, 3.4, 4.1, 4.2, 4.1, 3.2, 4.5, 5.0, 5.1, 5.0, 5.1, 2.2, 2.5, 3.0, 3.0
63, 4, 4.6, 5.0, 4.9, 4.5, 3.1, 6.2, 6.6, 6.5, 6.2, 6.6, 2.9, 3.8, 4.1, 4.2
63, 5, 5.5, 5.6, 5.2, 4.7, 2.8, 7.1, 7.3, 7.0, 6.6, 7.4, 3.1, 4.2, 4.1, 4.3
63, 6, 6.5, 6.4, 5.8, 5.0, 2.8, 8.6, 8.6, 8.3, 7.7, 8.8, 4.2, 5.6, 5.3, 5.7
63, 7, 6.4, 6.3, 5.9, 5.1, 2.9, 8.4, 8.5, 8.2, 7.7, 8.7, 4.0, 5.3, 5.1, 5.5
63, 8, 5.0, 5.3, 5.1, 4.6, 2.9, 6.6, 6.9, 6.8, 6.4, 6.9, 3.0, 3.9, 4.1, 4.2
63, 9, 4.2, 5.0, 5.1, 4.9, 3.6, 5.7, 6.3, 6.4, 6.2, 6.4, 3.1, 3.5, 4.1, 4.1
63,10, 3.3, 4.5, 4.9, 4.9, 4.1, 4.7, 5.7, 5.9, 6.0, 6.0, 3.4, 3.3, 4.3, 4.3
63,11, 1.5, 2.1, 2.2, 2.2, 1.9, 1.9, 2.3, 2.4, 2.4, 2.5, 1.1, 0.8, 1.2, 1.3
63,12, 1.5, 2.4, 2.8, 3.0, 2.9, 2.2, 2.9, 3.2, 3.3, 3.4, 1.9, 1.2, 2.0, 2.1
64, 1, 1.5, 2.2, 2.4, 2.5, 2.4, 2.0, 2.5, 2.7, 2.8, 2.9, 1.4, 1.0, 1.5, 1.6
64, 2, 2.6, 3.7, 4.0, 4.1, 3.7, 3.7, 4.4, 4.7, 4.8, 4.8, 2.5, 2.1, 2.9, 3.0
64, 3, 3.2, 3.8, 3.8, 3.7, 2.9, 4.1, 4.5, 4.6, 4.5, 4.6, 1.6, 1.9, 2.3, 2.3
64, 4, 4.6, 5.0, 4.9, 4.5, 3.1, 5.8, 6.2, 6.1, 5.9, 6.2, 2.6, 3.2, 3.5, 3.6
64, 5, 5.9, 6.0, 5.6, 5.0, 3.0, 7.7, 7.9, 7.7, 7.2, 8.0, 3.5, 4.7, 4.6, 4.9
64, 6, 6.3, 6.2, 5.7, 4.9, 2.7, 8.2, 8.2, 7.9, 7.4, 8.4, 3.8, 5.1, 4.8, 5.2
64, 7, 6.2, 6.3, 5.8, 5.1, 2.9, 8.2, 8.3, 8.0, 7.5, 8.5, 3.9, 5.2, 5.0, 5.4
64, 8, 4.9, 5.2, 4.9, 4.5, 2.9, 6.3, 6.6, 6.4, 6.1, 6.6, 2.7, 3.5, 3.6, 3.8
64, 9, 4.0, 4.7, 4.8, 4.5, 3.3, 5.3, 5.9, 5.9, 5.8, 5.9, 2.7, 3.2, 3.6, 3.7
64,10, 3.0, 4.1, 4.4, 4.4, 3.7, 4.2, 5.1, 5.3, 5.3, 5.4, 2.9, 2.7, 3.6, 3.6
64,11, 1.8, 2.7, 2.9, 3.1, 2.8, 2.5, 3.1, 3.4, 3.5, 3.5, 1.9, 1.4, 2.1, 2.2
64,12, 1.3, 1.8, 2.0, 2.1, 2.0, 1.6, 2.0, 2.2, 2.3, 2.3, 1.1, 0.7, 1.1, 1.2
65, 1, 1.6, 2.4, 2.7, 2.8, 2.7, 2.2, 2.8, 3.0, 3.1, 3.2, 1.5, 1.0, 1.7, 1.8
65, 2, 2.4, 3.3, 3.6, 3.7, 3.3, 3.3, 4.0, 4.2, 4.3, 4.3, 1.9, 1.7, 2.3, 2.4
65, 3, 3.3, 3.8, 3.9, 3.8, 3.2, 4.1, 4.5, 4.6, 4.6, 4.6, 1.4, 1.6, 1.9, 1.9
65, 4, 4.6, 5.0, 4.8, 4.5, 3.1, 5.8, 6.1, 6.0, 5.8, 6.1, 2.5, 3.1, 3.3, 3.4
65, 5, 5.7, 5.8, 5.4, 4.8, 2.9, 7.3, 7.4, 7.2, 6.8, 7.5, 3.2, 4.2, 4.1, 4.3
65, 6, 6.7, 6.6, 6.0, 5.2, 2.8, 8.8, 8.8, 8.5, 7.9, 9.1, 4.3, 5.7, 5.4, 5.8
65, 7, 6.1, 6.1, 5.6, 4.9, 2.8, 8.1, 8.2, 7.9, 7.4, 8.4, 3.7, 5.0, 4.8, 5.1
65, 8, 5.0, 5.3, 5.0, 4.6, 2.9, 6.3, 6.6, 6.5, 6.1, 6.7, 2.8, 3.6, 3.7, 3.8
65, 9, 3.9, 4.5, 4.5, 4.3, 3.1, 5.1, 5.6, 5.6, 5.4, 5.6, 2.3, 2.8, 3.2, 3.2
65,10, 2.8, 3.6, 3.8, 3.8, 3.2, 3.7, 4.4, 4.5, 4.5, 4.6, 2.2, 2.0, 2.7, 2.7
65,11, 1.7, 2.2, 2.4, 2.4, 2.1, 2.1, 2.5, 2.7, 2.7, 2.7, 1.3, 1.0, 1.4, 1.5
65,12, 1.2, 1.6, 1.8, 1.8, 1.6, 1.4, 1.8, 1.9, 1.9, 1.9, 0.8, 0.5, 0.8, 0.9
66, 1, 1.7, 2.5, 2.8, 2.9, 2.8, 2.3, 2.9, 3.1, 3.3, 3.3, 1.6, 1.1, 1.7, 1.8
66, 2, 2.4, 3.2, 3.5, 3.5, 3.2, 3.1, 3.8, 4.0, 4.0, 4.1, 1.8, 1.5, 2.1, 2.2
66, 3, 3.3, 3.9, 4.0, 3.9, 3.1, 4.2, 4.7, 4.8, 4.7, 4.8, 1.9, 2.1, 2.6, 2.6
66, 4, 4.3, 4.6, 4.4, 4.1, 2.8, 5.4, 5.7, 5.6, 5.3, 5.7, 2.0, 2.7, 2.8, 2.9
66, 5, 5.9, 6.0, 5.6, 5.0, 3.0, 7.9, 8.1, 7.8, 7.4, 8.2, 3.6, 4.9, 4.8, 5.1
66, 6, 6.8, 6.7, 6.1, 5.3, 2.9, 8.9, 8.9, 8.6, 8.0, 9.1, 4.4, 5.8, 5.5, 6.0
66, 7, 6.2, 6.2, 5.7, 5.0, 2.8, 8.1, 8.2, 7.9, 7.4, 8.4, 3.8, 5.0, 4.9, 5.2
66, 8, 5.4, 5.8, 5.6, 5.1, 3.2, 7.2, 7.6, 7.4, 7.1, 7.6, 3.4, 4.5, 4.6, 4.8
66, 9, 4.3, 5.0, 5.1, 4.8, 3.5, 5.9, 6.5, 6.5, 6.3, 6.6, 3.0, 3.6, 4.1, 4.1
66,10, 2.9, 3.9, 4.2, 4.2, 3.5, 4.1, 4.8, 5.0, 5.0, 5.1, 2.6, 2.5, 3.2, 3.3
66,11, 1.5, 1.9, 2.0, 2.0, 1.8, 1.7, 2.0, 2.1, 2.1, 2.2, 0.7, 0.5, 0.8, 0.8
66,12, 1.2, 1.7, 1.9, 2.0, 1.9, 1.6, 1.9, 2.1, 2.2, 2.2, 0.9, 0.6, 0.9, 1.0
67, 1, 1.6, 2.3, 2.5, 2.7, 2.5, 2.1, 2.6, 2.8, 2.9, 2.9, 1.3, 0.9, 1.4, 1.5
67, 2, 3.0, 4.2, 4.6, 4.8, 4.4, 4.2, 5.1, 5.4, 5.6, 5.6, 2.6, 2.2, 3.1, 3.1
67, 3, 3.8, 4.6, 4.8, 4.8, 4.0, 5.0, 5.7, 5.8, 5.8, 5.8, 2.5, 2.6, 3.2, 3.2
67, 4, 4.3, 4.7, 4.6, 4.2, 2.8, 5.5, 5.8, 5.7, 5.4, 5.8, 2.3, 2.9, 3.1, 3.2
67, 5, 5.7, 5.8, 5.4, 4.8, 2.8, 7.3, 7.5, 7.2, 6.8, 7.6, 3.4, 4.4, 4.3, 4.6
67, 6, 5.9, 5.8, 5.4, 4.7, 2.6, 7.5, 7.5, 7.2, 6.7, 7.7, 3.2, 4.2, 4.0, 4.3
67, 7, 5.6, 5.5, 5.1, 4.5, 2.6, 7.1, 7.1, 6.9, 6.4, 7.3, 2.9, 3.9, 3.7, 4.0
67, 8, 5.6, 6.0, 5.8, 5.3, 3.3, 7.5, 7.9, 7.7, 7.4, 7.9, 3.7, 4.8, 4.9, 5.1
67, 9, 4.5, 5.4, 5.4, 5.1, 3.7, 6.2, 6.8, 6.9, 6.7, 6.9, 3.3, 4.0, 4.5, 4.5
67,10, 2.5, 3.1, 3.2, 3.2, 2.5, 3.1, 3.6, 3.7, 3.7, 3.7, 1.6, 1.5, 2.0, 2.0
67,11, 1.5, 2.0, 2.1, 2.1, 1.8, 1.8, 2.1, 2.2, 2.2, 2.3, 0.9, 0.6, 1.0, 1.1
67,12, 1.3, 1.8, 2.0, 2.1, 1.9, 1.6, 2.0, 2.2, 2.3, 2.3, 1.1, 0.6, 1.1, 1.2
68, 1, 1.6, 2.4, 2.7, 2.8, 2.7, 2.2, 2.8, 3.0, 3.2, 3.2, 1.5, 1.0, 1.6, 1.7
68, 2, 2.5, 3.5, 3.8, 3.9, 3.5, 3.5, 4.3, 4.5, 4.6, 4.6, 2.3, 2.0, 2.8, 2.8
68, 3, 3.8, 4.8, 4.9, 4.8, 3.9, 5.2, 5.9, 6.1, 6.0, 6.1, 2.9, 3.1, 3.8, 3.8
68, 4, 5.1, 5.7, 5.6, 5.2, 3.5, 6.8, 7.3, 7.3, 7.0, 7.4, 3.4, 4.3, 4.6, 4.7
68, 5, 5.2, 5.2, 4.9, 4.4, 2.7, 6.3, 6.4, 6.2, 5.8, 6.5, 2.4, 3.2, 3.2, 3.3
68, 6, 5.8, 5.7, 5.2, 4.6, 2.6, 7.2, 7.2, 6.9, 6.4, 7.3, 3.0, 3.9, 3.7, 4.0
68, 7, 6.6, 6.6, 6.2, 5.4, 3.0, 8.9, 9.0, 8.7, 8.2, 9.2, 4.4, 5.8, 5.6, 6.0
68, 8, 5.6, 6.0, 5.8, 5.3, 3.4, 7.3, 7.7, 7.6, 7.2, 7.7, 3.5, 4.4, 4.6, 4.8
68, 9, 4.1, 4.9, 4.9, 4.7, 3.5, 5.5, 6.2, 6.2, 6.0, 6.2, 3.0, 3.4, 4.0, 4.0
68,10, 2.8, 3.8, 4.1, 4.1, 3.3, 4.0, 4.7, 4.9, 4.9, 4.9, 2.5, 2.4, 3.2, 3.2
68,11, 1.6, 2.2, 2.4, 2.4, 2.1, 2.0, 2.5, 2.6, 2.7, 2.7, 1.2, 0.9, 1.4, 1.4
68,12, 1.2, 1.7, 1.9, 2.0, 1.8, 1.5, 1.9, 2.0, 2.1, 2.2, 0.9, 0.6, 0.9, 1.0
69, 1, 1.5, 2.1, 2.3, 2.4, 2.2, 1.9, 2.4, 2.5, 2.6, 2.7, 1.0, 0.7, 1.1, 1.2
69, 2, 2.5, 3.4, 3.7, 3.8, 3.3, 3.4, 4.1, 4.3, 4.4, 4.4, 2.2, 1.9, 2.7, 2.7
69, 3, 4.0, 5.0, 5.2, 5.1, 4.1, 5.6, 6.4, 6.6, 6.5, 6.6, 3.4, 3.7, 4.5, 4.5
69, 4, 4.7, 5.1, 5.0, 4.6, 3.1, 6.1, 6.5, 6.4, 6.1, 6.5, 2.8, 3.6, 3.8, 3.9
69, 5, 5.7, 5.8, 5.4, 4.8, 2.9, 7.4, 7.6, 7.3, 6.9, 7.7, 3.3, 4.4, 4.3, 4.6
69, 6, 5.4, 5.2, 4.8, 4.2, 2.5, 6.5, 6.4, 6.2, 5.7, 6.6, 2.3, 3.1, 2.9, 3.2
69, 7, 6.0, 6.0, 5.5, 4.8, 2.8, 7.8, 7.9, 7.6, 7.2, 8.1, 3.5, 4.7, 4.5, 4.8
69, 8, 6.3, 6.8, 6.6, 5.9, 3.7, 8.8, 9.3, 9.1, 8.7, 9.3, 4.8, 6.2, 6.4, 6.6
69, 9, 4.1, 4.8, 4.8, 4.5, 3.3, 5.5, 6.0, 6.0, 5.8, 6.1, 2.7, 3.2, 3.6, 3.6
69,10, 2.6, 3.3, 3.5, 3.4, 2.8, 3.4, 4.0, 4.1, 4.1, 4.1, 1.9, 1.8, 2.4, 2.4
69,11, 1.7, 2.4, 2.6, 2.7, 2.5, 2.2, 2.7, 2.9, 3.0, 3.0, 1.4, 1.0, 1.5, 1.6
69,12, 1.3, 1.7, 1.9, 2.0, 1.8, 1.5, 1.9, 2.0, 2.1, 2.1, 0.8, 0.5, 0.9, 0.9
70, 1, 1.7, 2.5, 2.9, 3.0, 3.0, 2.3, 3.0, 3.2, 3.4, 3.4, 1.6, 1.1, 1.7, 1.9
70, 2, 2.6, 3.7, 4.0, 4.2, 3.7, 3.8, 4.6, 4.8, 4.9, 4.9, 2.6, 2.3, 3.1, 3.2
70, 3, 3.5, 4.3, 4.4, 4.3, 3.5, 4.7, 5.3, 5.4, 5.3, 5.4, 2.3, 2.5, 3.1, 3.1
70, 4, 4.8, 5.3, 5.2, 4.8, 3.3, 6.4, 6.8, 6.8, 6.5, 6.8, 3.0, 3.9, 4.2, 4.2
70, 5, 5.2, 5.2, 4.8, 4.3, 2.6, 6.5, 6.6, 6.4, 6.0, 6.7, 2.7, 3.6, 3.5, 3.7
70, 6, 6.1, 6.0, 5.5, 4.8, 2.7, 8.0, 8.0, 7.7, 7.2, 8.2, 3.6, 4.8, 4.6, 4.9
70, 7, 5.4, 5.4, 5.0, 4.4, 2.5, 6.9, 7.0, 6.7, 6.3, 7.1, 3.0, 3.9, 3.8, 4.1
70, 8, 5.7, 6.1, 5.8, 5.3, 3.3, 7.8, 8.2, 8.0, 7.7, 8.2, 3.9, 5.2, 5.3, 5.5
70, 9, 3.5, 4.0, 3.9, 3.7, 2.7, 4.5, 4.8, 4.8, 4.7, 4.9, 2.0, 2.4, 2.7, 2.8
70,10, 2.7, 3.5, 3.6, 3.6, 3.0, 3.5, 4.1, 4.2, 4.2, 4.3, 2.0, 1.9, 2.5, 2.5
70,11, 1.5, 1.9, 2.0, 2.0, 1.7, 1.7, 2.0, 2.1, 2.1, 2.1, 0.8, 0.6, 0.9, 0.9
70,12, 1.4, 2.0, 2.2, 2.3, 2.2, 1.8, 2.2, 2.4, 2.5, 2.5, 1.1, 0.7, 1.2, 1.3
71, 1, 1.6, 2.3, 2.5, 2.7, 2.6, 2.1, 2.7, 2.8, 3.0, 3.0, 1.3, 0.9, 1.4, 1.5
71, 2, 2.1, 2.6, 2.8, 2.8, 2.4, 2.6, 3.0, 3.2, 3.2, 3.2, 1.2, 1.1, 1.5, 1.6
71, 3, 3.5, 4.1, 4.2, 4.1, 3.3, 4.5, 5.0, 5.1, 5.0, 5.1, 2.1, 2.3, 2.8, 2.8
71, 4, 4.8, 5.3, 5.2, 4.8, 3.2, 6.4, 6.9, 6.8, 6.5, 6.9, 3.2, 4.1, 4.4, 4.4
71, 5, 6.2, 6.4, 6.0, 5.3, 3.1, 8.3, 8.6, 8.3, 7.8, 8.7, 4.2, 5.5, 5.4, 5.8
71, 6, 6.4, 6.3, 5.8, 5.1, 2.8, 8.4, 8.4, 8.1, 7.5, 8.6, 4.0, 5.3, 5.0, 5.4
71, 7, 6.1, 6.1, 5.6, 4.9, 2.8, 8.0, 8.1, 7.8, 7.3, 8.2, 3.6, 4.8, 4.6, 5.0
71, 8, 5.8, 6.3, 6.0, 5.5, 3.4, 8.0, 8.4, 8.2, 7.8, 8.4, 4.2, 5.4, 5.6, 5.8
71, 9, 3.7, 4.2, 4.2, 4.0, 2.9, 4.6, 5.1, 5.1, 4.9, 5.1, 2.0, 2.4, 2.7, 2.8
71,10, 2.9, 3.9, 4.1, 4.1, 3.4, 4.1, 4.8, 5.0, 5.0, 5.1, 2.6, 2.5, 3.3, 3.3
71,11, 1.7, 2.3, 2.5, 2.5, 2.3, 2.1, 2.6, 2.8, 2.8, 2.8, 1.3, 1.0, 1.5, 1.6
71,12, 1.2, 1.8, 1.9, 2.0, 1.9, 1.5, 2.0, 2.1, 2.2, 2.2, 1.1, 0.7, 1.2, 1.3
72, 1, 1.6, 2.4, 2.7, 2.8, 2.7, 2.2, 2.8, 3.0, 3.2, 3.2, 1.6, 1.1, 1.7, 1.8
72, 2, 2.5, 3.4, 3.7, 3.8, 3.4, 3.5, 4.1, 4.3, 4.4, 4.4, 2.0, 1.8, 2.5, 2.5
72, 3, 3.2, 3.8, 3.8, 3.7, 2.8, 4.1, 4.6, 4.6, 4.5, 4.6, 1.9, 2.2, 2.6, 2.6
72, 4, 4.7, 5.1, 5.0, 4.6, 3.1, 6.1, 6.5, 6.4, 6.1, 6.5, 2.8, 3.6, 3.9, 4.0
72, 5, 6.0, 6.0, 5.6, 5.0, 2.9, 7.8, 8.0, 7.8, 7.3, 8.1, 3.9, 5.2, 5.1, 5.4
72, 6, 5.7, 5.6, 5.2, 4.5, 2.5, 7.2, 7.2, 6.9, 6.4, 7.4, 3.1, 4.1, 3.9, 4.2
72, 7, 5.9, 5.9, 5.5, 4.8, 2.7, 7.8, 7.9, 7.6, 7.1, 8.0, 3.5, 4.7, 4.6, 4.9
72, 8, 4.9, 5.3, 5.0, 4.6, 2.9, 6.4, 6.7, 6.6, 6.2, 6.7, 3.0, 3.8, 4.0, 4.1
72, 9, 3.7, 4.2, 4.2, 4.0, 2.9, 4.8, 5.2, 5.2, 5.1, 5.3, 2.2, 2.6, 3.0, 3.0
72,10, 2.5, 3.2, 3.4, 3.3, 2.7, 3.3, 3.8, 3.9, 3.9, 3.9, 1.8, 1.7, 2.2, 2.3
72,11, 1.4, 1.7, 1.8, 1.8, 1.6, 1.6, 1.9, 1.9, 2.0, 2.0, 0.6, 0.4, 0.7, 0.7
72,12, 1.2, 1.5, 1.6, 1.6, 1.5, 1.4, 1.6, 1.7, 1.8, 1.8, 0.4, 0.3, 0.4, 0.5
73, 1, 1.6, 2.4, 2.6, 2.7, 2.5, 2.0, 2.7, 2.9, 3.0, 3.0, 1.6, 1.0, 1.7, 1.8
73, 2, 2.6, 3.5, 3.8, 3.9, 3.6, 3.5, 4.2, 4.5, 4.6, 4.6, 2.0, 1.8, 2.4, 2.5
73, 3, 3.3, 3.9, 4.0, 3.8, 3.1, 4.3, 4.7, 4.8, 4.7, 4.8, 1.8, 2.1, 2.5, 2.5
73, 4, 4.5, 4.9, 4.8, 4.4, 3.0, 5.7, 6.1, 6.0, 5.7, 6.1, 2.5, 3.1, 3.4, 3.4
73, 5, 4.6, 4.6, 4.2, 3.8, 2.3, 5.5, 5.5, 5.3, 5.0, 5.6, 1.8, 2.4, 2.4, 2.5
73, 6, 5.5, 5.4, 4.9, 4.3, 2.5, 6.8, 6.8, 6.5, 6.1, 7.0, 2.8, 3.7, 3.5, 3.8
73, 7, 5.9, 5.9, 5.5, 4.8, 2.7, 7.8, 7.8, 7.5, 7.1, 8.0, 3.5, 4.7, 4.5, 4.8
73, 8, 5.6, 6.0, 5.8, 5.3, 3.3, 7.7, 8.1, 7.9, 7.6, 8.1, 3.8, 5.0, 5.2, 5.3
73, 9, 4.2, 4.9, 4.9, 4.7, 3.4, 5.6, 6.2, 6.2, 6.0, 6.3, 2.8, 3.4, 3.9, 3.9
73,10, 2.7, 3.6, 3.8, 3.8, 3.1, 3.7, 4.3, 4.5, 4.5, 4.6, 2.3, 2.2, 2.8, 2.9
73,11, 1.6, 2.1, 2.3, 2.3, 2.0, 2.0, 2.4, 2.5, 2.6, 2.6, 1.2, 0.9, 1.3, 1.4
73,12, 1.3, 1.7, 1.9, 2.0, 1.9, 1.6, 1.9, 2.1, 2.2, 2.2, 0.8, 0.5, 0.9, 0.9
74, 1, 1.5, 2.2, 2.4, 2.5, 2.4, 2.0, 2.5, 2.7, 2.8, 2.8, 1.3, 0.9, 1.4, 1.5
74, 2, 2.5, 3.3, 3.6, 3.7, 3.4, 3.3, 3.9, 4.2, 4.2, 4.2, 1.9, 1.6, 2.2, 2.2
74, 3, 3.3, 3.9, 4.0, 3.9, 3.0, 4.2, 4.7, 4.7, 4.7, 4.8, 2.0, 2.2, 2.7, 2.7
74, 4, 4.4, 4.8, 4.6, 4.3, 2.9, 5.6, 6.0, 5.9, 5.6, 6.0, 2.5, 3.1, 3.4, 3.4
74, 5, 4.8, 4.8, 4.4, 3.9, 2.4, 5.9, 5.9, 5.7, 5.4, 6.0, 2.2, 3.0, 2.9, 3.1
74, 6, 5.8, 5.6, 5.2, 4.5, 2.5, 7.4, 7.4, 7.1, 6.6, 7.6, 3.2, 4.2, 4.0, 4.3
74, 7, 6.4, 6.4, 6.0, 5.2, 2.9, 8.5, 8.6, 8.3, 7.8, 8.8, 4.3, 5.6, 5.4, 5.8
74, 8, 5.2, 5.5, 5.3, 4.8, 3.1, 6.8, 7.2, 7.0, 6.7, 7.2, 3.1, 4.0, 4.2, 4.3
74, 9, 3.8, 4.5, 4.5, 4.3, 3.1, 5.2, 5.7, 5.8, 5.6, 5.8, 2.5, 3.0, 3.5, 3.5
74,10, 2.8, 3.8, 4.0, 4.0, 3.3, 3.9, 4.6, 4.8, 4.8, 4.9, 2.5, 2.4, 3.1, 3.2
74,11, 1.6, 2.2, 2.3, 2.4, 2.1, 2.1, 2.5, 2.6, 2.7, 2.7, 1.3, 1.0, 1.4, 1.5
74,12, 1.3, 1.7, 1.9, 1.9, 1.9, 1.5, 1.9, 2.0, 2.1, 2.1, 0.7, 0.4, 0.7, 0.8
75, 1, 1.4, 1.8, 2.0, 2.0, 1.9, 1.6, 2.0, 2.1, 2.2, 2.2, 0.8, 0.5, 0.9, 0.9
75, 2, 2.2, 2.8, 3.0, 3.0, 2.7, 2.7, 3.2, 3.3, 3.4, 3.4, 1.3, 1.1, 1.5, 1.6
75, 3, 3.1, 3.6, 3.7, 3.6, 2.9, 3.8, 4.2, 4.3, 4.2, 4.3, 1.6, 1.7, 2.0, 2.0
75, 4, 4.8, 5.3, 5.3, 5.0, 3.6, 6.3, 6.8, 6.8, 6.5, 6.8, 2.9, 3.6, 3.9, 3.9
75, 5, 5.9, 6.0, 5.6, 5.0, 2.9, 7.6, 7.8, 7.5, 7.1, 7.9, 3.6, 4.7, 4.7, 4.9
75, 6, 5.8, 5.6, 5.2, 4.5, 2.5, 7.4, 7.4, 7.1, 6.6, 7.6, 3.1, 4.1, 3.9, 4.3
75, 7, 6.5, 6.5, 6.0, 5.3, 3.0, 8.8, 8.9, 8.6, 8.0, 9.0, 4.2, 5.7, 5.5, 5.9
75, 8, 4.5, 4.7, 4.5, 4.1, 2.6, 5.6, 5.8, 5.7, 5.4, 5.8, 2.3, 3.0, 3.0, 3.1
75, 9, 3.7, 4.3, 4.3, 4.1, 3.0, 4.9, 5.3, 5.3, 5.2, 5.4, 2.3, 2.7, 3.1, 3.1
75,10, 2.9, 3.9, 4.2, 4.2, 3.4, 4.2, 4.9, 5.1, 5.1, 5.1, 2.7, 2.6, 3.4, 3.5
75,11, 1.8, 2.7, 2.9, 3.0, 2.7, 2.5, 3.1, 3.3, 3.4, 3.4, 1.8, 1.3, 2.0, 2.1
75,12, 1.3, 1.8, 2.0, 2.1, 2.0, 1.6, 2.0, 2.2, 2.3, 2.3, 1.0, 0.6, 1.0, 1.1
76, 1, 1.7, 2.4, 2.6, 2.8, 2.6, 2.2, 2.7, 2.9, 3.0, 3.1, 1.2, 0.8, 1.3, 1.4
76, 2, 2.4, 3.3, 3.5, 3.6, 3.3, 3.3, 3.9, 4.1, 4.2, 4.2, 1.8, 1.6, 2.2, 2.3
76, 3, 3.3, 4.0, 4.0, 3.9, 3.0, 4.3, 4.8, 4.8, 4.7, 4.8, 2.1, 2.3, 2.7, 2.7
76, 4, 5.1, 5.7, 5.6, 5.2, 3.5, 6.9, 7.4, 7.3, 7.0, 7.4, 3.5, 4.4, 4.8, 4.9
76, 5, 5.2, 5.2, 4.9, 4.3, 2.6, 6.7, 6.9, 6.6, 6.3, 6.9, 2.8, 3.9, 3.8, 4.0
76, 6, 6.5, 6.4, 5.8, 5.1, 2.8, 8.5, 8.6, 8.2, 7.7, 8.8, 4.2, 5.5, 5.2, 5.7
76, 7, 6.3, 6.3, 5.8, 5.1, 2.9, 8.1, 8.2, 7.9, 7.4, 8.4, 3.8, 5.0, 4.8, 5.2
76, 8, 5.7, 6.2, 6.0, 5.4, 3.4, 7.8, 8.2, 8.1, 7.7, 8.3, 4.0, 5.2, 5.3, 5.5
76, 9, 4.4, 5.3, 5.3, 5.1, 3.7, 6.1, 6.8, 6.8, 6.7, 6.9, 3.5, 4.1, 4.7, 4.7
76,10, 2.6, 3.3, 3.5, 3.5, 2.8, 3.5, 4.0, 4.2, 4.2, 4.2, 2.0, 1.9, 2.5, 2.5
76,11, 1.7, 2.5, 2.7, 2.8, 2.5, 2.3, 2.9, 3.1, 3.2, 3.2, 1.7, 1.3, 1.9, 2.0
76,12, 1.4, 2.1, 2.4, 2.6, 2.5, 1.9, 2.5, 2.7, 2.8, 2.9, 1.4, 0.9, 1.5, 1.6
77, 1, 1.7, 2.6, 2.9, 3.1, 3.0, 2.4, 3.0, 3.3, 3.5, 3.5, 1.7, 1.1, 1.8, 1.9
77, 2, 2.4, 3.2, 3.4, 3.5, 3.2, 3.2, 3.8, 4.0, 4.1, 4.1, 1.8, 1.5, 2.1, 2.2
77, 3, 3.5, 4.3, 4.4, 4.3, 3.3, 4.7, 5.3, 5.4, 5.3, 5.4, 2.5, 2.8, 3.3, 3.3
77, 4, 4.6, 5.0, 4.9, 4.5, 3.0, 6.1, 6.5, 6.4, 6.1, 6.5, 2.9, 3.7, 4.0, 4.1
77, 5, 6.6, 6.8, 6.4, 5.6, 3.3, 9.0, 9.3, 9.0, 8.5, 9.4, 4.7, 6.2, 6.1, 6.5
77, 6, 6.1, 6.0, 5.5, 4.8, 2.7, 7.9, 7.9, 7.6, 7.1, 8.1, 3.7, 4.9, 4.6, 5.0
77, 7, 5.9, 5.8, 5.4, 4.7, 2.7, 7.7, 7.8, 7.5, 7.0, 7.9, 3.5, 4.7, 4.6, 4.9
77, 8, 4.9, 5.2, 5.0, 4.6, 3.0, 6.3, 6.6, 6.5, 6.1, 6.6, 2.7, 3.5, 3.6, 3.8
77, 9, 3.3, 3.7, 3.6, 3.4, 2.4, 4.0, 4.3, 4.3, 4.1, 4.3, 1.5, 1.8, 2.1, 2.1
77,10, 2.7, 3.5, 3.7, 3.7, 3.0, 3.7, 4.3, 4.4, 4.4, 4.5, 2.2, 2.2, 2.8, 2.9
77,11, 1.5, 1.9, 2.0, 2.0, 1.7, 1.7, 2.0, 2.1, 2.1, 2.2, 0.8, 0.6, 0.9, 0.9
77,12, 1.2, 1.7, 1.9, 1.9, 1.8, 1.5, 1.9, 2.0, 2.1, 2.1, 0.9, 0.6, 0.9, 1.0
78, 1, 1.6, 2.2, 2.4, 2.5, 2.4, 2.0, 2.5, 2.6, 2.7, 2.8, 1.0, 0.6, 1.0, 1.1
78, 2, 3.0, 4.4, 4.8, 5.1, 4.7, 4.3, 5.3, 5.7, 5.9, 5.9, 2.9, 2.4, 3.4, 3.5
78, 3, 3.6, 4.4, 4.5, 4.5, 3.8, 4.7, 5.3, 5.4, 5.4, 5.4, 2.0, 2.1, 2.7, 2.7
78, 4, 4.7, 5.0, 4.9, 4.5, 3.0, 6.1, 6.4, 6.3, 6.0, 6.4, 2.7, 3.6, 3.8, 3.9
78, 5, 5.6, 5.6, 5.2, 4.6, 2.8, 7.1, 7.3, 7.0, 6.6, 7.4, 3.2, 4.2, 4.1, 4.3
78, 6, 6.3, 6.2, 5.7, 4.9, 2.7, 8.1, 8.1, 7.8, 7.3, 8.3, 3.7, 4.8, 4.6, 5.0
78, 7, 5.7, 5.6, 5.2, 4.6, 2.7, 7.2, 7.3, 7.0, 6.6, 7.4, 3.0, 4.0, 3.9, 4.1
78, 8, 5.4, 5.7, 5.5, 5.0, 3.1, 7.3, 7.6, 7.4, 7.1, 7.6, 3.4, 4.5, 4.6, 4.8
78, 9, 4.3, 5.0, 5.1, 4.8, 3.5, 5.9, 6.5, 6.6, 6.4, 6.6, 3.1, 3.7, 4.2, 4.3
78,10, 2.7, 3.5, 3.6, 3.6, 3.0, 3.6, 4.2, 4.3, 4.3, 4.3, 2.0, 1.9, 2.5, 2.5
78,11, 1.8, 2.6, 2.9, 3.0, 2.6, 2.5, 3.1, 3.3, 3.3, 3.4, 1.8, 1.4, 2.0, 2.1
78,12, 1.3, 1.7, 1.9, 2.0, 1.8, 1.5, 1.9, 2.0, 2.1, 2.1, 0.8, 0.5, 0.9, 0.9
79, 1, 1.7, 2.3, 2.6, 2.7, 2.6, 2.1, 2.6, 2.8, 2.9, 3.0, 1.1, 0.7, 1.2, 1.3
79, 2, 2.7, 3.8, 4.2, 4.4, 4.1, 3.8, 4.7, 5.0, 5.1, 5.1, 2.4, 2.0, 2.9, 2.9
79, 3, 3.2, 3.7, 3.7, 3.6, 2.8, 3.8, 4.3, 4.3, 4.2, 4.3, 1.7, 1.7, 2.1, 2.1
79, 4, 4.3, 4.6, 4.4, 4.1, 2.8, 5.3, 5.6, 5.5, 5.3, 5.6, 2.2, 2.8, 3.0, 3.0
79, 5, 5.3, 5.4, 5.1, 4.5, 2.7, 6.7, 6.9, 6.7, 6.3, 7.0, 2.8, 3.7, 3.7, 3.9
79, 6, 6.2, 6.1, 5.6, 4.9, 2.7, 8.0, 8.0, 7.7, 7.2, 8.2, 3.6, 4.8, 4.5, 4.9
79, 7, 6.2, 6.1, 5.7, 4.9, 2.8, 8.1, 8.2, 7.9, 7.4, 8.4, 3.8, 5.1, 4.9, 5.3
79, 8, 4.9, 5.2, 4.9, 4.5, 2.9, 6.2, 6.4, 6.3, 5.9, 6.5, 2.6, 3.4, 3.5, 3.6
79, 9, 4.6, 5.5, 5.6, 5.4, 4.0, 6.4, 7.2, 7.3, 7.1, 7.3, 3.6, 4.3, 4.9, 4.9
79,10, 2.4, 2.9, 3.0, 2.9, 2.4, 2.8, 3.2, 3.3, 3.3, 3.3, 1.3, 1.2, 1.6, 1.6
79,11, 1.8, 2.5, 2.8, 2.9, 2.6, 2.4, 3.0, 3.2, 3.2, 3.3, 1.7, 1.3, 2.0, 2.0
79,12, 1.4, 2.2, 2.5, 2.6, 2.5, 1.9, 2.5, 2.8, 2.9, 2.9, 1.6, 1.0, 1.7, 1.8
80, 1, 1.5, 2.1, 2.3, 2.5, 2.3, 2.0, 2.5, 2.6, 2.7, 2.7, 1.3, 0.9, 1.4, 1.5
80, 2, 2.3, 3.0, 3.3, 3.3, 3.0, 3.0, 3.6, 3.8, 3.8, 3.8, 1.7, 1.4, 2.0, 2.1
80, 3, 3.3, 3.9, 4.0, 4.0, 3.2, 4.2, 4.7, 4.8, 4.7, 4.8, 1.8, 1.9, 2.4, 2.4
80, 4, 4.3, 4.5, 4.3, 4.0, 2.7, 5.2, 5.5, 5.4, 5.1, 5.5, 2.1, 2.6, 2.8, 2.9
80, 5, 5.8, 5.9, 5.6, 4.9, 2.9, 7.6, 7.7, 7.5, 7.1, 7.8, 3.4, 4.5, 4.5, 4.7
80, 6, 6.0, 5.8, 5.4, 4.7, 2.6, 7.7, 7.7, 7.4, 6.9, 7.9, 3.3, 4.4, 4.2, 4.6
80, 7, 5.8, 5.8, 5.3, 4.7, 2.7, 7.6, 7.6, 7.3, 6.9, 7.8, 3.3, 4.4, 4.3, 4.6
80, 8, 4.9, 5.3, 5.0, 4.6, 3.0, 6.3, 6.6, 6.5, 6.1, 6.6, 2.7, 3.5, 3.6, 3.7
80, 9, 4.1, 4.8, 4.8, 4.6, 3.3, 5.4, 6.0, 6.0, 5.9, 6.1, 2.7, 3.2, 3.7, 3.7
80,10, 2.7, 3.4, 3.6, 3.6, 3.0, 3.5, 4.1, 4.2, 4.2, 4.3, 2.0, 1.9, 2.5, 2.5
80,11, 1.8, 2.6, 2.8, 2.9, 2.6, 2.4, 3.0, 3.2, 3.3, 3.3, 1.7, 1.3, 1.9, 2.0
80,12, 1.3, 1.9, 2.1, 2.2, 2.1, 1.7, 2.2, 2.3, 2.4, 2.4, 1.1, 0.7, 1.2, 1.3
81, 1, 1.8, 2.8, 3.2, 3.4, 3.3, 2.5, 3.3, 3.6, 3.8, 3.8, 1.9, 1.2, 2.0, 2.1
81, 2, 2.1, 2.6, 2.8, 2.8, 2.5, 2.5, 2.9, 3.0, 3.0, 3.1, 1.0, 0.8, 1.2, 1.2
81, 3, 3.4, 4.1, 4.2, 4.0, 3.1, 4.6, 5.1, 5.2, 5.1, 5.2, 2.3, 2.6, 3.1, 3.1
81, 4, 4.5, 4.9, 4.7, 4.4, 3.0, 5.8, 6.1, 6.0, 5.7, 6.1, 2.5, 3.2, 3.4, 3.5
81, 5, 5.9, 6.0, 5.7, 5.0, 3.0, 7.6, 7.8, 7.5, 7.1, 7.8, 3.5, 4.6, 4.6, 4.8
81, 6, 6.2, 6.1, 5.6, 4.8, 2.7, 7.9, 7.9, 7.6, 7.1, 8.1, 3.5, 4.6, 4.3, 4.7
81, 7, 5.9, 5.9, 5.4, 4.7, 2.7, 7.7, 7.8, 7.5, 7.0, 7.9, 3.5, 4.6, 4.5, 4.8
81, 8, 5.1, 5.4, 5.2, 4.7, 3.0, 6.6, 6.9, 6.7, 6.4, 6.9, 2.9, 3.8, 3.9, 4.1
81, 9, 3.8, 4.4, 4.4, 4.2, 3.1, 4.9, 5.4, 5.4, 5.3, 5.4, 2.4, 2.8, 3.2, 3.2
81,10, 2.5, 3.2, 3.3, 3.3, 2.7, 3.3, 3.8, 3.9, 3.9, 4.0, 1.8, 1.7, 2.3, 2.3
81,11, 2.0, 3.1, 3.5, 3.6, 3.3, 3.0, 3.8, 4.1, 4.2, 4.2, 2.5, 1.9, 2.8, 2.9
81,12, 1.3, 1.8, 1.9, 2.0, 1.9, 1.6, 1.9, 2.1, 2.2, 2.2, 0.9, 0.6, 0.9, 1.0
82, 1, 1.6, 2.3, 2.6, 2.8, 2.6, 2.2, 2.7, 2.9, 3.1, 3.1, 1.4, 1.0, 1.5, 1.6
82, 2, 2.6, 3.6, 4.0, 4.1, 3.8, 3.6, 4.3, 4.6, 4.7, 4.7, 2.3, 1.8, 2.6, 2.7
82, 3, 3.4, 4.0, 4.1, 4.0, 3.2, 4.3, 4.8, 4.9, 4.8, 4.9, 1.9, 2.1, 2.6, 2.6
82, 4, 5.0, 5.6, 5.4, 5.1, 3.5, 6.6, 7.1, 7.0, 6.7, 7.1, 3.2, 4.0, 4.3, 4.4
82, 5, 5.3, 5.4, 5.1, 4.5, 2.8, 6.5, 6.7, 6.4, 6.1, 6.7, 2.7, 3.5, 3.5, 3.6
82, 6, 5.2, 5.1, 4.7, 4.1, 2.4, 6.2, 6.2, 5.9, 5.5, 6.4, 2.2, 2.9, 2.8, 3.0
82, 7, 6.0, 6.0, 5.6, 4.9, 2.8, 7.7, 7.8, 7.5, 7.0, 7.9, 3.5, 4.6, 4.4, 4.8
82, 8, 5.1, 5.4, 5.2, 4.7, 3.0, 6.5, 6.8, 6.6, 6.3, 6.8, 2.8, 3.7, 3.8, 3.9
82, 9, 3.8, 4.4, 4.4, 4.2, 3.0, 5.0, 5.4, 5.5, 5.3, 5.5, 2.3, 2.7, 3.1, 3.1
82,10, 2.8, 3.6, 3.8, 3.8, 3.1, 3.7, 4.3, 4.5, 4.5, 4.5, 2.2, 2.1, 2.7, 2.8
82,11, 1.5, 2.0, 2.2, 2.2, 1.9, 1.9, 2.3, 2.4, 2.4, 2.5, 1.1, 0.8, 1.3, 1.3
82,12, 1.1, 1.4, 1.5, 1.5, 1.3, 1.2, 1.5, 1.5, 1.6, 1.6, 0.6, 0.4, 0.6, 0.7
83, 1, 1.4, 2.0, 2.2, 2.3, 2.0, 1.7, 2.2, 2.3, 2.4, 2.5, 1.2, 0.8, 1.3, 1.4
83, 2, 2.2, 2.8, 3.0, 3.0, 2.6, 2.7, 3.2, 3.3, 3.4, 3.4, 1.5, 1.2, 1.7, 1.8
83, 3, 3.3, 3.9, 4.0, 3.9, 3.1, 4.2, 4.7, 4.7, 4.6, 4.7, 1.8, 2.0, 2.4, 2.4
83, 4, 4.2, 4.4, 4.3, 4.0, 2.7, 5.2, 5.4, 5.3, 5.1, 5.4, 2.0, 2.6, 2.7, 2.8
83, 5, 5.0, 5.1, 4.7, 4.2, 2.6, 6.1, 6.2, 6.0, 5.6, 6.3, 2.3, 3.0, 3.0, 3.2
83, 6, 6.4, 6.3, 5.7, 5.0, 2.8, 8.1, 8.1, 7.8, 7.3, 8.3, 3.7, 4.8, 4.6, 4.9
83, 7, 6.0, 6.0, 5.5, 4.8, 2.8, 7.6, 7.7, 7.4, 6.9, 7.8, 3.4, 4.5, 4.3, 4.6
83, 8, 5.2, 5.4, 5.2, 4.7, 3.0, 6.6, 6.9, 6.8, 6.4, 7.0, 3.0, 3.8, 3.9, 4.1
83, 9, 4.4, 5.3, 5.3, 5.1, 3.7, 6.0, 6.7, 6.7, 6.5, 6.7, 3.3, 3.8, 4.3, 4.3
83,10, 2.4, 3.0, 3.2, 3.2, 2.6, 3.1, 3.5, 3.7, 3.6, 3.7, 1.6, 1.5, 2.0, 2.0
83,11, 1.5, 2.0, 2.1, 2.1, 1.9, 1.8, 2.2, 2.3, 2.3, 2.3, 1.0, 0.7, 1.1, 1.2
83,12, 1.3, 1.8, 2.0, 2.1, 2.0, 1.6, 2.0, 2.2, 2.2, 2.3, 0.9, 0.6, 0.9, 1.0
84, 1, 1.7, 2.4, 2.7, 2.9, 2.8, 2.2, 2.8, 3.1, 3.2, 3.2, 1.5, 1.0, 1.6, 1.7
84, 2, 2.3, 3.0, 3.2, 3.3, 2.8, 3.0, 3.5, 3.7, 3.8, 3.8, 1.7, 1.5, 2.0, 2.1
84, 3, 3.5, 4.2, 4.3, 4.2, 3.3, 4.6, 5.1, 5.2, 5.2, 5.2, 2.3, 2.5, 3.0, 3.0
84, 4, 4.3, 4.7, 4.5, 4.2, 2.8, 5.3, 5.7, 5.6, 5.3, 5.7, 2.3, 2.8, 3.0, 3.1
84, 5, 4.9, 4.9, 4.6, 4.1, 2.5, 5.9, 6.0, 5.8, 5.4, 6.1, 2.2, 2.8, 2.8, 3.0
84, 6, 6.1, 6.0, 5.5, 4.8, 2.7, 7.8, 7.9, 7.5, 7.0, 8.1, 3.4, 4.5, 4.3, 4.7
84, 7, 6.0, 6.0, 5.5, 4.8, 2.8, 7.8, 7.9, 7.6, 7.1, 8.0, 3.4, 4.6, 4.4, 4.7
84, 8, 5.0, 5.3, 5.1, 4.6, 3.0, 6.4, 6.7, 6.6, 6.2, 6.7, 2.7, 3.5, 3.6, 3.7
84, 9, 3.7, 4.3, 4.3, 4.0, 2.9, 4.8, 5.3, 5.3, 5.1, 5.3, 2.2, 2.7, 3.0, 3.0
84,10, 2.5, 3.2, 3.4, 3.3, 2.7, 3.3, 3.8, 3.9, 3.9, 4.0, 1.8, 1.7, 2.2, 2.3
84,11, 1.7, 2.4, 2.6, 2.7, 2.4, 2.2, 2.7, 2.9, 3.0, 3.0, 1.5, 1.0, 1.6, 1.7
84,12, 1.1, 1.5, 1.6, 1.6, 1.5, 1.3, 1.6, 1.7, 1.7, 1.7, 0.7, 0.4, 0.7, 0.8
85, 1, 1.6, 2.3, 2.5, 2.7, 2.6, 2.1, 2.6, 2.8, 2.9, 3.0, 1.2, 0.8, 1.3, 1.4
85, 2, 2.3, 2.9, 3.1, 3.2, 2.9, 2.8, 3.3, 3.5, 3.5, 3.6, 1.3, 1.1, 1.5, 1.6
85, 3, 3.4, 4.2, 4.4, 4.3, 3.4, 4.6, 5.2, 5.3, 5.3, 5.4, 2.6, 2.8, 3.4, 3.5
85, 4, 4.5, 4.9, 4.8, 4.4, 2.9, 5.8, 6.2, 6.1, 5.8, 6.2, 2.6, 3.3, 3.5, 3.6
85, 5, 5.8, 5.9, 5.6, 4.9, 2.9, 7.4, 7.6, 7.4, 6.9, 7.7, 3.5, 4.5, 4.4, 4.7
85, 6, 6.2, 6.1, 5.6, 4.8, 2.7, 7.9, 7.9, 7.6, 7.1, 8.1, 3.7, 4.7, 4.5, 4.9
85, 7, 6.1, 6.1, 5.7, 5.0, 2.8, 7.9, 8.0, 7.7, 7.2, 8.1, 3.6, 4.8, 4.6, 4.9
85, 8, 4.7, 4.9, 4.7, 4.2, 2.7, 6.1, 6.3, 6.2, 5.9, 6.4, 2.5, 3.4, 3.5, 3.6
85, 9, 3.9, 4.5, 4.6, 4.3, 3.2, 5.2, 5.7, 5.7, 5.6, 5.8, 2.5, 3.0, 3.4, 3.4
85,10, 2.6, 3.3, 3.5, 3.5, 2.9, 3.4, 4.0, 4.1, 4.1, 4.2, 2.0, 1.8, 2.5, 2.5
85,11, 1.3, 1.4, 1.5, 1.4, 1.1, 1.3, 1.5, 1.5, 1.5, 1.5, 0.3, 0.2, 0.3, 0.3
85,12, 1.1, 1.5, 1.5, 1.6, 1.5, 1.3, 1.5, 1.6, 1.7, 1.7, 0.5, 0.3, 0.5, 0.6
86, 1, 1.7, 2.4, 2.7, 2.9, 2.7, 2.3, 2.8, 3.1, 3.2, 3.2, 1.5, 1.0, 1.6, 1.7
86, 2, 2.4, 3.0, 3.2, 3.3, 3.0, 3.0, 3.5, 3.6, 3.7, 3.7, 1.3, 1.1, 1.5, 1.5
86, 3, 3.6, 4.2, 4.3, 4.2, 3.3, 4.7, 5.2, 5.3, 5.2, 5.3, 2.2, 2.4, 2.9, 2.9
86, 4, 4.6, 5.1, 4.9, 4.6, 3.1, 6.1, 6.5, 6.4, 6.2, 6.5, 2.9, 3.8, 4.0, 4.1
86, 5, 5.4, 5.5, 5.2, 4.6, 2.8, 6.7, 6.9, 6.7, 6.2, 6.9, 3.0, 3.9, 3.9, 4.1
86, 6, 5.8, 5.6, 5.2, 4.5, 2.5, 7.2, 7.2, 6.9, 6.4, 7.4, 3.2, 4.1, 3.9, 4.3
86, 7, 5.8, 5.8, 5.4, 4.8, 2.8, 7.5, 7.6, 7.3, 6.8, 7.7, 3.3, 4.3, 4.2, 4.5
86, 8, 5.2, 5.6, 5.3, 4.8, 3.1, 6.9, 7.3, 7.1, 6.8, 7.3, 3.2, 4.2, 4.3, 4.4
86, 9, 3.6, 4.1, 4.0, 3.8, 2.7, 4.6, 4.9, 4.9, 4.7, 4.9, 1.9, 2.3, 2.6, 2.7
86,10, 2.6, 3.3, 3.5, 3.5, 2.8, 3.3, 3.9, 4.0, 4.0, 4.1, 1.9, 1.8, 2.3, 2.4
86,11, 1.7, 2.5, 2.7, 2.8, 2.5, 2.3, 2.9, 3.0, 3.1, 3.2, 1.6, 1.2, 1.8, 1.9
86,12, 1.2, 1.6, 1.7, 1.8, 1.6, 1.4, 1.7, 1.8, 1.9, 1.9, 0.7, 0.5, 0.8, 0.8
87, 1, 1.7, 2.4, 2.7, 2.8, 2.7, 2.2, 2.8, 3.0, 3.2, 3.2, 1.5, 1.0, 1.6, 1.7
87, 2, 2.5, 3.6, 3.9, 4.0, 3.5, 3.5, 4.3, 4.6, 4.7, 4.7, 2.4, 2.0, 2.8, 2.9
87, 3, 3.8, 4.8, 5.0, 4.9, 3.9, 5.3, 6.1, 6.3, 6.2, 6.3, 3.2, 3.5, 4.2, 4.3
87, 4, 4.7, 5.1, 4.9, 4.5, 3.0, 6.1, 6.4, 6.4, 6.1, 6.5, 2.8, 3.6, 3.9, 3.9
87, 5, 5.9, 6.0, 5.7, 5.0, 3.0, 7.6, 7.8, 7.6, 7.1, 7.9, 3.6, 4.7, 4.7, 5.0
87, 6, 6.3, 6.2, 5.7, 4.9, 2.7, 8.1, 8.1, 7.8, 7.3, 8.3, 3.8, 5.0, 4.7, 5.2
87, 7, 6.1, 6.1, 5.7, 5.0, 2.8, 8.0, 8.1, 7.8, 7.3, 8.3, 3.6, 4.8, 4.6, 5.0
87, 8, 4.9, 5.2, 5.0, 4.5, 2.9, 6.3, 6.6, 6.4, 6.1, 6.6, 2.7, 3.5, 3.7, 3.8
87, 9, 4.2, 4.9, 4.9, 4.7, 3.4, 5.5, 6.1, 6.2, 6.0, 6.2, 2.9, 3.4, 3.9, 3.9
87,10, 2.7, 3.5, 3.8, 3.8, 3.1, 3.7, 4.3, 4.5, 4.5, 4.5, 2.3, 2.2, 2.8, 2.9
87,11, 1.6, 2.2, 2.4, 2.5, 2.2, 2.0, 2.5, 2.7, 2.7, 2.8, 1.3, 1.0, 1.5, 1.6
87,12, 1.2, 1.5, 1.6, 1.6, 1.5, 1.4, 1.6, 1.7, 1.7, 1.8, 0.5, 0.3, 0.6, 0.6
88, 1, 1.5, 2.3, 2.6, 2.7, 2.6, 2.1, 2.7, 2.9, 3.0, 3.1, 1.5, 1.0, 1.7, 1.8
88, 2, 2.5, 3.3, 3.5, 3.6, 3.3, 3.3, 3.9, 4.1, 4.2, 4.2, 1.8, 1.5, 2.1, 2.2
88, 3, 3.4, 4.2, 4.3, 4.2, 3.3, 4.5, 5.1, 5.2, 5.1, 5.2, 2.3, 2.5, 3.0, 3.0
88, 4, 4.7, 5.1, 5.0, 4.6, 3.1, 6.1, 6.5, 6.4, 6.1, 6.5, 2.8, 3.5, 3.8, 3.8
88, 5, 6.3, 6.4, 6.0, 5.3, 3.1, 8.4, 8.6, 8.3, 7.8, 8.7, 4.1, 5.4, 5.4, 5.7
88, 6, 6.9, 6.8, 6.2, 5.4, 2.9, 9.2, 9.3, 8.9, 8.3, 9.5, 4.6, 6.0, 5.7, 6.2
88, 7, 6.1, 6.1, 5.6, 4.9, 2.8, 8.0, 8.1, 7.8, 7.3, 8.3, 3.8, 5.0, 4.8, 5.1
88, 8, 5.5, 6.0, 5.7, 5.2, 3.3, 7.3, 7.7, 7.6, 7.2, 7.8, 3.7, 4.7, 4.9, 5.0
88, 9, 4.0, 4.7, 4.8, 4.5, 3.3, 5.3, 5.9, 5.9, 5.8, 6.0, 2.7, 3.2, 3.6, 3.7
88,10, 2.5, 3.1, 3.3, 3.2, 2.6, 3.3, 3.8, 3.9, 3.8, 3.9, 1.7, 1.7, 2.2, 2.2
88,11, 1.4, 1.8, 1.9, 1.9, 1.6, 1.6, 1.9, 2.0, 2.0, 2.1, 0.8, 0.6, 0.9, 1.0
88,12, 1.4, 2.1, 2.4, 2.5, 2.4, 1.9, 2.5, 2.7, 2.8, 2.8, 1.6, 1.0, 1.7, 1.8
89, 1, 1.6, 2.5, 2.8, 3.0, 2.8, 2.3, 2.9, 3.2, 3.3, 3.3, 1.8, 1.2, 2.0, 2.1
89, 2, 2.4, 3.3, 3.6, 3.7, 3.3, 3.4, 4.1, 4.3, 4.4, 4.4, 2.0, 1.8, 2.4, 2.5
89, 3, 3.5, 4.3, 4.4, 4.3, 3.5, 4.6, 5.2, 5.3, 5.3, 5.3, 2.5, 2.6, 3.2, 3.2
89, 4, 4.4, 4.8, 4.6, 4.3, 2.9, 5.6, 5.9, 5.8, 5.6, 5.9, 2.3, 3.0, 3.2, 3.3
89, 5, 5.3, 5.3, 5.0, 4.4, 2.7, 6.7, 6.8, 6.6, 6.2, 6.9, 2.9, 3.8, 3.8, 4.0
89, 6, 5.6, 5.4, 5.0, 4.3, 2.5, 6.9, 6.9, 6.6, 6.1, 7.0, 2.9, 3.8, 3.6, 3.9
89, 7, 6.1, 6.1, 5.6, 4.9, 2.8, 8.1, 8.2, 7.9, 7.4, 8.4, 3.8, 5.2, 5.0, 5.3
89, 8, 5.4, 5.8, 5.5, 5.0, 3.2, 7.3, 7.7, 7.5, 7.2, 7.7, 3.6, 4.8, 4.9, 5.1
89, 9, 4.2, 5.1, 5.2, 5.0, 3.7, 5.8, 6.5, 6.6, 6.4, 6.6, 3.3, 3.8, 4.4, 4.4
89,10, 2.9, 3.8, 4.0, 4.1, 3.3, 3.9, 4.6, 4.8, 4.8, 4.8, 2.5, 2.3, 3.0, 3.1
89,11, 1.6, 2.2, 2.4, 2.5, 2.2, 2.1, 2.5, 2.7, 2.8, 2.8, 1.3, 0.9, 1.5, 1.5
89,12, 1.5, 2.3, 2.6, 2.8, 2.7, 2.0, 2.7, 2.9, 3.1, 3.1, 1.6, 1.0, 1.7, 1.9
90, 1, 1.5, 2.3, 2.5, 2.7, 2.5, 2.1, 2.7, 2.9, 3.0, 3.0, 1.6, 1.1, 1.7, 1.8
90, 2, 2.5, 3.5, 3.8, 3.9, 3.6, 3.6, 4.3, 4.5, 4.6, 4.6, 2.2, 2.0, 2.7, 2.7
90, 3, 3.5, 4.3, 4.4, 4.4, 3.5, 4.6, 5.3, 5.4, 5.3, 5.4, 2.4, 2.5, 3.1, 3.1
90, 4, 4.6, 4.9, 4.8, 4.4, 3.0, 6.0, 6.3, 6.3, 6.0, 6.4, 2.7, 3.5, 3.8, 3.8
90, 5, 5.3, 5.4, 5.0, 4.5, 2.7, 6.8, 6.9, 6.7, 6.3, 7.0, 2.9, 3.9, 3.8, 4.0
90, 6, 5.6, 5.5, 5.1, 4.4, 2.5, 7.0, 7.0, 6.7, 6.3, 7.2, 3.1, 4.0, 3.8, 4.1
90, 7, 5.7, 5.7, 5.3, 4.6, 2.7, 7.3, 7.4, 7.1, 6.6, 7.5, 3.1, 4.1, 4.0, 4.3
90, 8, 5.0, 5.2, 5.0, 4.5, 2.9, 6.5, 6.7, 6.6, 6.3, 6.8, 2.8, 3.7, 3.8, 4.0
90, 9, 4.0, 4.7, 4.7, 4.5, 3.3, 5.3, 5.8, 5.8, 5.7, 5.9, 2.6, 3.1, 3.5, 3.5
90,10, 2.7, 3.6, 3.8, 3.8, 3.2, 3.8, 4.4, 4.6, 4.6, 4.7, 2.3, 2.2, 2.9, 3.0
90,11, 1.8, 2.5, 2.8, 2.9, 2.6, 2.4, 3.0, 3.2, 3.3, 3.3, 1.7, 1.3, 2.0, 2.1
90,12, 1.4, 2.2, 2.5, 2.7, 2.5, 2.0, 2.6, 2.8, 3.0, 3.0, 1.6, 1.0, 1.7, 1.9
