"City:    ","HONOLULU              "
"State:   ","HI"
"WBAN No: ", 22521
"Lat(N):  ", 21.33
"Long(W): ",157.92
"Elev(m): ",     5
"Pres(mb):",  1016
"Stn Type:","Primary"
"MONTHLY SOLAR RADIATION (kWh/m2/day)"
"COLUMN A: Year"
"COLUMN B: Month"
"COLUMN C: Flat-Plate Collector Facing South at Fixed Tilt=0"
"COLUMN D: Flat-Plate Collector Facing South at Fixed Tilt=Lat-15"
"COLUMN E: Flat-Plate Collector Facing South at Fixed Tilt=Lat"
"COLUMN F: Flat-Plate Collector Facing South at Fixed Tilt=Lat+15"
"COLUMN G: Flat-Plate Collector Facing South at Fixed Tilt=90"
"COLUMN H: 1-Axis Tracking Flat-Plate Collector with North-South Axis, Axis Tilt=0"
"COLUMN I: 1-Axis Tracking Flat-Plate Collector with North-South Axis, Axis Tilt=Lat-15"
"COLUMN J: 1-Axis Tracking Flat-Plate Collector with North-South Axis, Axis Tilt=Lat"
"COLUMN K: 1-Axis Tracking Flat-Plate Collector with North-South Axis, Axis Tilt=Lat+15"
"COLUMN L: 2-Axis Tracking Flat-Plate Collector"
"COLUMN M: 1-Axis Tracking Concentrating Collector with East-West Horizontal Axis"
"COLUMN N: 1-Axis Tracking Concentrating Collector with North-South Horizontal Axis"
"COLUMN O: 1-Axis Tracking Concentrating Collector with North-South Axis, Axis Tilt=Lat"
"COLUMN P: 2-Axis Tracking Concentrating Collector"
"COL A","COL B","COL C","COL D","COL E","COL F","COL G","COL H","COL I","COL J","COL K","COL L","COL M","COL N","COL O","COL P"
61, 1, 4.3, 4.8, 5.6, 6.1, 4.9, 6.2, 6.5, 7.1, 7.5, 7.6, 4.7, 4.7, 5.4, 5.8
61, 2, 4.5, 4.8, 5.2, 5.4, 3.8, 6.0, 6.2, 6.6, 6.7, 6.7, 3.4, 3.9, 4.3, 4.4
61, 3, 5.9, 6.1, 6.4, 6.3, 3.4, 8.1, 8.3, 8.5, 8.5, 8.5, 4.5, 5.9, 6.2, 6.3
61, 4, 5.7, 5.8, 5.7, 5.3, 2.1, 7.3, 7.3, 7.3, 7.0, 7.4, 3.3, 4.5, 4.5, 4.6
61, 5, 6.3, 6.3, 5.9, 5.3, 1.5, 8.2, 8.2, 7.9, 7.4, 8.3, 4.1, 5.5, 5.2, 5.5
61, 6, 6.3, 6.2, 5.7, 5.0, 1.5, 8.1, 8.0, 7.7, 7.1, 8.2, 4.1, 5.2, 4.9, 5.3
61, 7, 6.4, 6.3, 5.9, 5.1, 1.4, 8.5, 8.5, 8.1, 7.6, 8.6, 4.4, 5.8, 5.5, 5.9
61, 8, 6.4, 6.4, 6.2, 5.6, 1.8, 8.6, 8.7, 8.5, 8.1, 8.7, 4.4, 6.1, 5.9, 6.1
61, 9, 5.8, 6.0, 6.1, 5.8, 2.7, 7.9, 8.0, 8.1, 7.9, 8.1, 4.0, 5.4, 5.5, 5.5
61,10, 4.7, 4.9, 5.3, 5.3, 3.4, 6.2, 6.4, 6.7, 6.7, 6.7, 3.2, 3.9, 4.2, 4.3
61,11, 4.2, 4.6, 5.2, 5.5, 4.2, 5.7, 5.9, 6.4, 6.6, 6.7, 3.7, 3.7, 4.3, 4.5
61,12, 3.8, 4.2, 4.9, 5.4, 4.5, 5.3, 5.6, 6.1, 6.5, 6.6, 3.8, 3.6, 4.2, 4.6
62, 1, 3.6, 3.9, 4.4, 4.7, 3.7, 4.8, 5.0, 5.4, 5.6, 5.7, 2.9, 2.9, 3.4, 3.6
62, 2, 4.7, 5.0, 5.6, 5.8, 4.1, 6.4, 6.7, 7.1, 7.3, 7.3, 4.0, 4.5, 5.0, 5.2
62, 3, 5.0, 5.2, 5.3, 5.2, 2.9, 6.5, 6.6, 6.8, 6.7, 6.8, 3.0, 4.0, 4.2, 4.2
62, 4, 6.1, 6.1, 6.0, 5.7, 2.2, 8.0, 8.0, 8.0, 7.7, 8.1, 3.9, 5.3, 5.3, 5.4
62, 5, 5.8, 5.7, 5.4, 4.8, 1.5, 7.4, 7.3, 7.1, 6.7, 7.4, 3.3, 4.5, 4.3, 4.5
62, 6, 6.5, 6.4, 5.8, 5.0, 1.5, 8.5, 8.4, 8.0, 7.5, 8.6, 4.3, 5.7, 5.3, 5.8
62, 7, 6.7, 6.5, 6.1, 5.3, 1.4, 8.9, 8.8, 8.5, 7.9, 9.0, 4.7, 6.2, 5.9, 6.3
62, 8, 6.6, 6.6, 6.3, 5.8, 1.8, 8.9, 8.9, 8.7, 8.3, 8.9, 4.6, 6.3, 6.1, 6.3
62, 9, 5.7, 5.8, 6.0, 5.8, 2.7, 7.7, 7.8, 7.9, 7.7, 7.9, 3.8, 5.2, 5.3, 5.3
62,10, 5.2, 5.5, 5.9, 6.1, 3.8, 7.1, 7.3, 7.7, 7.7, 7.8, 4.1, 5.0, 5.4, 5.5
62,11, 4.5, 4.8, 5.5, 5.9, 4.5, 6.2, 6.5, 7.0, 7.3, 7.3, 4.1, 4.3, 4.9, 5.2
62,12, 3.6, 3.9, 4.5, 4.9, 4.0, 4.8, 5.1, 5.5, 5.8, 5.9, 3.2, 3.1, 3.6, 4.0
63, 1, 3.7, 4.0, 4.6, 4.9, 3.8, 4.9, 5.1, 5.5, 5.8, 5.8, 3.2, 3.1, 3.6, 3.9
63, 2, 4.8, 5.1, 5.7, 5.9, 4.2, 6.7, 7.0, 7.4, 7.6, 7.6, 4.1, 4.8, 5.3, 5.5
63, 3, 5.0, 5.1, 5.3, 5.3, 3.0, 6.5, 6.6, 6.8, 6.7, 6.8, 3.1, 4.0, 4.3, 4.3
63, 4, 5.0, 5.1, 4.9, 4.6, 1.9, 6.2, 6.2, 6.1, 5.9, 6.2, 2.5, 3.3, 3.3, 3.4
63, 5, 6.0, 5.9, 5.6, 5.0, 1.5, 7.7, 7.6, 7.4, 6.9, 7.7, 3.6, 4.8, 4.6, 4.8
63, 6, 6.6, 6.5, 5.9, 5.1, 1.4, 8.8, 8.7, 8.3, 7.7, 8.9, 4.7, 6.2, 5.8, 6.3
63, 7, 6.7, 6.6, 6.1, 5.3, 1.4, 8.9, 8.8, 8.5, 7.9, 9.0, 4.9, 6.4, 6.1, 6.5
63, 8, 6.5, 6.5, 6.2, 5.7, 1.8, 8.7, 8.7, 8.6, 8.1, 8.8, 4.5, 6.1, 6.0, 6.2
63, 9, 5.9, 6.0, 6.2, 5.9, 2.8, 8.1, 8.2, 8.3, 8.1, 8.3, 4.1, 5.7, 5.8, 5.8
63,10, 5.3, 5.6, 6.1, 6.2, 4.0, 7.3, 7.5, 7.9, 8.0, 8.0, 4.4, 5.3, 5.7, 5.8
63,11, 4.4, 4.8, 5.5, 5.9, 4.5, 6.1, 6.4, 6.9, 7.2, 7.2, 4.1, 4.3, 4.9, 5.2
63,12, 3.7, 4.1, 4.8, 5.2, 4.3, 5.1, 5.3, 5.9, 6.2, 6.3, 3.7, 3.5, 4.1, 4.5
64, 1, 4.0, 4.3, 4.9, 5.3, 4.2, 5.4, 5.6, 6.1, 6.4, 6.5, 3.5, 3.5, 4.1, 4.3
64, 2, 5.1, 5.4, 6.0, 6.3, 4.4, 7.1, 7.4, 7.8, 8.0, 8.0, 4.5, 5.1, 5.7, 5.8
64, 3, 5.0, 5.2, 5.4, 5.3, 3.0, 6.5, 6.6, 6.8, 6.7, 6.8, 3.0, 3.9, 4.1, 4.1
64, 4, 5.5, 5.6, 5.5, 5.1, 2.1, 6.9, 6.9, 6.9, 6.6, 6.9, 3.0, 4.0, 4.0, 4.0
64, 5, 6.4, 6.4, 6.0, 5.3, 1.6, 8.4, 8.4, 8.1, 7.6, 8.4, 4.2, 5.5, 5.3, 5.6
64, 6, 6.6, 6.4, 5.9, 5.1, 1.5, 8.5, 8.4, 8.1, 7.5, 8.6, 4.4, 5.7, 5.3, 5.8
64, 7, 6.4, 6.3, 5.9, 5.1, 1.4, 8.4, 8.3, 8.0, 7.4, 8.4, 4.4, 5.7, 5.4, 5.8
64, 8, 6.6, 6.6, 6.4, 5.8, 1.8, 8.9, 8.9, 8.8, 8.4, 9.0, 4.6, 6.3, 6.2, 6.4
64, 9, 5.8, 6.0, 6.1, 5.9, 2.8, 7.8, 7.9, 8.0, 7.9, 8.1, 3.9, 5.3, 5.4, 5.4
64,10, 5.0, 5.3, 5.7, 5.8, 3.7, 6.6, 6.8, 7.1, 7.2, 7.2, 3.7, 4.3, 4.7, 4.8
64,11, 4.0, 4.3, 4.9, 5.2, 4.0, 5.3, 5.5, 5.9, 6.2, 6.2, 3.3, 3.3, 3.9, 4.1
64,12, 3.4, 3.7, 4.3, 4.6, 3.7, 4.5, 4.7, 5.1, 5.4, 5.5, 2.8, 2.6, 3.1, 3.4
65, 1, 3.5, 3.8, 4.3, 4.5, 3.5, 4.6, 4.8, 5.1, 5.3, 5.4, 2.5, 2.6, 3.0, 3.2
65, 2, 4.9, 5.2, 5.8, 6.0, 4.2, 6.6, 6.8, 7.3, 7.4, 7.4, 4.0, 4.4, 4.9, 5.1
65, 3, 6.0, 6.2, 6.6, 6.5, 3.6, 8.3, 8.5, 8.7, 8.7, 8.8, 4.7, 6.1, 6.4, 6.5
65, 4, 5.7, 5.8, 5.7, 5.3, 2.2, 7.3, 7.3, 7.3, 7.0, 7.3, 3.2, 4.2, 4.2, 4.3
65, 5, 5.6, 5.6, 5.2, 4.7, 1.6, 6.9, 6.9, 6.7, 6.3, 7.0, 3.0, 3.9, 3.7, 3.9
65, 6, 6.7, 6.6, 6.1, 5.3, 1.5, 8.8, 8.7, 8.3, 7.7, 8.9, 4.6, 5.9, 5.5, 6.0
65, 7, 6.5, 6.4, 5.9, 5.2, 1.5, 8.4, 8.4, 8.0, 7.5, 8.5, 4.3, 5.6, 5.3, 5.6
65, 8, 6.7, 6.7, 6.5, 5.9, 1.9, 9.2, 9.3, 9.1, 8.7, 9.3, 4.8, 6.6, 6.5, 6.7
65, 9, 6.0, 6.1, 6.3, 6.1, 2.9, 8.1, 8.2, 8.3, 8.1, 8.3, 4.2, 5.6, 5.8, 5.8
65,10, 5.0, 5.2, 5.7, 5.8, 3.7, 6.7, 6.9, 7.2, 7.3, 7.3, 3.6, 4.4, 4.8, 4.9
65,11, 3.9, 4.2, 4.7, 4.9, 3.7, 4.9, 5.1, 5.5, 5.7, 5.8, 2.9, 2.8, 3.3, 3.5
65,12, 3.3, 3.6, 4.1, 4.4, 3.5, 4.3, 4.5, 4.8, 5.1, 5.1, 2.5, 2.3, 2.8, 3.0
66, 1, 4.3, 4.8, 5.6, 6.1, 4.9, 6.1, 6.4, 7.0, 7.4, 7.5, 4.5, 4.4, 5.2, 5.6
66, 2, 4.0, 4.2, 4.6, 4.7, 3.3, 5.0, 5.2, 5.5, 5.6, 5.6, 2.5, 2.7, 3.1, 3.2
66, 3, 5.6, 5.8, 6.1, 6.0, 3.3, 7.7, 7.8, 8.0, 7.9, 8.0, 4.0, 5.2, 5.5, 5.5
66, 4, 6.1, 6.2, 6.1, 5.7, 2.2, 8.2, 8.3, 8.2, 7.9, 8.3, 3.9, 5.4, 5.4, 5.5
66, 5, 6.6, 6.5, 6.1, 5.4, 1.5, 8.8, 8.7, 8.4, 7.9, 8.8, 4.4, 6.0, 5.7, 6.0
66, 6, 6.7, 6.6, 6.0, 5.2, 1.4, 8.8, 8.7, 8.4, 7.8, 8.9, 4.7, 6.1, 5.7, 6.2
66, 7, 6.5, 6.4, 6.0, 5.3, 1.5, 8.4, 8.3, 8.0, 7.4, 8.4, 4.2, 5.4, 5.1, 5.5
66, 8, 6.5, 6.5, 6.3, 5.7, 1.8, 8.7, 8.7, 8.6, 8.2, 8.8, 4.5, 6.1, 5.9, 6.1
66, 9, 6.0, 6.2, 6.3, 6.1, 2.9, 8.2, 8.3, 8.4, 8.2, 8.4, 4.2, 5.7, 5.8, 5.9
66,10, 4.8, 5.1, 5.4, 5.5, 3.5, 6.3, 6.4, 6.7, 6.8, 6.8, 3.4, 4.0, 4.3, 4.4
66,11, 4.1, 4.4, 5.0, 5.3, 4.0, 5.3, 5.5, 6.0, 6.2, 6.3, 3.3, 3.3, 3.8, 4.0
66,12, 3.7, 4.1, 4.7, 5.1, 4.2, 5.0, 5.2, 5.7, 6.1, 6.2, 3.4, 3.2, 3.8, 4.1
67, 1, 3.9, 4.2, 4.9, 5.2, 4.2, 5.3, 5.5, 6.0, 6.2, 6.3, 3.4, 3.3, 3.9, 4.2
67, 2, 4.4, 4.7, 5.1, 5.3, 3.7, 5.8, 6.0, 6.3, 6.5, 6.5, 3.1, 3.5, 3.9, 4.0
67, 3, 4.7, 4.8, 4.9, 4.8, 2.7, 5.7, 5.8, 5.9, 5.9, 6.0, 2.4, 3.0, 3.2, 3.2
67, 4, 6.2, 6.2, 6.1, 5.7, 2.1, 8.3, 8.4, 8.3, 7.9, 8.4, 4.0, 5.6, 5.5, 5.6
67, 5, 6.2, 6.2, 5.8, 5.1, 1.5, 8.1, 8.1, 7.8, 7.4, 8.2, 3.9, 5.2, 5.0, 5.3
67, 6, 6.8, 6.7, 6.1, 5.2, 1.4, 9.2, 9.1, 8.7, 8.1, 9.4, 5.2, 6.8, 6.4, 6.9
67, 7, 6.6, 6.5, 6.1, 5.3, 1.4, 8.8, 8.7, 8.4, 7.8, 8.9, 4.6, 6.1, 5.7, 6.1
67, 8, 6.1, 6.1, 5.9, 5.4, 1.9, 7.9, 7.9, 7.8, 7.4, 7.9, 3.7, 5.0, 4.9, 5.1
67, 9, 6.0, 6.2, 6.3, 6.1, 2.9, 8.2, 8.3, 8.4, 8.2, 8.4, 4.2, 5.6, 5.8, 5.8
67,10, 5.0, 5.2, 5.6, 5.7, 3.7, 6.8, 7.0, 7.3, 7.4, 7.4, 3.6, 4.5, 4.9, 4.9
67,11, 4.1, 4.3, 4.9, 5.1, 3.9, 5.3, 5.5, 5.9, 6.1, 6.2, 3.1, 3.2, 3.7, 3.8
67,12, 3.5, 3.8, 4.4, 4.7, 3.8, 4.5, 4.8, 5.2, 5.5, 5.5, 2.8, 2.6, 3.1, 3.4
68, 1, 3.9, 4.2, 4.8, 5.1, 4.1, 5.1, 5.4, 5.8, 6.1, 6.2, 3.3, 3.2, 3.8, 4.0
68, 2, 4.9, 5.2, 5.8, 6.1, 4.2, 6.8, 7.0, 7.4, 7.6, 7.6, 4.2, 4.8, 5.3, 5.4
68, 3, 4.8, 5.0, 5.1, 5.0, 2.8, 5.9, 6.0, 6.1, 6.0, 6.1, 2.5, 3.1, 3.3, 3.3
68, 4, 5.8, 5.9, 5.8, 5.4, 2.2, 7.5, 7.6, 7.5, 7.3, 7.6, 3.4, 4.6, 4.6, 4.7
68, 5, 6.4, 6.4, 6.0, 5.3, 1.5, 8.4, 8.4, 8.1, 7.6, 8.5, 4.2, 5.7, 5.4, 5.7
68, 6, 6.7, 6.6, 6.1, 5.2, 1.5, 8.8, 8.8, 8.4, 7.8, 8.9, 4.6, 6.0, 5.6, 6.1
68, 7, 6.5, 6.4, 6.0, 5.2, 1.5, 8.5, 8.4, 8.1, 7.6, 8.6, 4.4, 5.7, 5.4, 5.8
68, 8, 6.5, 6.5, 6.3, 5.7, 1.8, 8.7, 8.7, 8.6, 8.1, 8.8, 4.5, 6.1, 6.0, 6.2
68, 9, 6.1, 6.2, 6.4, 6.2, 2.9, 8.4, 8.5, 8.6, 8.4, 8.6, 4.4, 6.0, 6.1, 6.2
68,10, 5.2, 5.4, 5.9, 6.1, 3.9, 7.1, 7.3, 7.7, 7.8, 7.8, 4.1, 5.0, 5.4, 5.5
68,11, 4.4, 4.7, 5.4, 5.8, 4.4, 6.1, 6.3, 6.8, 7.1, 7.2, 4.1, 4.3, 4.9, 5.1
68,12, 3.6, 3.9, 4.5, 4.9, 4.0, 4.8, 5.0, 5.5, 5.8, 5.9, 3.2, 3.0, 3.6, 3.9
69, 1, 3.8, 4.1, 4.7, 5.1, 4.0, 5.1, 5.4, 5.8, 6.1, 6.1, 3.2, 3.2, 3.7, 4.0
69, 2, 4.1, 4.3, 4.7, 4.8, 3.3, 5.2, 5.3, 5.6, 5.7, 5.7, 2.5, 2.8, 3.2, 3.2
69, 3, 5.7, 5.9, 6.2, 6.1, 3.4, 7.7, 7.9, 8.1, 8.0, 8.1, 4.1, 5.4, 5.7, 5.7
69, 4, 6.1, 6.2, 6.1, 5.7, 2.2, 7.9, 7.9, 7.9, 7.6, 7.9, 3.8, 5.0, 5.0, 5.1
69, 5, 6.8, 6.7, 6.3, 5.6, 1.5, 9.0, 9.0, 8.7, 8.1, 9.1, 4.9, 6.5, 6.2, 6.5
69, 6, 6.8, 6.7, 6.1, 5.3, 1.4, 9.0, 8.9, 8.5, 7.9, 9.1, 4.9, 6.4, 6.0, 6.5
69, 7, 6.5, 6.3, 5.9, 5.2, 1.5, 8.5, 8.4, 8.1, 7.6, 8.6, 4.3, 5.7, 5.3, 5.7
69, 8, 6.7, 6.7, 6.4, 5.9, 1.9, 8.9, 8.9, 8.8, 8.4, 9.0, 4.7, 6.3, 6.1, 6.3
69, 9, 5.6, 5.7, 5.8, 5.6, 2.7, 7.4, 7.5, 7.6, 7.4, 7.6, 3.4, 4.6, 4.8, 4.8
69,10, 5.4, 5.7, 6.2, 6.4, 4.1, 7.6, 7.8, 8.2, 8.3, 8.3, 4.5, 5.5, 5.9, 6.0
69,11, 4.3, 4.7, 5.4, 5.7, 4.4, 6.0, 6.3, 6.8, 7.0, 7.1, 3.9, 4.1, 4.7, 4.9
69,12, 4.0, 4.4, 5.1, 5.6, 4.7, 5.6, 5.8, 6.4, 6.8, 6.9, 4.1, 3.8, 4.6, 4.9
70, 1, 4.0, 4.3, 5.0, 5.3, 4.3, 5.4, 5.6, 6.1, 6.4, 6.5, 3.6, 3.5, 4.1, 4.4
70, 2, 5.0, 5.3, 5.9, 6.2, 4.4, 7.0, 7.3, 7.7, 7.9, 7.9, 4.4, 5.0, 5.6, 5.8
70, 3, 6.1, 6.3, 6.7, 6.6, 3.6, 8.4, 8.6, 8.9, 8.8, 8.9, 4.8, 6.2, 6.5, 6.6
70, 4, 6.5, 6.6, 6.5, 6.1, 2.2, 8.9, 9.0, 8.9, 8.6, 9.0, 4.7, 6.4, 6.4, 6.5
70, 5, 6.5, 6.4, 6.0, 5.3, 1.5, 8.6, 8.5, 8.2, 7.7, 8.6, 4.4, 5.9, 5.6, 5.9
70, 6, 6.6, 6.5, 5.9, 5.1, 1.5, 8.7, 8.6, 8.2, 7.7, 8.8, 4.5, 5.8, 5.4, 5.9
70, 7, 6.9, 6.8, 6.2, 5.4, 1.4, 9.2, 9.2, 8.8, 8.2, 9.3, 5.2, 6.8, 6.4, 6.9
70, 8, 6.6, 6.6, 6.3, 5.8, 1.9, 8.9, 8.9, 8.8, 8.3, 9.0, 4.6, 6.2, 6.1, 6.3
70, 9, 6.2, 6.3, 6.5, 6.3, 2.9, 8.5, 8.7, 8.8, 8.6, 8.8, 4.4, 6.1, 6.2, 6.2
70,10, 4.8, 5.0, 5.4, 5.5, 3.5, 6.4, 6.6, 6.8, 6.9, 6.9, 3.3, 4.0, 4.3, 4.4
70,11, 4.1, 4.4, 4.9, 5.2, 3.9, 5.4, 5.6, 6.0, 6.2, 6.3, 3.2, 3.3, 3.8, 4.0
70,12, 3.9, 4.3, 5.1, 5.6, 4.6, 5.5, 5.8, 6.3, 6.7, 6.8, 3.9, 3.7, 4.3, 4.7
71, 1, 3.4, 3.7, 4.1, 4.4, 3.4, 4.4, 4.6, 4.9, 5.1, 5.1, 2.4, 2.3, 2.7, 2.9
71, 2, 5.1, 5.5, 6.1, 6.4, 4.5, 7.2, 7.5, 8.0, 8.2, 8.2, 4.7, 5.3, 5.9, 6.1
71, 3, 5.1, 5.2, 5.4, 5.4, 3.1, 6.4, 6.6, 6.8, 6.7, 6.8, 2.9, 3.7, 3.9, 3.9
71, 4, 5.5, 5.6, 5.5, 5.1, 2.1, 7.0, 7.0, 7.0, 6.7, 7.1, 2.9, 4.0, 4.0, 4.0
71, 5, 6.8, 6.8, 6.3, 5.6, 1.5, 9.4, 9.3, 9.0, 8.5, 9.4, 5.1, 6.9, 6.6, 7.0
71, 6, 6.7, 6.5, 6.0, 5.2, 1.4, 8.7, 8.6, 8.3, 7.7, 8.8, 4.7, 6.0, 5.6, 6.1
71, 7, 6.9, 6.8, 6.3, 5.4, 1.4, 9.2, 9.1, 8.8, 8.2, 9.3, 4.9, 6.5, 6.1, 6.6
71, 8, 6.7, 6.7, 6.4, 5.9, 1.9, 9.1, 9.1, 8.9, 8.5, 9.1, 4.8, 6.5, 6.4, 6.6
71, 9, 5.7, 5.8, 5.9, 5.7, 2.7, 7.5, 7.6, 7.7, 7.5, 7.7, 3.7, 4.8, 5.0, 5.0
71,10, 5.2, 5.4, 5.9, 6.0, 3.8, 7.1, 7.3, 7.6, 7.7, 7.7, 4.0, 4.8, 5.3, 5.3
71,11, 4.2, 4.6, 5.2, 5.5, 4.2, 5.8, 6.1, 6.5, 6.8, 6.8, 3.5, 3.7, 4.3, 4.5
71,12, 3.8, 4.1, 4.8, 5.2, 4.3, 5.1, 5.3, 5.8, 6.2, 6.3, 3.4, 3.2, 3.8, 4.1
72, 1, 4.0, 4.3, 4.9, 5.3, 4.2, 5.2, 5.5, 6.0, 6.2, 6.3, 3.3, 3.2, 3.8, 4.1
72, 2, 4.6, 4.9, 5.4, 5.6, 3.9, 6.2, 6.4, 6.8, 6.9, 7.0, 3.5, 4.0, 4.5, 4.6
72, 3, 5.3, 5.4, 5.7, 5.6, 3.1, 7.1, 7.3, 7.4, 7.3, 7.4, 3.4, 4.5, 4.7, 4.8
72, 4, 5.6, 5.6, 5.5, 5.1, 2.1, 7.0, 7.0, 6.9, 6.6, 7.0, 3.0, 4.0, 4.0, 4.1
72, 5, 6.6, 6.6, 6.2, 5.5, 1.6, 8.8, 8.8, 8.5, 8.0, 8.9, 4.5, 6.0, 5.7, 6.0
72, 6, 6.4, 6.3, 5.8, 5.0, 1.5, 8.1, 8.0, 7.7, 7.1, 8.2, 3.9, 5.0, 4.7, 5.1
72, 7, 6.3, 6.2, 5.8, 5.1, 1.5, 8.1, 8.0, 7.7, 7.2, 8.1, 3.9, 5.1, 4.8, 5.2
72, 8, 6.5, 6.5, 6.2, 5.7, 1.8, 8.7, 8.7, 8.5, 8.1, 8.7, 4.4, 6.0, 5.9, 6.1
72, 9, 6.2, 6.3, 6.5, 6.3, 2.9, 8.3, 8.5, 8.6, 8.4, 8.6, 4.4, 5.9, 6.1, 6.1
72,10, 5.1, 5.3, 5.8, 5.9, 3.8, 6.9, 7.1, 7.4, 7.5, 7.5, 3.8, 4.7, 5.1, 5.1
72,11, 4.3, 4.7, 5.4, 5.8, 4.4, 6.0, 6.2, 6.7, 7.0, 7.1, 3.9, 4.0, 4.6, 4.9
72,12, 3.8, 4.2, 4.9, 5.4, 4.4, 5.3, 5.5, 6.1, 6.4, 6.5, 3.6, 3.4, 4.1, 4.4
73, 1, 4.2, 4.6, 5.3, 5.8, 4.6, 5.8, 6.1, 6.7, 7.0, 7.1, 4.1, 4.0, 4.7, 5.0
73, 2, 4.7, 5.0, 5.6, 5.8, 4.1, 6.4, 6.6, 7.0, 7.2, 7.2, 3.7, 4.2, 4.7, 4.8
73, 3, 5.6, 5.8, 6.1, 6.0, 3.3, 7.5, 7.6, 7.8, 7.8, 7.9, 3.8, 4.9, 5.2, 5.2
73, 4, 5.9, 5.9, 5.8, 5.5, 2.2, 7.6, 7.6, 7.6, 7.3, 7.7, 3.4, 4.6, 4.6, 4.7
73, 5, 6.6, 6.5, 6.1, 5.4, 1.5, 8.7, 8.7, 8.4, 7.9, 8.8, 4.4, 5.9, 5.7, 6.0
73, 6, 6.3, 6.2, 5.7, 5.0, 1.5, 8.1, 8.0, 7.7, 7.1, 8.2, 4.0, 5.1, 4.8, 5.2
73, 7, 6.7, 6.6, 6.2, 5.3, 1.4, 8.9, 8.8, 8.5, 7.9, 9.0, 4.8, 6.3, 5.9, 6.4
73, 8, 6.1, 6.1, 5.8, 5.3, 1.9, 7.8, 7.8, 7.7, 7.3, 7.8, 3.7, 4.9, 4.8, 4.9
73, 9, 6.1, 6.3, 6.4, 6.2, 2.9, 8.3, 8.4, 8.5, 8.3, 8.5, 4.3, 5.8, 5.9, 5.9
73,10, 5.0, 5.3, 5.7, 5.8, 3.7, 6.8, 7.0, 7.3, 7.4, 7.4, 3.7, 4.5, 4.8, 4.9
73,11, 3.8, 4.1, 4.6, 4.8, 3.6, 5.0, 5.2, 5.6, 5.7, 5.8, 2.7, 2.8, 3.2, 3.4
73,12, 3.8, 4.2, 4.9, 5.4, 4.4, 5.3, 5.5, 6.1, 6.4, 6.5, 3.7, 3.5, 4.1, 4.5
74, 1, 3.7, 4.0, 4.5, 4.8, 3.7, 4.7, 4.9, 5.4, 5.6, 5.6, 2.8, 2.7, 3.2, 3.4
74, 2, 5.1, 5.4, 6.0, 6.3, 4.4, 7.1, 7.3, 7.8, 8.0, 8.0, 4.4, 5.0, 5.5, 5.7
74, 3, 5.4, 5.6, 5.9, 5.8, 3.2, 7.3, 7.5, 7.7, 7.6, 7.7, 3.7, 4.9, 5.1, 5.1
74, 4, 6.1, 6.1, 6.1, 5.6, 2.2, 8.1, 8.2, 8.1, 7.8, 8.2, 3.9, 5.4, 5.3, 5.4
74, 5, 6.2, 6.1, 5.8, 5.2, 1.6, 8.0, 8.0, 7.7, 7.3, 8.1, 3.7, 4.9, 4.7, 5.0
74, 6, 6.3, 6.2, 5.7, 4.9, 1.5, 8.2, 8.1, 7.8, 7.2, 8.3, 4.0, 5.2, 4.8, 5.3
74, 7, 6.6, 6.5, 6.0, 5.2, 1.4, 8.9, 8.8, 8.4, 7.9, 8.9, 4.6, 6.1, 5.8, 6.2
74, 8, 6.3, 6.3, 6.1, 5.6, 1.9, 8.4, 8.4, 8.2, 7.8, 8.4, 4.1, 5.6, 5.5, 5.7
74, 9, 6.1, 6.3, 6.4, 6.2, 2.9, 8.4, 8.5, 8.6, 8.4, 8.6, 4.3, 5.9, 6.0, 6.0
74,10, 5.2, 5.4, 5.9, 6.1, 3.9, 7.1, 7.3, 7.7, 7.8, 7.8, 4.0, 4.9, 5.3, 5.4
74,11, 4.1, 4.4, 5.0, 5.3, 4.1, 5.6, 5.8, 6.3, 6.5, 6.5, 3.4, 3.6, 4.1, 4.3
74,12, 4.1, 4.5, 5.3, 5.9, 4.9, 5.9, 6.2, 6.8, 7.2, 7.3, 4.3, 4.1, 4.9, 5.3
75, 1, 4.0, 4.4, 5.0, 5.4, 4.3, 5.5, 5.7, 6.2, 6.5, 6.6, 3.7, 3.6, 4.2, 4.5
75, 2, 4.8, 5.1, 5.6, 5.8, 4.0, 6.3, 6.5, 6.9, 7.0, 7.1, 3.6, 4.0, 4.5, 4.6
75, 3, 5.2, 5.3, 5.5, 5.5, 3.1, 6.6, 6.8, 6.9, 6.9, 7.0, 3.2, 4.0, 4.2, 4.2
75, 4, 6.1, 6.2, 6.1, 5.7, 2.2, 8.0, 8.0, 8.0, 7.7, 8.1, 3.9, 5.2, 5.2, 5.3
75, 5, 6.6, 6.5, 6.1, 5.4, 1.6, 8.6, 8.5, 8.2, 7.7, 8.6, 4.3, 5.6, 5.4, 5.7
75, 6, 6.6, 6.4, 5.9, 5.1, 1.5, 8.5, 8.4, 8.0, 7.5, 8.6, 4.3, 5.5, 5.2, 5.6
75, 7, 6.8, 6.7, 6.2, 5.4, 1.4, 9.0, 8.9, 8.6, 8.0, 9.1, 4.8, 6.2, 5.9, 6.3
75, 8, 6.7, 6.7, 6.4, 5.8, 1.9, 9.0, 9.0, 8.9, 8.4, 9.1, 4.8, 6.5, 6.3, 6.5
75, 9, 6.2, 6.3, 6.5, 6.3, 2.9, 8.4, 8.6, 8.7, 8.5, 8.7, 4.4, 6.0, 6.1, 6.1
75,10, 5.1, 5.4, 5.8, 5.9, 3.8, 6.9, 7.1, 7.4, 7.5, 7.5, 3.8, 4.6, 4.9, 5.0
75,11, 4.1, 4.3, 4.9, 5.2, 3.9, 5.3, 5.6, 6.0, 6.2, 6.2, 3.1, 3.2, 3.7, 3.8
75,12, 3.9, 4.3, 5.0, 5.5, 4.5, 5.4, 5.7, 6.2, 6.6, 6.7, 3.8, 3.6, 4.2, 4.6
76, 1, 4.2, 4.5, 5.2, 5.7, 4.5, 5.7, 6.0, 6.5, 6.8, 6.9, 3.8, 3.8, 4.4, 4.7
76, 2, 4.4, 4.6, 5.0, 5.2, 3.5, 5.8, 5.9, 6.2, 6.3, 6.3, 2.9, 3.3, 3.7, 3.8
76, 3, 5.0, 5.2, 5.3, 5.3, 2.9, 6.3, 6.4, 6.6, 6.5, 6.6, 2.8, 3.5, 3.7, 3.7
76, 4, 5.6, 5.7, 5.6, 5.2, 2.1, 7.2, 7.2, 7.2, 6.9, 7.2, 3.1, 4.3, 4.2, 4.3
76, 5, 6.5, 6.4, 6.0, 5.4, 1.6, 8.5, 8.5, 8.2, 7.7, 8.6, 4.2, 5.6, 5.3, 5.7
76, 6, 6.4, 6.3, 5.8, 5.0, 1.5, 8.3, 8.2, 7.9, 7.3, 8.4, 4.1, 5.3, 4.9, 5.3
76, 7, 6.6, 6.5, 6.0, 5.3, 1.5, 8.6, 8.5, 8.2, 7.6, 8.6, 4.4, 5.7, 5.3, 5.7
76, 8, 6.6, 6.6, 6.4, 5.8, 1.9, 8.9, 8.9, 8.8, 8.4, 9.0, 4.6, 6.3, 6.2, 6.4
76, 9, 6.0, 6.2, 6.3, 6.1, 2.8, 8.2, 8.3, 8.4, 8.3, 8.4, 4.2, 5.6, 5.8, 5.8
76,10, 5.2, 5.5, 6.0, 6.1, 3.9, 7.2, 7.4, 7.7, 7.8, 7.8, 4.1, 5.0, 5.4, 5.5
76,11, 4.2, 4.5, 5.1, 5.4, 4.1, 5.6, 5.9, 6.3, 6.6, 6.6, 3.5, 3.6, 4.1, 4.3
76,12, 4.1, 4.6, 5.4, 5.9, 4.9, 5.8, 6.1, 6.8, 7.2, 7.3, 4.3, 4.1, 4.8, 5.2
77, 1, 4.2, 4.6, 5.3, 5.8, 4.6, 5.7, 6.0, 6.6, 6.9, 7.0, 4.0, 3.9, 4.6, 4.9
77, 2, 5.0, 5.3, 6.0, 6.3, 4.4, 7.0, 7.3, 7.7, 7.9, 7.9, 4.4, 5.0, 5.6, 5.7
77, 3, 5.8, 6.0, 6.3, 6.3, 3.5, 7.9, 8.0, 8.3, 8.2, 8.3, 4.2, 5.4, 5.7, 5.7
77, 4, 6.1, 6.2, 6.1, 5.7, 2.2, 8.2, 8.2, 8.2, 7.9, 8.3, 4.0, 5.5, 5.5, 5.6
77, 5, 6.3, 6.3, 5.9, 5.3, 1.6, 8.1, 8.1, 7.9, 7.4, 8.2, 3.9, 5.1, 4.9, 5.2
77, 6, 6.5, 6.3, 5.8, 5.1, 1.5, 8.5, 8.4, 8.0, 7.5, 8.6, 4.2, 5.5, 5.2, 5.6
77, 7, 6.5, 6.4, 5.9, 5.2, 1.4, 8.5, 8.5, 8.1, 7.6, 8.6, 4.4, 5.8, 5.4, 5.8
77, 8, 6.6, 6.6, 6.4, 5.8, 1.8, 9.0, 9.0, 8.9, 8.4, 9.1, 4.7, 6.4, 6.3, 6.5
77, 9, 5.9, 6.1, 6.2, 6.0, 2.8, 7.9, 8.1, 8.1, 8.0, 8.2, 3.9, 5.3, 5.4, 5.4
77,10, 5.3, 5.6, 6.1, 6.3, 4.0, 7.3, 7.5, 7.9, 8.0, 8.0, 4.2, 5.0, 5.5, 5.5
77,11, 4.5, 4.8, 5.5, 5.9, 4.6, 6.1, 6.4, 6.9, 7.2, 7.3, 4.2, 4.3, 4.9, 5.2
77,12, 3.8, 4.2, 4.9, 5.4, 4.4, 5.3, 5.5, 6.1, 6.4, 6.5, 3.8, 3.6, 4.2, 4.6
78, 1, 4.2, 4.6, 5.3, 5.8, 4.7, 5.9, 6.2, 6.8, 7.1, 7.2, 4.2, 4.2, 4.9, 5.2
78, 2, 5.1, 5.4, 6.1, 6.4, 4.5, 7.3, 7.6, 8.0, 8.3, 8.3, 4.8, 5.5, 6.1, 6.3
78, 3, 5.5, 5.7, 6.0, 5.9, 3.3, 7.4, 7.6, 7.8, 7.7, 7.8, 3.8, 5.0, 5.2, 5.3
78, 4, 5.7, 5.8, 5.7, 5.3, 2.1, 7.4, 7.5, 7.4, 7.2, 7.5, 3.4, 4.6, 4.6, 4.7
78, 5, 6.0, 5.9, 5.6, 5.0, 1.6, 7.7, 7.7, 7.4, 7.0, 7.7, 3.6, 4.8, 4.6, 4.8
78, 6, 6.3, 6.2, 5.7, 4.9, 1.5, 8.2, 8.1, 7.8, 7.3, 8.3, 4.1, 5.3, 5.0, 5.4
78, 7, 6.8, 6.6, 6.1, 5.3, 1.4, 8.6, 8.6, 8.2, 7.7, 8.7, 4.8, 6.2, 5.8, 6.2
78, 8, 6.2, 6.2, 6.0, 5.5, 1.8, 8.2, 8.2, 8.1, 7.7, 8.3, 4.1, 5.5, 5.4, 5.5
78, 9, 5.8, 5.9, 6.1, 5.8, 2.8, 7.8, 7.9, 8.0, 7.8, 8.0, 3.7, 5.1, 5.2, 5.2
78,10, 4.9, 5.1, 5.5, 5.6, 3.5, 6.4, 6.6, 6.9, 6.9, 7.0, 3.4, 4.1, 4.5, 4.5
78,11, 4.3, 4.7, 5.4, 5.7, 4.4, 5.9, 6.2, 6.7, 7.0, 7.0, 4.0, 4.1, 4.7, 5.0
78,12, 3.4, 3.7, 4.2, 4.5, 3.6, 4.4, 4.6, 5.0, 5.2, 5.3, 2.6, 2.5, 2.9, 3.2
79, 1, 3.8, 4.1, 4.7, 5.1, 4.0, 5.1, 5.3, 5.8, 6.0, 6.1, 3.3, 3.2, 3.7, 4.0
79, 2, 3.7, 3.9, 4.2, 4.3, 2.9, 4.7, 4.8, 5.0, 5.1, 5.1, 2.1, 2.4, 2.7, 2.8
79, 3, 5.7, 5.9, 6.2, 6.1, 3.4, 7.8, 7.9, 8.1, 8.1, 8.1, 4.1, 5.3, 5.6, 5.7
79, 4, 6.4, 6.4, 6.4, 5.9, 2.3, 8.6, 8.6, 8.6, 8.2, 8.6, 4.3, 5.9, 5.9, 5.9
79, 5, 6.4, 6.4, 6.0, 5.3, 1.5, 8.5, 8.5, 8.2, 7.7, 8.6, 4.3, 5.7, 5.4, 5.7
79, 6, 6.5, 6.4, 5.8, 5.1, 1.4, 8.4, 8.3, 7.9, 7.3, 8.4, 4.4, 5.6, 5.2, 5.7
79, 7, 7.0, 6.8, 6.3, 5.4, 1.4, 9.3, 9.2, 8.8, 8.2, 9.4, 5.3, 7.0, 6.6, 7.1
79, 8, 6.9, 6.9, 6.6, 6.0, 1.8, 9.3, 9.3, 9.1, 8.7, 9.4, 5.3, 7.1, 6.9, 7.1
79, 9, 6.2, 6.3, 6.5, 6.2, 2.9, 8.5, 8.6, 8.7, 8.5, 8.7, 4.7, 6.3, 6.4, 6.5
79,10, 5.0, 5.2, 5.6, 5.7, 3.7, 6.6, 6.8, 7.1, 7.2, 7.2, 3.7, 4.4, 4.8, 4.9
79,11, 4.4, 4.7, 5.4, 5.7, 4.4, 6.0, 6.2, 6.7, 7.0, 7.1, 4.1, 4.2, 4.8, 5.1
79,12, 4.0, 4.4, 5.2, 5.7, 4.8, 5.6, 5.9, 6.5, 6.9, 7.0, 4.4, 4.0, 4.8, 5.2
80, 1, 4.0, 4.3, 5.0, 5.3, 4.2, 5.3, 5.6, 6.1, 6.4, 6.5, 3.7, 3.6, 4.3, 4.6
80, 2, 4.7, 5.0, 5.5, 5.7, 4.0, 6.2, 6.4, 6.8, 7.0, 7.0, 3.8, 4.3, 4.8, 4.9
80, 3, 5.7, 5.9, 6.2, 6.1, 3.3, 7.7, 7.8, 8.0, 8.0, 8.1, 4.5, 5.7, 6.0, 6.0
80, 4, 6.3, 6.3, 6.2, 5.8, 2.2, 8.1, 8.2, 8.1, 7.8, 8.2, 4.3, 5.7, 5.7, 5.8
80, 5, 6.5, 6.4, 6.0, 5.4, 1.5, 8.1, 8.1, 7.8, 7.3, 8.1, 4.3, 5.5, 5.3, 5.6
80, 6, 6.5, 6.4, 5.9, 5.1, 1.4, 8.3, 8.3, 7.9, 7.3, 8.4, 4.6, 5.8, 5.4, 5.9
80, 7, 6.3, 6.2, 5.8, 5.1, 1.4, 8.0, 7.9, 7.6, 7.1, 8.1, 4.1, 5.3, 4.9, 5.3
80, 8, 6.4, 6.4, 6.2, 5.6, 1.8, 8.3, 8.3, 8.1, 7.7, 8.3, 4.4, 5.7, 5.6, 5.8
80, 9, 5.6, 5.7, 5.9, 5.7, 2.7, 7.4, 7.5, 7.6, 7.4, 7.6, 3.6, 4.8, 4.9, 4.9
80,10, 5.2, 5.5, 5.9, 6.1, 3.9, 7.0, 7.2, 7.6, 7.7, 7.7, 4.1, 4.8, 5.3, 5.3
80,11, 4.5, 4.9, 5.6, 6.0, 4.7, 6.2, 6.5, 7.0, 7.3, 7.4, 4.4, 4.4, 5.1, 5.4
80,12, 3.7, 4.1, 4.8, 5.2, 4.3, 5.1, 5.3, 5.9, 6.2, 6.3, 3.7, 3.5, 4.1, 4.5
81, 1, 4.3, 4.7, 5.5, 6.0, 4.8, 6.0, 6.3, 6.9, 7.3, 7.4, 4.3, 4.3, 5.0, 5.3
81, 2, 4.8, 5.1, 5.7, 5.9, 4.2, 6.6, 6.8, 7.2, 7.4, 7.4, 4.0, 4.5, 5.0, 5.1
81, 3, 5.9, 6.1, 6.4, 6.4, 3.5, 8.1, 8.2, 8.5, 8.4, 8.5, 4.4, 5.7, 6.0, 6.1
81, 4, 6.2, 6.2, 6.2, 5.7, 2.2, 8.4, 8.4, 8.4, 8.1, 8.5, 4.1, 5.7, 5.7, 5.8
81, 5, 6.6, 6.5, 6.1, 5.4, 1.5, 8.8, 8.8, 8.5, 8.0, 8.9, 4.7, 6.3, 6.0, 6.3
81, 6, 6.5, 6.4, 5.9, 5.1, 1.5, 8.6, 8.5, 8.1, 7.5, 8.7, 4.3, 5.6, 5.3, 5.7
81, 7, 6.8, 6.7, 6.2, 5.4, 1.4, 9.2, 9.1, 8.8, 8.2, 9.3, 5.0, 6.6, 6.2, 6.6
81, 8, 6.4, 6.4, 6.2, 5.7, 1.8, 8.7, 8.7, 8.6, 8.2, 8.8, 4.5, 6.2, 6.0, 6.2
81, 9, 6.3, 6.5, 6.6, 6.4, 3.0, 8.7, 8.9, 9.0, 8.8, 9.0, 4.7, 6.3, 6.5, 6.5
81,10, 5.3, 5.6, 6.1, 6.2, 4.0, 7.3, 7.6, 7.9, 8.0, 8.0, 4.2, 5.1, 5.6, 5.6
81,11, 4.2, 4.5, 5.2, 5.5, 4.2, 5.7, 5.9, 6.4, 6.6, 6.7, 3.6, 3.7, 4.2, 4.4
81,12, 3.6, 3.9, 4.6, 5.0, 4.1, 4.9, 5.1, 5.6, 5.9, 6.0, 3.2, 3.0, 3.6, 3.9
82, 1, 3.6, 3.9, 4.4, 4.7, 3.7, 4.8, 5.0, 5.4, 5.6, 5.7, 3.0, 3.0, 3.5, 3.7
82, 2, 4.4, 4.7, 5.1, 5.3, 3.7, 5.9, 6.1, 6.4, 6.5, 6.6, 3.2, 3.7, 4.1, 4.2
82, 3, 4.4, 4.6, 4.7, 4.6, 2.6, 5.4, 5.5, 5.7, 5.6, 5.7, 2.3, 2.9, 3.1, 3.1
82, 4, 5.5, 5.5, 5.4, 5.1, 2.1, 6.8, 6.8, 6.8, 6.5, 6.9, 2.9, 3.8, 3.8, 3.8
82, 5, 6.6, 6.5, 6.1, 5.4, 1.6, 8.5, 8.5, 8.2, 7.7, 8.6, 4.3, 5.7, 5.4, 5.7
82, 6, 6.3, 6.1, 5.6, 4.9, 1.5, 8.1, 8.0, 7.6, 7.1, 8.2, 4.0, 5.1, 4.8, 5.2
82, 7, 6.4, 6.3, 5.9, 5.2, 1.5, 8.1, 8.1, 7.8, 7.2, 8.2, 4.0, 5.1, 4.8, 5.1
82, 8, 5.8, 5.9, 5.7, 5.2, 1.9, 7.4, 7.4, 7.3, 6.9, 7.4, 3.3, 4.4, 4.3, 4.4
82, 9, 5.9, 6.1, 6.2, 6.0, 2.9, 7.8, 7.9, 8.0, 7.8, 8.0, 3.8, 5.0, 5.2, 5.2
82,10, 4.6, 4.9, 5.2, 5.3, 3.3, 6.0, 6.2, 6.4, 6.5, 6.5, 2.9, 3.5, 3.8, 3.9
82,11, 3.7, 3.9, 4.3, 4.5, 3.3, 4.5, 4.7, 5.0, 5.2, 5.2, 2.3, 2.3, 2.7, 2.8
82,12, 3.2, 3.5, 3.9, 4.2, 3.3, 4.0, 4.2, 4.6, 4.8, 4.8, 2.2, 2.0, 2.4, 2.6
83, 1, 3.9, 4.3, 4.9, 5.2, 4.1, 5.1, 5.3, 5.8, 6.1, 6.1, 3.1, 3.0, 3.5, 3.8
83, 2, 5.1, 5.4, 6.0, 6.3, 4.4, 6.8, 7.1, 7.6, 7.7, 7.8, 4.3, 4.7, 5.3, 5.4
83, 3, 5.6, 5.8, 6.1, 6.1, 3.3, 7.5, 7.6, 7.8, 7.8, 7.8, 3.9, 4.9, 5.2, 5.2
83, 4, 5.9, 6.0, 5.9, 5.6, 2.2, 7.7, 7.8, 7.7, 7.4, 7.8, 3.5, 4.7, 4.7, 4.8
83, 5, 6.5, 6.4, 6.1, 5.4, 1.6, 8.3, 8.3, 8.0, 7.5, 8.3, 4.1, 5.3, 5.1, 5.3
83, 6, 6.7, 6.5, 6.0, 5.2, 1.5, 8.6, 8.5, 8.2, 7.6, 8.7, 4.4, 5.7, 5.3, 5.8
83, 7, 6.4, 6.4, 5.9, 5.2, 1.5, 8.2, 8.1, 7.8, 7.3, 8.2, 4.0, 5.1, 4.8, 5.2
83, 8, 6.4, 6.4, 6.2, 5.7, 1.9, 8.4, 8.4, 8.2, 7.8, 8.4, 4.1, 5.4, 5.3, 5.5
83, 9, 6.0, 6.1, 6.3, 6.1, 2.9, 7.9, 8.1, 8.2, 8.0, 8.2, 4.0, 5.3, 5.4, 5.4
83,10, 4.9, 5.1, 5.5, 5.6, 3.6, 6.4, 6.6, 6.9, 6.9, 6.9, 3.4, 4.0, 4.4, 4.4
83,11, 4.2, 4.5, 5.1, 5.5, 4.2, 5.6, 5.8, 6.3, 6.5, 6.6, 3.4, 3.5, 4.0, 4.2
83,12, 3.7, 4.1, 4.8, 5.2, 4.3, 5.1, 5.3, 5.9, 6.2, 6.3, 3.5, 3.3, 3.9, 4.3
84, 1, 4.1, 4.4, 5.1, 5.5, 4.4, 5.5, 5.8, 6.3, 6.6, 6.7, 3.7, 3.6, 4.2, 4.5
84, 2, 5.0, 5.4, 6.0, 6.3, 4.4, 6.9, 7.1, 7.6, 7.8, 7.8, 4.2, 4.7, 5.3, 5.4
84, 3, 6.1, 6.3, 6.7, 6.6, 3.6, 8.4, 8.6, 8.8, 8.8, 8.8, 4.7, 6.1, 6.4, 6.4
84, 4, 6.4, 6.4, 6.4, 6.0, 2.3, 8.4, 8.5, 8.4, 8.1, 8.5, 4.3, 5.7, 5.7, 5.8
84, 5, 6.9, 6.8, 6.4, 5.6, 1.5, 9.2, 9.1, 8.9, 8.3, 9.2, 4.8, 6.4, 6.2, 6.5
84, 6, 6.4, 6.3, 5.8, 5.0, 1.5, 8.1, 8.0, 7.7, 7.1, 8.2, 3.9, 5.1, 4.7, 5.1
84, 7, 6.8, 6.7, 6.2, 5.4, 1.4, 9.0, 8.9, 8.6, 8.0, 9.1, 4.9, 6.4, 6.0, 6.4
84, 8, 6.7, 6.7, 6.5, 5.9, 1.9, 9.0, 9.0, 8.8, 8.4, 9.0, 4.6, 6.3, 6.1, 6.3
84, 9, 6.0, 6.2, 6.3, 6.1, 2.9, 8.1, 8.2, 8.3, 8.2, 8.4, 4.2, 5.5, 5.7, 5.7
84,10, 5.1, 5.3, 5.8, 5.9, 3.7, 6.8, 7.0, 7.3, 7.4, 7.4, 3.8, 4.5, 4.9, 5.0
84,11, 4.1, 4.4, 5.0, 5.3, 4.0, 5.4, 5.7, 6.1, 6.3, 6.4, 3.3, 3.4, 4.0, 4.2
84,12, 3.8, 4.1, 4.9, 5.3, 4.4, 5.2, 5.5, 6.0, 6.4, 6.5, 3.8, 3.5, 4.2, 4.6
85, 1, 3.9, 4.2, 4.9, 5.3, 4.2, 5.3, 5.5, 6.0, 6.3, 6.4, 3.5, 3.5, 4.1, 4.3
85, 2, 4.4, 4.6, 5.1, 5.2, 3.6, 5.7, 5.8, 6.2, 6.3, 6.3, 3.0, 3.4, 3.8, 3.9
85, 3, 5.1, 5.2, 5.4, 5.4, 3.0, 6.4, 6.5, 6.7, 6.6, 6.7, 3.1, 3.8, 4.1, 4.1
85, 4, 6.1, 6.1, 6.0, 5.6, 2.2, 8.1, 8.1, 8.1, 7.8, 8.2, 3.8, 5.3, 5.2, 5.3
85, 5, 5.9, 5.9, 5.6, 5.0, 1.5, 7.6, 7.5, 7.3, 6.9, 7.6, 3.6, 4.8, 4.5, 4.8
85, 6, 6.9, 6.7, 6.1, 5.3, 1.4, 9.3, 9.2, 8.8, 8.2, 9.4, 5.1, 6.7, 6.3, 6.8
85, 7, 6.9, 6.8, 6.3, 5.4, 1.4, 9.2, 9.1, 8.8, 8.2, 9.3, 5.1, 6.7, 6.3, 6.7
85, 8, 6.5, 6.5, 6.3, 5.7, 1.9, 8.8, 8.8, 8.6, 8.2, 8.8, 4.5, 6.1, 5.9, 6.1
85, 9, 5.7, 5.8, 5.9, 5.7, 2.7, 7.6, 7.7, 7.8, 7.7, 7.8, 3.7, 5.0, 5.1, 5.2
85,10, 4.7, 4.9, 5.3, 5.3, 3.4, 6.1, 6.3, 6.5, 6.6, 6.6, 3.1, 3.7, 4.0, 4.1
85,11, 3.9, 4.2, 4.7, 5.0, 3.8, 5.2, 5.4, 5.8, 6.0, 6.0, 3.1, 3.2, 3.7, 3.9
85,12, 4.1, 4.5, 5.4, 5.9, 4.9, 5.8, 6.1, 6.7, 7.1, 7.3, 4.3, 4.1, 4.9, 5.3
86, 1, 4.4, 4.8, 5.7, 6.2, 5.0, 6.3, 6.6, 7.3, 7.6, 7.8, 4.8, 4.7, 5.5, 5.9
86, 2, 5.1, 5.4, 6.1, 6.3, 4.4, 7.1, 7.4, 7.8, 8.0, 8.1, 4.6, 5.2, 5.8, 6.0
86, 3, 5.3, 5.5, 5.8, 5.8, 3.2, 7.1, 7.3, 7.5, 7.4, 7.5, 3.7, 4.8, 5.0, 5.1
86, 4, 5.5, 5.6, 5.5, 5.1, 2.0, 7.1, 7.2, 7.1, 6.8, 7.2, 3.3, 4.4, 4.4, 4.5
86, 5, 6.2, 6.2, 5.8, 5.2, 1.5, 8.0, 7.9, 7.7, 7.2, 8.0, 3.9, 5.1, 4.9, 5.2
86, 6, 6.7, 6.5, 6.0, 5.1, 1.4, 8.8, 8.7, 8.3, 7.8, 8.9, 4.7, 6.1, 5.7, 6.2
86, 7, 6.1, 6.0, 5.6, 4.9, 1.5, 7.9, 7.9, 7.6, 7.1, 8.0, 3.8, 5.0, 4.7, 5.1
86, 8, 6.0, 6.0, 5.8, 5.3, 1.8, 7.8, 7.8, 7.6, 7.3, 7.8, 3.7, 5.0, 4.9, 5.1
86, 9, 5.4, 5.5, 5.6, 5.4, 2.6, 7.0, 7.1, 7.2, 7.0, 7.2, 3.2, 4.3, 4.4, 4.4
86,10, 5.1, 5.4, 5.9, 6.0, 3.8, 7.1, 7.3, 7.7, 7.8, 7.8, 4.0, 4.9, 5.4, 5.4
86,11, 3.8, 4.1, 4.6, 4.9, 3.7, 5.2, 5.4, 5.8, 6.0, 6.0, 3.1, 3.3, 3.7, 3.9
86,12, 4.0, 4.4, 5.3, 5.8, 4.8, 5.7, 6.0, 6.6, 7.0, 7.1, 4.3, 4.1, 4.8, 5.3
87, 1, 4.0, 4.3, 5.0, 5.4, 4.3, 5.5, 5.8, 6.3, 6.6, 6.7, 3.7, 3.7, 4.3, 4.6
87, 2, 5.0, 5.4, 6.0, 6.3, 4.4, 7.2, 7.4, 7.9, 8.1, 8.1, 4.8, 5.5, 6.1, 6.3
87, 3, 5.7, 5.9, 6.2, 6.1, 3.4, 7.8, 8.0, 8.2, 8.2, 8.2, 4.3, 5.6, 5.9, 5.9
87, 4, 5.8, 5.9, 5.8, 5.4, 2.1, 7.8, 7.8, 7.8, 7.5, 7.9, 3.7, 5.1, 5.0, 5.1
87, 5, 6.1, 6.0, 5.7, 5.0, 1.5, 8.0, 7.9, 7.7, 7.2, 8.0, 3.9, 5.3, 5.0, 5.3
87, 6, 6.9, 6.7, 6.1, 5.3, 1.4, 9.2, 9.1, 8.7, 8.1, 9.4, 5.2, 6.7, 6.3, 6.8
87, 7, 6.6, 6.4, 6.0, 5.2, 1.4, 8.7, 8.6, 8.3, 7.8, 8.8, 4.6, 6.0, 5.7, 6.1
87, 8, 6.6, 6.6, 6.3, 5.8, 1.8, 9.0, 9.0, 8.8, 8.4, 9.0, 4.7, 6.5, 6.3, 6.5
87, 9, 5.4, 5.6, 5.6, 5.4, 2.6, 7.1, 7.2, 7.3, 7.1, 7.3, 3.4, 4.5, 4.6, 4.6
87,10, 4.7, 4.9, 5.3, 5.3, 3.4, 6.1, 6.3, 6.5, 6.6, 6.6, 3.1, 3.7, 4.0, 4.1
87,11, 4.3, 4.7, 5.3, 5.7, 4.4, 6.0, 6.2, 6.8, 7.0, 7.1, 4.0, 4.1, 4.7, 5.0
87,12, 3.4, 3.7, 4.2, 4.6, 3.7, 4.4, 4.6, 5.1, 5.3, 5.4, 3.0, 2.8, 3.3, 3.6
88, 1, 3.9, 4.3, 5.0, 5.4, 4.3, 5.5, 5.8, 6.3, 6.6, 6.7, 3.8, 3.8, 4.4, 4.7
88, 2, 5.2, 5.5, 6.2, 6.5, 4.6, 7.3, 7.6, 8.1, 8.3, 8.3, 4.8, 5.4, 6.0, 6.2
88, 3, 5.6, 5.8, 6.1, 6.0, 3.3, 7.6, 7.8, 8.0, 7.9, 8.0, 4.0, 5.2, 5.5, 5.5
88, 4, 6.4, 6.4, 6.4, 5.9, 2.3, 8.6, 8.6, 8.6, 8.3, 8.7, 4.4, 6.0, 6.0, 6.1
88, 5, 6.0, 6.0, 5.6, 5.0, 1.5, 7.8, 7.8, 7.5, 7.0, 7.8, 3.8, 5.1, 4.8, 5.1
88, 6, 6.4, 6.3, 5.8, 5.0, 1.5, 8.4, 8.4, 8.0, 7.4, 8.6, 4.3, 5.6, 5.3, 5.7
88, 7, 6.9, 6.8, 6.3, 5.4, 1.4, 9.2, 9.1, 8.8, 8.2, 9.3, 5.2, 6.8, 6.4, 6.9
88, 8, 6.4, 6.4, 6.2, 5.6, 1.9, 8.6, 8.6, 8.4, 8.0, 8.6, 4.3, 5.8, 5.7, 5.9
88, 9, 5.9, 6.1, 6.2, 6.0, 2.8, 8.1, 8.2, 8.3, 8.1, 8.3, 4.1, 5.6, 5.7, 5.7
88,10, 5.0, 5.3, 5.7, 5.8, 3.7, 6.8, 7.0, 7.4, 7.4, 7.4, 3.7, 4.6, 4.9, 5.0
88,11, 4.0, 4.4, 4.9, 5.3, 4.0, 5.5, 5.8, 6.2, 6.4, 6.4, 3.3, 3.5, 4.0, 4.2
88,12, 3.7, 4.1, 4.8, 5.2, 4.3, 5.1, 5.3, 5.8, 6.2, 6.3, 3.5, 3.3, 3.9, 4.2
89, 1, 4.1, 4.4, 5.1, 5.5, 4.4, 5.5, 5.7, 6.3, 6.6, 6.6, 3.7, 3.6, 4.2, 4.5
89, 2, 4.3, 4.5, 4.9, 5.1, 3.5, 5.6, 5.8, 6.1, 6.2, 6.2, 2.9, 3.4, 3.8, 3.8
89, 3, 5.3, 5.4, 5.6, 5.5, 3.0, 7.0, 7.1, 7.2, 7.2, 7.2, 3.3, 4.4, 4.6, 4.6
89, 4, 5.3, 5.3, 5.2, 4.9, 2.1, 6.7, 6.7, 6.6, 6.4, 6.7, 2.6, 3.6, 3.6, 3.7
89, 5, 6.2, 6.1, 5.7, 5.1, 1.6, 8.1, 8.0, 7.8, 7.3, 8.1, 3.8, 5.1, 4.9, 5.2
89, 6, 6.6, 6.5, 5.9, 5.1, 1.4, 8.6, 8.5, 8.2, 7.6, 8.7, 4.7, 6.0, 5.6, 6.1
89, 7, 6.5, 6.4, 5.9, 5.2, 1.4, 8.6, 8.5, 8.2, 7.6, 8.7, 4.6, 6.0, 5.6, 6.0
89, 8, 6.3, 6.3, 6.1, 5.6, 1.8, 8.6, 8.6, 8.4, 8.1, 8.6, 4.2, 5.8, 5.7, 5.9
89, 9, 6.1, 6.3, 6.4, 6.2, 2.9, 8.5, 8.6, 8.7, 8.6, 8.7, 4.5, 6.2, 6.3, 6.4
89,10, 4.8, 5.1, 5.5, 5.6, 3.6, 6.4, 6.6, 6.9, 7.0, 7.0, 3.5, 4.2, 4.5, 4.6
89,11, 3.9, 4.2, 4.7, 5.0, 3.8, 5.1, 5.3, 5.7, 5.9, 6.0, 3.0, 3.1, 3.6, 3.8
89,12, 4.1, 4.5, 5.3, 5.8, 4.9, 5.8, 6.1, 6.7, 7.1, 7.2, 4.4, 4.2, 5.0, 5.4
90, 1, 3.2, 3.4, 3.8, 4.0, 3.1, 4.1, 4.2, 4.5, 4.7, 4.7, 2.2, 2.1, 2.5, 2.7
90, 2, 4.5, 4.8, 5.3, 5.5, 3.9, 6.0, 6.2, 6.6, 6.8, 6.8, 3.5, 3.9, 4.4, 4.5
90, 3, 5.2, 5.3, 5.5, 5.4, 2.9, 6.8, 7.0, 7.1, 7.0, 7.1, 3.3, 4.4, 4.6, 4.6
90, 4, 5.6, 5.6, 5.6, 5.2, 2.1, 7.2, 7.3, 7.2, 6.9, 7.3, 3.2, 4.4, 4.3, 4.4
90, 5, 6.6, 6.5, 6.1, 5.4, 1.5, 8.6, 8.6, 8.3, 7.8, 8.7, 4.6, 6.0, 5.7, 6.1
90, 6, 6.2, 6.1, 5.6, 4.8, 1.5, 7.9, 7.8, 7.5, 7.0, 8.0, 3.9, 5.0, 4.7, 5.1
90, 7, 6.9, 6.8, 6.3, 5.4, 1.4, 9.3, 9.3, 8.9, 8.3, 9.4, 5.2, 6.9, 6.5, 7.0
90, 8, 6.8, 6.8, 6.6, 6.0, 1.8, 9.4, 9.4, 9.2, 8.8, 9.4, 5.2, 7.1, 6.9, 7.1
90, 9, 6.0, 6.2, 6.3, 6.1, 2.8, 8.3, 8.4, 8.5, 8.3, 8.5, 4.4, 5.9, 6.1, 6.1
90,10, 5.2, 5.5, 6.0, 6.1, 3.9, 7.2, 7.4, 7.8, 7.9, 7.9, 4.3, 5.2, 5.6, 5.7
90,11, 3.7, 4.0, 4.4, 4.7, 3.5, 4.8, 5.0, 5.3, 5.5, 5.5, 2.7, 2.7, 3.2, 3.3
90,12, 3.4, 3.7, 4.2, 4.5, 3.7, 4.5, 4.7, 5.1, 5.3, 5.4, 2.9, 2.7, 3.2, 3.5
