"City:    ","TUCUMCARI             "
"State:   ","NM"
"WBAN No: ", 23048
"Lat(N):  ", 35.18
"Long(W): ",103.60
"Elev(m): ",  1231
"Pres(mb):",   878
"Stn Type:","Secondary"
"MONTHLY SOLAR RADIATION (kWh/m2/day)"
"COLUMN A: Year"
"COLUMN B: Month"
"COLUMN C: Flat-Plate Collector Facing South at Fixed Tilt=0"
"COLUMN D: Flat-Plate Collector Facing South at Fixed Tilt=Lat-15"
"COLUMN E: Flat-Plate Collector Facing South at Fixed Tilt=Lat"
"COLUMN F: Flat-Plate Collector Facing South at Fixed Tilt=Lat+15"
"COLUMN G: Flat-Plate Collector Facing South at Fixed Tilt=90"
"COLUMN H: 1-Axis Tracking Flat-Plate Collector with North-South Axis, Axis Tilt=0"
"COLUMN I: 1-Axis Tracking Flat-Plate Collector with North-South Axis, Axis Tilt=Lat-15"
"COLUMN J: 1-Axis Tracking Flat-Plate Collector with North-South Axis, Axis Tilt=Lat"
"COLUMN K: 1-Axis Tracking Flat-Plate Collector with North-South Axis, Axis Tilt=Lat+15"
"COLUMN L: 2-Axis Tracking Flat-Plate Collector"
"COLUMN M: 1-Axis Tracking Concentrating Collector with East-West Horizontal Axis"
"COLUMN N: 1-Axis Tracking Concentrating Collector with North-South Horizontal Axis"
"COLUMN O: 1-Axis Tracking Concentrating Collector with North-South Axis, Axis Tilt=Lat"
"COLUMN P: 2-Axis Tracking Concentrating Collector"
"COL A","COL B","COL C","COL D","COL E","COL F","COL G","COL H","COL I","COL J","COL K","COL L","COL M","COL N","COL O","COL P"
61, 1, 3.1, 4.6, 5.3, 5.8, 5.2, 4.8, 5.9, 6.5, 6.8, 6.9, 4.7, 3.7, 5.2, 5.5
61, 2, 3.7, 4.7, 5.2, 5.4, 4.4, 5.3, 6.1, 6.4, 6.6, 6.6, 3.9, 3.8, 4.8, 4.9
61, 3, 4.7, 5.4, 5.7, 5.6, 3.9, 6.5, 7.1, 7.3, 7.2, 7.3, 3.6, 4.3, 4.9, 4.9
61, 4, 6.4, 6.8, 6.7, 6.1, 3.4, 9.0, 9.3, 9.3, 8.9, 9.4, 5.1, 6.9, 7.1, 7.2
61, 5, 7.1, 7.1, 6.7, 5.9, 2.7, 9.5, 9.6, 9.3, 8.8, 9.7, 5.2, 6.9, 6.7, 7.0
61, 6, 7.3, 7.1, 6.5, 5.6, 2.3, 9.8, 9.7, 9.3, 8.6, 9.9, 5.5, 7.2, 6.7, 7.3
61, 7, 7.2, 7.2, 6.6, 5.8, 2.5, 9.8, 9.8, 9.4, 8.8, 9.9, 5.4, 7.1, 6.8, 7.2
61, 8, 6.2, 6.4, 6.2, 5.6, 3.0, 8.2, 8.4, 8.3, 7.9, 8.4, 4.2, 5.5, 5.6, 5.7
61, 9, 5.8, 6.5, 6.7, 6.4, 4.1, 8.3, 8.9, 9.0, 8.8, 9.0, 5.1, 6.4, 7.0, 7.0
61,10, 4.7, 6.0, 6.5, 6.6, 5.1, 7.2, 8.1, 8.5, 8.6, 8.6, 5.3, 5.8, 6.9, 7.0
61,11, 2.8, 3.7, 4.2, 4.4, 3.8, 4.0, 4.6, 5.0, 5.2, 5.2, 3.0, 2.5, 3.4, 3.6
61,12, 2.7, 4.0, 4.7, 5.2, 4.8, 4.2, 5.1, 5.7, 6.0, 6.1, 4.1, 3.1, 4.5, 4.9
62, 1, 2.8, 3.9, 4.4, 4.8, 4.3, 4.2, 4.9, 5.4, 5.7, 5.7, 3.5, 2.9, 4.0, 4.3
62, 2, 4.2, 5.6, 6.3, 6.6, 5.5, 6.5, 7.5, 8.0, 8.3, 8.3, 5.3, 5.2, 6.6, 6.8
62, 3, 5.2, 6.1, 6.3, 6.2, 4.4, 7.4, 8.1, 8.3, 8.3, 8.4, 4.6, 5.5, 6.3, 6.3
62, 4, 6.0, 6.4, 6.3, 5.8, 3.3, 8.1, 8.5, 8.4, 8.1, 8.5, 4.3, 5.6, 5.8, 5.9
62, 5, 7.5, 7.5, 7.0, 6.2, 2.7,10.5,10.6,10.3, 9.7,10.7, 6.1, 8.2, 7.9, 8.4
62, 6, 7.3, 7.1, 6.5, 5.6, 2.3, 9.7, 9.6, 9.2, 8.6, 9.9, 5.4, 7.1, 6.6, 7.2
62, 7, 6.7, 6.7, 6.2, 5.4, 2.4, 8.7, 8.7, 8.4, 7.8, 8.8, 4.4, 5.7, 5.4, 5.8
62, 8, 7.3, 7.5, 7.3, 6.6, 3.3,10.3,10.6,10.4, 9.9,10.6, 6.1, 8.3, 8.3, 8.5
62, 9, 5.1, 5.7, 5.7, 5.5, 3.5, 6.9, 7.4, 7.4, 7.2, 7.4, 3.8, 4.7, 5.2, 5.2
62,10, 4.6, 5.8, 6.3, 6.4, 5.0, 6.9, 7.8, 8.2, 8.3, 8.3, 5.1, 5.5, 6.6, 6.7
62,11, 3.3, 4.6, 5.2, 5.6, 4.9, 5.1, 6.0, 6.5, 6.7, 6.8, 4.3, 3.8, 5.1, 5.3
62,12, 2.8, 4.2, 4.9, 5.4, 5.1, 4.4, 5.4, 6.0, 6.4, 6.5, 4.4, 3.3, 4.8, 5.2
63, 1, 3.3, 5.0, 5.9, 6.4, 5.9, 5.4, 6.6, 7.3, 7.7, 7.8, 5.4, 4.4, 6.0, 6.4
63, 2, 3.9, 5.1, 5.7, 5.9, 5.0, 5.8, 6.6, 7.1, 7.3, 7.3, 4.3, 4.2, 5.3, 5.4
63, 3, 5.4, 6.3, 6.6, 6.6, 4.6, 7.8, 8.6, 8.8, 8.7, 8.8, 5.0, 6.0, 6.8, 6.8
63, 4, 6.7, 7.2, 7.1, 6.6, 3.6, 9.5,10.0, 9.9, 9.5,10.0, 5.6, 7.5, 7.7, 7.9
63, 5, 6.6, 6.6, 6.3, 5.5, 2.6, 8.8, 8.9, 8.6, 8.1, 9.0, 4.6, 6.2, 6.0, 6.3
63, 6, 7.4, 7.2, 6.6, 5.6, 2.2,10.1,10.0, 9.6, 9.0,10.3, 5.7, 7.7, 7.2, 7.8
63, 7, 7.3, 7.2, 6.7, 5.8, 2.4, 9.9, 9.9, 9.5, 8.9,10.0, 5.7, 7.4, 7.1, 7.6
63, 8, 6.2, 6.4, 6.2, 5.6, 2.9, 8.3, 8.5, 8.3, 7.9, 8.5, 4.2, 5.6, 5.6, 5.8
63, 9, 5.7, 6.4, 6.6, 6.3, 4.1, 8.1, 8.6, 8.8, 8.6, 8.8, 4.8, 6.0, 6.5, 6.6
63,10, 4.6, 5.8, 6.4, 6.5, 5.0, 6.9, 7.8, 8.2, 8.3, 8.3, 5.0, 5.4, 6.5, 6.6
63,11, 3.6, 5.2, 5.9, 6.4, 5.7, 5.7, 6.8, 7.4, 7.7, 7.8, 5.2, 4.5, 6.1, 6.4
63,12, 2.8, 4.2, 4.9, 5.4, 5.0, 4.3, 5.3, 5.9, 6.3, 6.4, 4.3, 3.3, 4.7, 5.1
64, 1, 3.3, 4.8, 5.6, 6.1, 5.6, 5.2, 6.3, 6.9, 7.3, 7.4, 5.1, 4.1, 5.7, 6.1
64, 2, 4.1, 5.2, 5.8, 6.1, 5.2, 6.0, 6.9, 7.3, 7.5, 7.5, 4.3, 4.3, 5.4, 5.5
64, 3, 5.3, 6.2, 6.4, 6.4, 4.5, 7.5, 8.2, 8.5, 8.4, 8.5, 4.8, 5.6, 6.4, 6.4
64, 4, 6.7, 7.2, 7.0, 6.5, 3.6, 9.5, 9.9, 9.8, 9.5, 9.9, 5.4, 7.3, 7.5, 7.6
64, 5, 6.9, 6.9, 6.6, 5.8, 2.7, 9.2, 9.3, 9.0, 8.5, 9.4, 4.8, 6.4, 6.2, 6.5
64, 6, 7.8, 7.6, 6.9, 5.9, 2.3,10.6,10.5,10.1, 9.4,10.8, 6.1, 8.1, 7.6, 8.2
64, 7, 7.3, 7.2, 6.7, 5.8, 2.5, 9.8, 9.8, 9.4, 8.8, 9.9, 5.4, 7.1, 6.8, 7.3
64, 8, 6.6, 6.9, 6.7, 6.1, 3.2, 9.0, 9.3, 9.1, 8.7, 9.3, 4.9, 6.4, 6.5, 6.7
64, 9, 5.1, 5.8, 5.9, 5.6, 3.6, 6.9, 7.4, 7.5, 7.3, 7.5, 3.8, 4.6, 5.1, 5.1
64,10, 4.7, 6.0, 6.5, 6.7, 5.2, 7.0, 7.9, 8.3, 8.4, 8.4, 5.2, 5.4, 6.6, 6.7
64,11, 3.0, 4.1, 4.7, 5.0, 4.4, 4.4, 5.3, 5.7, 5.9, 6.0, 3.7, 3.2, 4.3, 4.5
64,12, 2.5, 3.5, 4.1, 4.4, 4.0, 3.6, 4.3, 4.8, 5.1, 5.1, 3.1, 2.3, 3.3, 3.6
65, 1, 3.0, 4.3, 5.0, 5.3, 4.8, 4.5, 5.4, 6.0, 6.3, 6.4, 4.0, 3.2, 4.5, 4.8
65, 2, 4.1, 5.3, 5.9, 6.2, 5.1, 6.1, 7.0, 7.5, 7.6, 7.7, 4.7, 4.6, 5.8, 5.9
65, 3, 4.9, 5.8, 6.0, 5.9, 4.2, 6.9, 7.5, 7.7, 7.6, 7.7, 4.1, 4.8, 5.5, 5.5
65, 4, 6.1, 6.6, 6.4, 6.0, 3.4, 8.5, 8.8, 8.8, 8.4, 8.9, 4.5, 6.0, 6.3, 6.4
65, 5, 7.1, 7.1, 6.7, 5.9, 2.7, 9.6, 9.7, 9.4, 8.9, 9.8, 5.3, 7.0, 6.8, 7.2
65, 6, 7.1, 6.9, 6.4, 5.5, 2.3, 9.2, 9.1, 8.8, 8.1, 9.3, 4.8, 6.2, 5.8, 6.3
65, 7, 7.0, 6.9, 6.4, 5.6, 2.4, 9.3, 9.3, 8.9, 8.4, 9.4, 5.0, 6.5, 6.2, 6.6
65, 8, 6.6, 6.8, 6.6, 5.9, 3.1, 9.0, 9.3, 9.1, 8.7, 9.3, 4.7, 6.4, 6.4, 6.6
65, 9, 5.5, 6.2, 6.3, 6.1, 3.9, 7.6, 8.2, 8.3, 8.1, 8.3, 4.4, 5.4, 5.9, 6.0
65,10, 4.8, 6.1, 6.7, 6.8, 5.3, 7.2, 8.2, 8.6, 8.7, 8.7, 5.4, 5.7, 7.0, 7.1
65,11, 3.3, 4.5, 5.2, 5.5, 4.8, 4.9, 5.8, 6.3, 6.6, 6.6, 4.1, 3.5, 4.7, 5.0
65,12, 2.7, 4.1, 4.8, 5.2, 4.9, 4.2, 5.2, 5.8, 6.1, 6.2, 4.1, 3.1, 4.5, 4.9
66, 1, 3.0, 4.4, 5.1, 5.6, 5.1, 4.7, 5.7, 6.2, 6.6, 6.7, 4.2, 3.4, 4.7, 5.1
66, 2, 3.9, 5.2, 5.7, 6.0, 4.9, 5.9, 6.8, 7.2, 7.4, 7.4, 4.5, 4.4, 5.5, 5.7
66, 3, 5.6, 6.6, 7.0, 6.9, 4.9, 8.2, 9.0, 9.2, 9.2, 9.2, 5.3, 6.3, 7.2, 7.2
66, 4, 6.4, 6.8, 6.8, 6.3, 3.6, 8.8, 9.2, 9.2, 8.8, 9.2, 4.9, 6.4, 6.7, 6.8
66, 5, 7.4, 7.4, 7.0, 6.2, 2.7,10.2,10.3,10.0, 9.4,10.4, 5.9, 7.9, 7.7, 8.1
66, 6, 7.0, 6.8, 6.2, 5.4, 2.3, 9.0, 9.0, 8.6, 8.0, 9.2, 4.6, 6.1, 5.7, 6.2
66, 7, 7.3, 7.2, 6.7, 5.8, 2.5, 9.6, 9.6, 9.3, 8.7, 9.8, 5.3, 6.9, 6.5, 7.0
66, 8, 6.4, 6.7, 6.4, 5.8, 3.0, 8.5, 8.8, 8.6, 8.2, 8.8, 4.6, 6.0, 6.1, 6.2
66, 9, 5.6, 6.3, 6.4, 6.1, 3.9, 7.8, 8.4, 8.5, 8.3, 8.5, 4.6, 5.8, 6.3, 6.4
66,10, 4.8, 6.1, 6.7, 6.8, 5.3, 7.4, 8.3, 8.8, 8.9, 8.9, 5.4, 5.9, 7.1, 7.2
66,11, 3.4, 4.7, 5.4, 5.8, 5.0, 5.1, 6.1, 6.6, 6.9, 6.9, 4.5, 3.8, 5.1, 5.4
66,12, 2.9, 4.4, 5.2, 5.7, 5.3, 4.6, 5.6, 6.3, 6.7, 6.8, 4.7, 3.5, 5.0, 5.4
67, 1, 3.2, 4.7, 5.5, 5.9, 5.4, 5.0, 6.1, 6.7, 7.1, 7.1, 4.7, 3.8, 5.3, 5.7
67, 2, 4.1, 5.4, 6.0, 6.3, 5.2, 6.2, 7.1, 7.6, 7.8, 7.8, 4.9, 4.8, 6.0, 6.2
67, 3, 5.3, 6.3, 6.6, 6.5, 4.6, 7.6, 8.4, 8.6, 8.5, 8.6, 4.8, 5.6, 6.4, 6.4
67, 4, 6.3, 6.7, 6.6, 6.1, 3.4, 8.8, 9.1, 9.1, 8.7, 9.2, 4.7, 6.3, 6.5, 6.6
67, 5, 7.4, 7.4, 7.0, 6.2, 2.8,10.1,10.2, 9.9, 9.3,10.3, 5.6, 7.4, 7.2, 7.6
67, 6, 7.3, 7.1, 6.5, 5.6, 2.3, 9.6, 9.6, 9.2, 8.6, 9.8, 5.1, 6.7, 6.3, 6.8
67, 7, 7.2, 7.1, 6.6, 5.7, 2.5, 9.5, 9.5, 9.1, 8.6, 9.6, 5.3, 6.8, 6.5, 7.0
67, 8, 6.1, 6.4, 6.2, 5.6, 3.0, 8.1, 8.3, 8.2, 7.8, 8.4, 4.1, 5.4, 5.5, 5.6
67, 9, 5.5, 6.2, 6.3, 6.1, 4.0, 7.7, 8.3, 8.4, 8.2, 8.4, 4.4, 5.5, 6.0, 6.0
67,10, 4.7, 5.9, 6.4, 6.6, 5.1, 7.0, 7.9, 8.3, 8.4, 8.4, 5.1, 5.4, 6.6, 6.6
67,11, 3.2, 4.4, 5.0, 5.4, 4.7, 4.7, 5.6, 6.1, 6.3, 6.4, 4.0, 3.3, 4.5, 4.8
67,12, 2.7, 3.8, 4.5, 4.9, 4.5, 4.0, 4.8, 5.3, 5.7, 5.8, 3.5, 2.7, 3.8, 4.2
68, 1, 2.9, 4.1, 4.8, 5.1, 4.6, 4.3, 5.2, 5.7, 6.0, 6.1, 3.8, 3.1, 4.3, 4.6
68, 2, 3.8, 4.9, 5.4, 5.7, 4.7, 5.5, 6.3, 6.7, 6.9, 6.9, 3.9, 3.8, 4.8, 4.9
68, 3, 4.9, 5.6, 5.8, 5.7, 4.0, 6.7, 7.3, 7.5, 7.4, 7.5, 3.8, 4.5, 5.1, 5.1
68, 4, 6.5, 7.0, 6.9, 6.4, 3.5, 9.2, 9.6, 9.5, 9.1, 9.6, 5.2, 6.9, 7.2, 7.3
68, 5, 6.9, 6.9, 6.4, 5.7, 2.6, 9.3, 9.3, 9.1, 8.5, 9.4, 4.9, 6.6, 6.3, 6.7
68, 6, 8.0, 7.8, 7.1, 6.1, 2.4,10.9,10.8,10.3, 9.6,11.0, 6.4, 8.4, 7.9, 8.6
68, 7, 6.9, 6.8, 6.3, 5.5, 2.4, 9.1, 9.1, 8.8, 8.2, 9.3, 4.8, 6.3, 6.0, 6.4
68, 8, 6.4, 6.7, 6.4, 5.8, 3.0, 8.6, 8.8, 8.6, 8.2, 8.8, 4.5, 5.9, 5.9, 6.1
68, 9, 6.2, 7.1, 7.3, 7.0, 4.5, 9.1, 9.8, 9.9, 9.7, 9.9, 5.8, 7.3, 8.0, 8.0
68,10, 4.6, 5.9, 6.4, 6.6, 5.1, 7.0, 7.9, 8.3, 8.4, 8.4, 5.2, 5.5, 6.6, 6.7
68,11, 3.0, 4.0, 4.6, 4.8, 4.2, 4.3, 5.0, 5.4, 5.7, 5.7, 3.4, 2.9, 3.9, 4.1
68,12, 2.8, 4.3, 5.0, 5.5, 5.1, 4.4, 5.5, 6.1, 6.5, 6.6, 4.4, 3.4, 4.8, 5.2
69, 1, 3.0, 4.2, 4.8, 5.2, 4.7, 4.4, 5.4, 5.9, 6.2, 6.2, 4.0, 3.2, 4.4, 4.7
69, 2, 4.0, 5.2, 5.8, 6.0, 5.0, 5.9, 6.8, 7.3, 7.5, 7.5, 4.6, 4.5, 5.7, 5.8
69, 3, 4.9, 5.7, 5.9, 5.8, 4.1, 6.9, 7.4, 7.6, 7.5, 7.6, 3.9, 4.7, 5.3, 5.3
69, 4, 6.1, 6.5, 6.4, 5.9, 3.3, 8.5, 8.9, 8.8, 8.4, 8.9, 4.5, 6.0, 6.2, 6.3
69, 5, 6.7, 6.7, 6.3, 5.6, 2.6, 8.8, 8.9, 8.6, 8.1, 9.0, 4.7, 6.2, 5.9, 6.3
69, 6, 7.4, 7.2, 6.6, 5.6, 2.3,10.1,10.0, 9.6, 9.0,10.3, 5.8, 7.7, 7.2, 7.8
69, 7, 7.1, 7.0, 6.5, 5.7, 2.5, 9.3, 9.3, 8.9, 8.3, 9.4, 4.9, 6.4, 6.1, 6.5
69, 8, 6.5, 6.8, 6.5, 5.9, 3.0, 8.8, 9.0, 8.8, 8.4, 9.1, 4.8, 6.3, 6.3, 6.5
69, 9, 5.4, 6.2, 6.3, 6.1, 4.0, 7.7, 8.2, 8.3, 8.1, 8.3, 4.4, 5.6, 6.1, 6.1
69,10, 4.2, 5.1, 5.5, 5.6, 4.3, 6.0, 6.7, 7.0, 7.1, 7.1, 4.0, 4.3, 5.2, 5.2
69,11, 3.6, 5.1, 5.9, 6.3, 5.6, 5.7, 6.8, 7.4, 7.7, 7.8, 5.2, 4.5, 6.0, 6.3
69,12, 2.7, 4.1, 4.8, 5.2, 4.9, 4.3, 5.2, 5.8, 6.1, 6.3, 4.1, 3.1, 4.5, 4.8
70, 1, 3.0, 4.3, 4.9, 5.3, 4.8, 4.6, 5.5, 6.0, 6.3, 6.4, 4.1, 3.3, 4.6, 4.9
70, 2, 3.9, 5.2, 5.8, 6.0, 5.0, 5.9, 6.8, 7.3, 7.4, 7.4, 4.5, 4.3, 5.5, 5.7
70, 3, 4.8, 5.6, 5.8, 5.7, 4.1, 6.7, 7.3, 7.5, 7.4, 7.5, 3.8, 4.6, 5.2, 5.2
70, 4, 6.7, 7.2, 7.1, 6.6, 3.7, 9.7,10.1,10.0, 9.7,10.1, 5.6, 7.6, 7.9, 8.0
70, 5, 7.3, 7.3, 6.9, 6.1, 2.8,10.0,10.1, 9.8, 9.3,10.2, 5.5, 7.4, 7.1, 7.5
70, 6, 7.4, 7.2, 6.6, 5.7, 2.3,10.0, 9.9, 9.5, 8.9,10.1, 5.5, 7.2, 6.8, 7.4
70, 7, 7.0, 6.9, 6.4, 5.6, 2.4, 9.1, 9.1, 8.8, 8.2, 9.3, 4.9, 6.3, 6.0, 6.4
70, 8, 7.0, 7.3, 7.0, 6.3, 3.2, 9.8,10.1, 9.9, 9.4,10.1, 5.6, 7.5, 7.5, 7.8
70, 9, 5.3, 6.0, 6.1, 5.9, 3.8, 7.5, 8.0, 8.1, 7.9, 8.1, 4.1, 5.3, 5.8, 5.8
70,10, 4.3, 5.4, 5.8, 6.0, 4.7, 6.3, 7.1, 7.4, 7.5, 7.5, 4.3, 4.5, 5.4, 5.5
70,11, 3.2, 4.4, 5.1, 5.4, 4.8, 4.9, 5.8, 6.3, 6.5, 6.6, 4.1, 3.5, 4.7, 5.0
70,12, 2.9, 4.3, 5.1, 5.6, 5.2, 4.6, 5.6, 6.3, 6.6, 6.8, 4.5, 3.5, 4.9, 5.4
71, 1, 3.1, 4.5, 5.3, 5.8, 5.3, 5.0, 6.0, 6.6, 6.9, 7.0, 4.5, 3.7, 5.1, 5.4
71, 2, 4.1, 5.3, 6.0, 6.2, 5.2, 6.2, 7.1, 7.6, 7.8, 7.8, 4.7, 4.7, 5.8, 6.0
71, 3, 5.6, 6.6, 7.0, 6.9, 4.9, 8.3, 9.1, 9.4, 9.3, 9.4, 5.4, 6.4, 7.3, 7.3
71, 4, 6.6, 7.1, 7.0, 6.5, 3.6, 9.4, 9.8, 9.8, 9.4, 9.9, 5.4, 7.3, 7.5, 7.7
71, 5, 7.3, 7.3, 6.9, 6.0, 2.7,10.1,10.2, 9.9, 9.3,10.3, 5.6, 7.5, 7.3, 7.7
71, 6, 7.7, 7.4, 6.8, 5.9, 2.3,10.2,10.1, 9.7, 9.0,10.4, 5.9, 7.6, 7.1, 7.8
71, 7, 6.9, 6.8, 6.3, 5.5, 2.4, 9.1, 9.1, 8.8, 8.2, 9.3, 4.8, 6.3, 6.0, 6.4
71, 8, 6.6, 6.8, 6.6, 6.0, 3.1, 9.1, 9.3, 9.2, 8.8, 9.4, 4.8, 6.4, 6.5, 6.7
71, 9, 5.7, 6.4, 6.5, 6.2, 3.9, 8.2, 8.8, 8.8, 8.6, 8.9, 4.8, 6.3, 6.8, 6.9
71,10, 4.5, 5.6, 6.1, 6.2, 4.8, 6.6, 7.5, 7.8, 7.9, 7.9, 4.7, 5.1, 6.1, 6.2
71,11, 3.3, 4.6, 5.3, 5.6, 4.9, 5.1, 6.0, 6.5, 6.8, 6.8, 4.4, 3.8, 5.1, 5.3
71,12, 2.7, 4.0, 4.6, 5.1, 4.7, 4.2, 5.1, 5.6, 5.9, 6.0, 3.9, 3.0, 4.2, 4.6
72, 1, 3.2, 4.8, 5.6, 6.1, 5.5, 5.1, 6.2, 6.9, 7.2, 7.3, 4.9, 4.0, 5.5, 5.9
72, 2, 4.3, 5.8, 6.5, 6.8, 5.6, 6.7, 7.8, 8.3, 8.5, 8.6, 5.4, 5.4, 6.8, 6.9
72, 3, 5.5, 6.5, 6.8, 6.8, 4.8, 8.1, 8.9, 9.1, 9.1, 9.1, 5.2, 6.3, 7.1, 7.2
72, 4, 6.7, 7.2, 7.1, 6.6, 3.7, 9.5, 9.9, 9.9, 9.5,10.0, 5.4, 7.3, 7.5, 7.6
72, 5, 6.9, 6.9, 6.5, 5.8, 2.7, 9.4, 9.5, 9.2, 8.7, 9.6, 5.0, 6.7, 6.4, 6.8
72, 6, 7.8, 7.6, 6.9, 5.9, 2.3,10.5,10.5,10.0, 9.4,10.7, 6.1, 8.0, 7.5, 8.1
72, 7, 6.9, 6.8, 6.3, 5.5, 2.4, 9.0, 9.0, 8.7, 8.1, 9.1, 4.8, 6.2, 5.9, 6.3
72, 8, 6.4, 6.6, 6.4, 5.8, 3.0, 8.8, 9.0, 8.9, 8.4, 9.1, 4.6, 6.2, 6.2, 6.4
72, 9, 5.3, 6.0, 6.2, 5.9, 3.9, 7.4, 7.9, 8.0, 7.9, 8.0, 4.2, 5.2, 5.8, 5.8
72,10, 3.8, 4.7, 5.0, 5.0, 3.8, 5.3, 5.9, 6.2, 6.2, 6.2, 3.3, 3.5, 4.2, 4.3
72,11, 3.2, 4.4, 5.0, 5.3, 4.7, 4.9, 5.7, 6.2, 6.4, 6.5, 3.9, 3.5, 4.6, 4.8
72,12, 2.8, 4.2, 5.0, 5.5, 5.1, 4.5, 5.5, 6.1, 6.5, 6.6, 4.4, 3.4, 4.9, 5.3
73, 1, 2.9, 4.0, 4.6, 4.9, 4.5, 4.2, 5.1, 5.5, 5.8, 5.9, 3.5, 2.9, 4.0, 4.3
73, 2, 3.7, 4.7, 5.1, 5.3, 4.3, 5.2, 6.0, 6.3, 6.5, 6.5, 3.7, 3.6, 4.5, 4.7
73, 3, 4.8, 5.6, 5.8, 5.8, 4.1, 6.7, 7.3, 7.5, 7.4, 7.5, 3.9, 4.6, 5.3, 5.3
73, 4, 6.3, 6.7, 6.7, 6.2, 3.5, 8.7, 9.1, 9.1, 8.7, 9.2, 4.8, 6.4, 6.6, 6.7
73, 5, 7.1, 7.1, 6.7, 5.8, 2.6, 9.9, 9.9, 9.6, 9.1,10.1, 5.4, 7.4, 7.2, 7.6
73, 6, 8.1, 7.8, 7.2, 6.1, 2.3,11.2,11.1,10.7,10.0,11.4, 6.7, 8.9, 8.4, 9.1
73, 7, 6.9, 6.8, 6.3, 5.5, 2.4, 9.0, 9.0, 8.7, 8.1, 9.2, 4.7, 6.1, 5.8, 6.2
73, 8, 7.1, 7.4, 7.1, 6.4, 3.2,10.1,10.4,10.2, 9.8,10.4, 5.9, 7.9, 8.0, 8.2
73, 9, 5.5, 6.2, 6.3, 6.1, 3.9, 7.9, 8.4, 8.5, 8.3, 8.5, 4.6, 5.9, 6.4, 6.4
73,10, 4.8, 6.1, 6.6, 6.8, 5.3, 7.3, 8.3, 8.7, 8.8, 8.9, 5.6, 6.0, 7.2, 7.3
73,11, 3.4, 4.8, 5.5, 5.9, 5.2, 5.4, 6.4, 6.9, 7.2, 7.3, 4.7, 4.2, 5.6, 5.8
73,12, 2.8, 4.3, 5.1, 5.6, 5.2, 4.5, 5.5, 6.1, 6.5, 6.7, 4.4, 3.4, 4.8, 5.2
74, 1, 3.1, 4.4, 5.1, 5.6, 5.1, 4.7, 5.7, 6.3, 6.6, 6.7, 4.4, 3.6, 4.9, 5.3
74, 2, 4.2, 5.6, 6.3, 6.6, 5.5, 6.5, 7.5, 8.0, 8.2, 8.2, 5.2, 5.1, 6.4, 6.6
74, 3, 5.3, 6.2, 6.5, 6.4, 4.5, 7.6, 8.3, 8.6, 8.5, 8.6, 4.8, 5.7, 6.5, 6.5
74, 4, 6.6, 7.1, 7.1, 6.6, 3.7, 9.3, 9.7, 9.7, 9.3, 9.8, 5.3, 7.0, 7.3, 7.4
74, 5, 7.4, 7.4, 6.9, 6.1, 2.8,10.1,10.2, 9.9, 9.4,10.4, 5.6, 7.6, 7.3, 7.7
74, 6, 7.7, 7.5, 6.9, 5.9, 2.3,10.3,10.2, 9.8, 9.1,10.4, 5.9, 7.7, 7.2, 7.8
74, 7, 7.2, 7.1, 6.6, 5.7, 2.5, 9.7, 9.7, 9.3, 8.8, 9.9, 5.2, 6.9, 6.6, 7.1
74, 8, 6.3, 6.5, 6.3, 5.7, 3.0, 8.3, 8.5, 8.4, 7.9, 8.5, 4.3, 5.7, 5.7, 5.9
74, 9, 5.2, 5.7, 5.8, 5.6, 3.5, 7.2, 7.7, 7.8, 7.6, 7.8, 4.1, 5.3, 5.7, 5.8
74,10, 4.2, 5.3, 5.7, 5.8, 4.5, 6.2, 7.0, 7.3, 7.3, 7.4, 4.2, 4.6, 5.5, 5.6
74,11, 3.4, 4.8, 5.5, 5.9, 5.2, 5.2, 6.2, 6.7, 7.0, 7.1, 4.6, 3.9, 5.3, 5.6
74,12, 2.8, 4.1, 4.9, 5.3, 5.0, 4.3, 5.3, 5.9, 6.3, 6.4, 4.2, 3.2, 4.6, 4.9
75, 1, 3.0, 4.3, 5.0, 5.4, 4.9, 4.6, 5.6, 6.1, 6.4, 6.5, 4.2, 3.5, 4.8, 5.1
75, 2, 3.5, 4.4, 4.9, 5.0, 4.2, 5.0, 5.7, 6.0, 6.1, 6.2, 3.3, 3.2, 4.1, 4.2
75, 3, 5.2, 6.1, 6.4, 6.4, 4.5, 7.5, 8.2, 8.4, 8.4, 8.5, 4.6, 5.4, 6.2, 6.2
75, 4, 6.5, 6.9, 6.8, 6.3, 3.5, 9.2, 9.6, 9.6, 9.2, 9.7, 5.3, 7.1, 7.3, 7.4
75, 5, 7.5, 7.5, 7.0, 6.2, 2.8,10.4,10.5,10.2, 9.6,10.6, 5.9, 8.0, 7.8, 8.2
75, 6, 7.7, 7.4, 6.8, 5.8, 2.3,10.4,10.3, 9.9, 9.2,10.6, 5.9, 7.8, 7.3, 7.9
75, 7, 7.1, 7.0, 6.5, 5.6, 2.4, 9.5, 9.5, 9.2, 8.6, 9.7, 5.1, 6.8, 6.4, 6.9
75, 8, 7.1, 7.4, 7.2, 6.5, 3.3,10.0,10.3,10.2, 9.7,10.4, 5.8, 7.8, 7.8, 8.1
75, 9, 5.7, 6.5, 6.7, 6.4, 4.1, 8.3, 8.9, 9.0, 8.8, 9.0, 5.0, 6.3, 6.9, 6.9
75,10, 5.1, 6.5, 7.2, 7.4, 5.8, 8.0, 9.0, 9.5, 9.6, 9.6, 6.2, 6.7, 8.1, 8.2
75,11, 3.5, 4.9, 5.7, 6.1, 5.4, 5.6, 6.6, 7.2, 7.5, 7.5, 4.9, 4.4, 5.8, 6.1
75,12, 2.8, 4.3, 5.1, 5.6, 5.2, 4.5, 5.5, 6.2, 6.5, 6.7, 4.5, 3.5, 4.9, 5.3
76, 1, 3.3, 4.9, 5.7, 6.3, 5.7, 5.3, 6.4, 7.1, 7.5, 7.6, 5.2, 4.2, 5.8, 6.2
76, 2, 4.1, 5.3, 5.9, 6.1, 5.0, 6.0, 6.9, 7.4, 7.5, 7.5, 4.6, 4.5, 5.7, 5.8
76, 3, 5.2, 6.1, 6.4, 6.3, 4.4, 7.5, 8.2, 8.4, 8.4, 8.4, 4.6, 5.5, 6.2, 6.3
76, 4, 6.2, 6.7, 6.6, 6.1, 3.5, 8.6, 9.0, 8.9, 8.6, 9.0, 4.6, 6.0, 6.3, 6.4
76, 5, 7.1, 7.1, 6.7, 5.9, 2.7, 9.7, 9.8, 9.5, 8.9, 9.9, 5.2, 7.0, 6.8, 7.2
76, 6, 7.9, 7.7, 7.0, 6.0, 2.3,10.8,10.7,10.3, 9.6,11.0, 6.4, 8.4, 7.8, 8.5
76, 7, 7.3, 7.2, 6.7, 5.8, 2.5, 9.9, 9.9, 9.5, 8.9,10.1, 5.4, 7.2, 6.8, 7.3
76, 8, 6.7, 7.0, 6.8, 6.1, 3.1, 9.3, 9.6, 9.4, 9.0, 9.6, 5.0, 6.8, 6.8, 7.0
76, 9, 5.4, 6.1, 6.2, 6.0, 3.8, 7.5, 8.0, 8.1, 7.9, 8.1, 4.3, 5.3, 5.8, 5.8
76,10, 4.3, 5.5, 5.9, 6.0, 4.7, 6.4, 7.2, 7.6, 7.6, 7.7, 4.4, 4.8, 5.7, 5.8
76,11, 3.5, 4.9, 5.7, 6.1, 5.4, 5.5, 6.5, 7.1, 7.4, 7.5, 5.0, 4.3, 5.8, 6.1
76,12, 3.1, 4.9, 5.8, 6.4, 6.1, 5.2, 6.5, 7.2, 7.7, 7.8, 5.7, 4.4, 6.2, 6.7
77, 1, 3.1, 4.5, 5.3, 5.7, 5.3, 4.9, 5.9, 6.5, 6.8, 6.9, 4.5, 3.7, 5.1, 5.4
77, 2, 4.1, 5.4, 6.1, 6.4, 5.3, 6.3, 7.3, 7.8, 7.9, 8.0, 4.9, 4.8, 6.1, 6.3
77, 3, 5.3, 6.2, 6.5, 6.4, 4.5, 7.7, 8.4, 8.7, 8.6, 8.7, 4.9, 5.9, 6.7, 6.7
77, 4, 6.0, 6.4, 6.3, 5.9, 3.3, 8.1, 8.5, 8.4, 8.1, 8.5, 4.4, 5.8, 6.0, 6.1
77, 5, 7.0, 6.9, 6.5, 5.7, 2.6, 9.5, 9.6, 9.3, 8.8, 9.7, 5.2, 7.0, 6.8, 7.1
77, 6, 7.5, 7.3, 6.7, 5.8, 2.3,10.1,10.0, 9.6, 8.9,10.2, 5.7, 7.4, 6.9, 7.5
77, 7, 7.5, 7.4, 6.8, 5.9, 2.5,10.3,10.3, 9.9, 9.3,10.4, 5.9, 7.8, 7.4, 7.9
77, 8, 6.4, 6.7, 6.5, 5.9, 3.1, 8.6, 8.9, 8.7, 8.3, 8.9, 4.6, 6.0, 6.1, 6.3
77, 9, 5.7, 6.4, 6.6, 6.3, 4.1, 8.0, 8.6, 8.7, 8.5, 8.7, 4.7, 5.9, 6.4, 6.5
77,10, 4.6, 5.8, 6.3, 6.4, 5.0, 6.9, 7.8, 8.1, 8.2, 8.3, 5.0, 5.3, 6.4, 6.5
77,11, 3.5, 4.9, 5.6, 6.0, 5.3, 5.4, 6.4, 7.0, 7.3, 7.4, 4.8, 4.2, 5.5, 5.8
77,12, 2.8, 4.1, 4.8, 5.3, 4.9, 4.3, 5.3, 5.8, 6.2, 6.3, 4.1, 3.1, 4.5, 4.8
78, 1, 2.8, 3.8, 4.4, 4.7, 4.3, 4.0, 4.7, 5.2, 5.4, 5.5, 3.2, 2.5, 3.5, 3.7
78, 2, 3.8, 4.7, 5.2, 5.4, 4.6, 5.4, 6.1, 6.5, 6.6, 6.6, 3.6, 3.6, 4.5, 4.6
78, 3, 5.0, 5.9, 6.1, 6.0, 4.2, 7.2, 7.8, 8.0, 7.9, 8.0, 4.2, 5.1, 5.8, 5.8
78, 4, 6.9, 7.4, 7.3, 6.8, 3.8, 9.9,10.3,10.3, 9.9,10.4, 5.8, 7.8, 8.0, 8.2
78, 5, 6.9, 6.9, 6.5, 5.7, 2.7, 9.4, 9.4, 9.1, 8.6, 9.6, 5.1, 6.8, 6.5, 6.9
78, 6, 7.2, 6.9, 6.4, 5.5, 2.2, 9.7, 9.6, 9.2, 8.6, 9.8, 5.3, 7.0, 6.5, 7.1
78, 7, 7.5, 7.4, 6.8, 5.9, 2.4,10.3,10.3,10.0, 9.3,10.5, 6.0, 7.9, 7.5, 8.1
78, 8, 6.5, 6.8, 6.5, 5.9, 3.0, 8.9, 9.2, 9.0, 8.6, 9.2, 4.8, 6.4, 6.4, 6.7
78, 9, 5.4, 6.0, 6.1, 5.9, 3.7, 7.6, 8.1, 8.2, 8.0, 8.2, 4.3, 5.5, 6.0, 6.0
78,10, 4.7, 6.0, 6.6, 6.7, 5.2, 7.3, 8.2, 8.6, 8.7, 8.7, 5.4, 5.9, 7.1, 7.1
78,11, 2.7, 3.5, 3.8, 4.0, 3.4, 3.6, 4.2, 4.5, 4.7, 4.7, 2.5, 2.1, 2.9, 3.0
78,12, 2.8, 4.1, 4.9, 5.3, 5.0, 4.3, 5.3, 5.9, 6.3, 6.4, 4.2, 3.2, 4.5, 4.9
79, 1, 2.8, 3.8, 4.3, 4.6, 4.3, 4.0, 4.8, 5.2, 5.4, 5.5, 2.8, 2.3, 3.2, 3.4
79, 2, 3.8, 5.0, 5.5, 5.7, 4.7, 5.7, 6.5, 6.9, 7.1, 7.1, 4.2, 4.1, 5.2, 5.3
79, 3, 5.0, 5.9, 6.2, 6.1, 4.3, 7.2, 7.9, 8.1, 8.0, 8.1, 4.4, 5.2, 6.0, 6.0
79, 4, 6.1, 6.5, 6.4, 5.9, 3.4, 8.2, 8.5, 8.5, 8.2, 8.6, 4.3, 5.6, 5.9, 6.0
79, 5, 6.5, 6.5, 6.1, 5.4, 2.6, 8.4, 8.5, 8.3, 7.8, 8.6, 4.2, 5.6, 5.4, 5.7
79, 6, 7.5, 7.3, 6.7, 5.7, 2.3,10.1,10.0, 9.6, 9.0,10.3, 5.8, 7.6, 7.1, 7.7
79, 7, 7.1, 7.0, 6.5, 5.6, 2.4, 9.4, 9.4, 9.1, 8.5, 9.6, 5.1, 6.7, 6.3, 6.8
79, 8, 6.7, 6.9, 6.7, 6.1, 3.1, 9.2, 9.5, 9.3, 8.9, 9.5, 5.1, 6.8, 6.8, 7.0
79, 9, 5.8, 6.6, 6.7, 6.5, 4.1, 8.3, 8.9, 9.0, 8.8, 9.0, 5.1, 6.4, 7.0, 7.0
79,10, 4.4, 5.6, 6.1, 6.2, 4.8, 6.7, 7.5, 7.8, 7.9, 7.9, 4.6, 5.0, 6.0, 6.1
79,11, 3.3, 4.6, 5.3, 5.7, 5.0, 5.0, 6.0, 6.5, 6.8, 6.9, 4.4, 3.8, 5.1, 5.3
79,12, 2.8, 4.2, 5.0, 5.4, 5.1, 4.4, 5.5, 6.1, 6.4, 6.5, 4.4, 3.4, 4.8, 5.3
80, 1, 2.5, 3.4, 3.9, 4.1, 3.7, 3.5, 4.2, 4.6, 4.8, 4.8, 2.6, 2.1, 2.9, 3.1
80, 2, 3.8, 5.0, 5.5, 5.8, 4.8, 5.7, 6.5, 6.9, 7.1, 7.1, 4.1, 4.0, 5.1, 5.2
80, 3, 5.0, 5.9, 6.2, 6.1, 4.3, 7.3, 7.9, 8.1, 8.1, 8.2, 4.3, 5.3, 6.0, 6.0
80, 4, 6.3, 6.8, 6.7, 6.2, 3.5, 8.9, 9.3, 9.2, 8.9, 9.3, 4.9, 6.6, 6.9, 7.0
80, 5, 6.8, 6.8, 6.4, 5.6, 2.6, 9.0, 9.1, 8.8, 8.3, 9.2, 4.6, 6.1, 5.9, 6.3
80, 6, 7.5, 7.2, 6.6, 5.7, 2.3,10.1,10.1, 9.6, 9.0,10.3, 5.7, 7.6, 7.1, 7.7
80, 7, 7.6, 7.5, 6.9, 6.0, 2.5,10.3,10.3,10.0, 9.3,10.5, 6.1, 7.9, 7.5, 8.1
80, 8, 6.2, 6.5, 6.2, 5.7, 2.9, 8.4, 8.6, 8.5, 8.1, 8.7, 4.4, 5.8, 5.8, 6.0
80, 9, 5.3, 6.0, 6.1, 5.8, 3.8, 7.5, 8.0, 8.1, 7.9, 8.1, 4.2, 5.4, 5.9, 5.9
80,10, 4.8, 6.2, 6.8, 6.9, 5.4, 7.5, 8.5, 8.9, 9.0, 9.0, 5.7, 6.2, 7.4, 7.5
80,11, 3.4, 4.7, 5.4, 5.8, 5.1, 5.2, 6.2, 6.7, 7.0, 7.1, 4.5, 4.0, 5.3, 5.5
80,12, 2.7, 4.0, 4.7, 5.1, 4.7, 4.1, 5.1, 5.6, 6.0, 6.1, 4.0, 3.0, 4.3, 4.7
81, 1, 3.1, 4.4, 5.1, 5.5, 5.0, 4.7, 5.7, 6.3, 6.6, 6.7, 4.4, 3.6, 4.9, 5.3
81, 2, 3.9, 5.1, 5.6, 5.8, 4.8, 5.8, 6.6, 7.1, 7.2, 7.2, 4.4, 4.3, 5.4, 5.6
81, 3, 4.8, 5.5, 5.7, 5.6, 3.9, 6.6, 7.2, 7.4, 7.3, 7.4, 3.7, 4.5, 5.1, 5.1
81, 4, 6.3, 6.7, 6.6, 6.1, 3.5, 8.7, 9.1, 9.0, 8.7, 9.1, 4.8, 6.4, 6.6, 6.7
81, 5, 6.7, 6.7, 6.3, 5.6, 2.6, 8.8, 8.9, 8.6, 8.1, 9.0, 4.5, 5.9, 5.8, 6.1
81, 6, 7.8, 7.6, 7.0, 5.9, 2.3,10.7,10.6,10.2, 9.5,10.9, 6.2, 8.3, 7.7, 8.4
81, 7, 7.2, 7.1, 6.6, 5.7, 2.4, 9.8, 9.8, 9.5, 8.9,10.0, 5.4, 7.2, 6.8, 7.3
81, 8, 6.2, 6.5, 6.3, 5.7, 3.0, 8.3, 8.5, 8.4, 8.0, 8.6, 4.3, 5.6, 5.7, 5.8
81, 9, 5.3, 6.0, 6.1, 5.9, 3.8, 7.4, 8.0, 8.1, 7.9, 8.1, 4.3, 5.4, 5.9, 5.9
81,10, 3.9, 4.8, 5.2, 5.3, 4.1, 5.5, 6.2, 6.5, 6.5, 6.5, 3.6, 3.8, 4.6, 4.6
81,11, 3.3, 4.6, 5.3, 5.6, 4.9, 5.0, 5.9, 6.5, 6.7, 6.8, 4.4, 3.8, 5.1, 5.3
81,12, 2.8, 4.2, 4.9, 5.4, 5.0, 4.3, 5.3, 5.9, 6.3, 6.4, 4.2, 3.2, 4.6, 5.0
82, 1, 3.0, 4.3, 5.0, 5.4, 4.9, 4.6, 5.5, 6.1, 6.4, 6.5, 4.1, 3.3, 4.6, 4.9
82, 2, 3.8, 4.8, 5.3, 5.5, 4.5, 5.3, 6.1, 6.5, 6.6, 6.7, 3.9, 3.7, 4.7, 4.8
82, 3, 5.1, 6.0, 6.3, 6.2, 4.3, 7.3, 8.0, 8.2, 8.1, 8.3, 4.5, 5.4, 6.1, 6.1
82, 4, 5.9, 6.4, 6.3, 5.9, 3.4, 8.0, 8.4, 8.3, 8.0, 8.4, 4.2, 5.5, 5.7, 5.8
82, 5, 6.9, 6.9, 6.5, 5.7, 2.6, 9.3, 9.4, 9.1, 8.5, 9.5, 5.0, 6.6, 6.4, 6.8
82, 6, 7.1, 6.9, 6.4, 5.5, 2.3, 9.2, 9.1, 8.8, 8.2, 9.3, 4.9, 6.3, 5.9, 6.4
82, 7, 6.9, 6.8, 6.3, 5.5, 2.4, 9.0, 9.0, 8.7, 8.1, 9.1, 4.7, 6.1, 5.8, 6.2
82, 8, 6.7, 7.0, 6.7, 6.1, 3.2, 8.9, 9.1, 9.0, 8.6, 9.2, 4.7, 6.1, 6.2, 6.4
82, 9, 5.2, 5.8, 5.9, 5.7, 3.7, 7.0, 7.5, 7.6, 7.4, 7.6, 3.8, 4.6, 5.1, 5.1
82,10, 4.4, 5.5, 5.9, 6.0, 4.7, 6.3, 7.1, 7.4, 7.5, 7.5, 4.2, 4.4, 5.3, 5.4
82,11, 3.0, 4.0, 4.5, 4.8, 4.1, 4.2, 4.9, 5.4, 5.6, 5.6, 3.2, 2.7, 3.7, 3.9
82,12, 2.2, 3.1, 3.5, 3.7, 3.3, 3.0, 3.7, 4.0, 4.2, 4.3, 2.4, 1.8, 2.6, 2.8
83, 1, 2.7, 3.7, 4.2, 4.5, 4.0, 3.8, 4.5, 4.9, 5.2, 5.3, 3.1, 2.3, 3.3, 3.6
83, 2, 3.5, 4.4, 4.8, 5.0, 4.0, 4.8, 5.5, 5.8, 5.9, 5.9, 3.1, 3.0, 3.8, 3.9
83, 3, 4.5, 5.2, 5.3, 5.3, 3.7, 5.9, 6.5, 6.6, 6.5, 6.6, 3.1, 3.6, 4.1, 4.1
83, 4, 6.0, 6.3, 6.2, 5.8, 3.3, 7.9, 8.2, 8.1, 7.8, 8.2, 4.0, 5.2, 5.4, 5.5
83, 5, 7.1, 7.1, 6.7, 5.9, 2.8, 9.4, 9.5, 9.2, 8.7, 9.6, 5.1, 6.8, 6.5, 6.9
83, 6, 7.3, 7.1, 6.6, 5.6, 2.3, 9.6, 9.5, 9.1, 8.5, 9.7, 5.2, 6.7, 6.2, 6.8
83, 7, 7.4, 7.3, 6.8, 5.9, 2.5, 9.7, 9.7, 9.4, 8.8, 9.9, 5.3, 6.9, 6.6, 7.0
83, 8, 6.6, 6.9, 6.6, 6.0, 3.1, 8.9, 9.2, 9.0, 8.6, 9.2, 4.7, 6.2, 6.2, 6.4
83, 9, 5.9, 6.7, 6.8, 6.5, 4.2, 8.4, 9.0, 9.1, 8.9, 9.1, 5.1, 6.3, 6.9, 6.9
83,10, 4.1, 5.0, 5.4, 5.5, 4.2, 5.7, 6.4, 6.7, 6.8, 6.8, 3.8, 4.0, 4.8, 4.9
83,11, 3.1, 4.3, 4.9, 5.2, 4.5, 4.5, 5.4, 5.9, 6.1, 6.2, 3.8, 3.2, 4.3, 4.5
83,12, 2.4, 3.4, 3.9, 4.2, 3.8, 3.4, 4.2, 4.6, 4.8, 4.9, 2.9, 2.2, 3.1, 3.4
84, 1, 3.0, 4.3, 5.0, 5.4, 4.9, 4.5, 5.5, 6.1, 6.4, 6.4, 4.2, 3.4, 4.7, 5.0
84, 2, 4.3, 5.7, 6.4, 6.7, 5.5, 6.5, 7.5, 8.0, 8.3, 8.3, 5.3, 5.1, 6.5, 6.7
84, 3, 4.7, 5.5, 5.7, 5.7, 4.0, 6.5, 7.1, 7.3, 7.2, 7.3, 3.8, 4.4, 5.1, 5.1
84, 4, 6.6, 7.1, 7.0, 6.5, 3.6, 9.1, 9.6, 9.5, 9.2, 9.6, 5.3, 6.9, 7.2, 7.3
84, 5, 6.9, 6.9, 6.5, 5.7, 2.7, 9.1, 9.2, 8.9, 8.4, 9.3, 4.8, 6.3, 6.1, 6.4
84, 6, 6.8, 6.6, 6.1, 5.3, 2.3, 8.7, 8.6, 8.2, 7.7, 8.8, 4.4, 5.6, 5.3, 5.7
84, 7, 7.2, 7.1, 6.6, 5.7, 2.4, 9.7, 9.7, 9.4, 8.8, 9.9, 5.3, 7.0, 6.7, 7.2
84, 8, 6.2, 6.5, 6.3, 5.8, 3.0, 8.3, 8.6, 8.4, 8.0, 8.6, 4.3, 5.7, 5.8, 5.9
84, 9, 5.5, 6.2, 6.3, 6.1, 3.8, 7.7, 8.3, 8.4, 8.1, 8.4, 4.6, 5.7, 6.3, 6.3
84,10, 3.9, 4.9, 5.3, 5.3, 4.1, 5.5, 6.2, 6.5, 6.5, 6.6, 3.7, 3.8, 4.6, 4.7
84,11, 3.1, 4.3, 4.9, 5.2, 4.5, 4.6, 5.4, 5.9, 6.2, 6.2, 3.9, 3.3, 4.5, 4.7
84,12, 2.3, 3.3, 3.8, 4.1, 3.7, 3.3, 4.0, 4.4, 4.6, 4.7, 2.8, 2.1, 3.1, 3.3
85, 1, 2.8, 4.0, 4.6, 4.9, 4.4, 4.1, 4.9, 5.4, 5.7, 5.8, 3.6, 2.9, 4.0, 4.3
85, 2, 3.8, 4.9, 5.4, 5.6, 4.6, 5.5, 6.3, 6.7, 6.9, 6.9, 4.1, 4.0, 5.0, 5.1
85, 3, 4.7, 5.4, 5.6, 5.5, 3.9, 6.5, 7.1, 7.3, 7.2, 7.3, 3.7, 4.4, 5.1, 5.1
85, 4, 6.3, 6.8, 6.7, 6.2, 3.5, 8.8, 9.2, 9.1, 8.8, 9.2, 4.9, 6.5, 6.7, 6.8
85, 5, 6.8, 6.8, 6.4, 5.7, 2.6, 9.2, 9.2, 9.0, 8.4, 9.4, 4.8, 6.4, 6.2, 6.6
85, 6, 7.3, 7.1, 6.5, 5.5, 2.2, 9.8, 9.7, 9.3, 8.7,10.0, 5.6, 7.4, 6.9, 7.5
85, 7, 7.3, 7.2, 6.7, 5.8, 2.4, 9.9, 9.9, 9.6, 8.9,10.1, 5.5, 7.3, 6.9, 7.4
85, 8, 6.8, 7.1, 6.8, 6.2, 3.2, 9.2, 9.5, 9.4, 8.9, 9.5, 5.2, 6.8, 6.9, 7.1
85, 9, 5.2, 5.8, 5.9, 5.6, 3.6, 7.1, 7.6, 7.7, 7.5, 7.7, 3.9, 4.9, 5.3, 5.3
85,10, 4.4, 5.5, 5.9, 6.1, 4.7, 6.4, 7.2, 7.6, 7.7, 7.7, 4.5, 4.8, 5.8, 5.9
85,11, 3.1, 4.3, 4.8, 5.2, 4.5, 4.6, 5.5, 5.9, 6.2, 6.2, 3.8, 3.3, 4.4, 4.6
85,12, 2.9, 4.4, 5.2, 5.8, 5.4, 4.6, 5.7, 6.4, 6.8, 6.9, 4.8, 3.7, 5.2, 5.7
86, 1, 3.2, 4.7, 5.5, 6.0, 5.5, 5.1, 6.2, 6.8, 7.2, 7.3, 4.9, 4.0, 5.5, 5.9
86, 2, 3.6, 4.6, 5.0, 5.2, 4.2, 5.1, 5.8, 6.2, 6.3, 6.3, 3.5, 3.4, 4.3, 4.4
86, 3, 5.2, 6.1, 6.4, 6.3, 4.4, 7.5, 8.2, 8.4, 8.3, 8.4, 4.7, 5.7, 6.4, 6.4
86, 4, 6.3, 6.7, 6.6, 6.1, 3.4, 8.7, 9.1, 9.0, 8.6, 9.1, 4.8, 6.3, 6.6, 6.7
86, 5, 6.6, 6.6, 6.2, 5.5, 2.6, 8.8, 8.9, 8.6, 8.1, 9.0, 4.6, 6.2, 6.0, 6.3
86, 6, 7.0, 6.8, 6.2, 5.3, 2.2, 9.2, 9.1, 8.8, 8.2, 9.3, 5.0, 6.6, 6.2, 6.7
86, 7, 7.5, 7.4, 6.8, 5.9, 2.5,10.3,10.3, 9.9, 9.3,10.5, 5.8, 7.7, 7.3, 7.9
86, 8, 6.4, 6.7, 6.4, 5.8, 3.0, 8.5, 8.7, 8.6, 8.1, 8.8, 4.7, 6.0, 6.0, 6.2
86, 9, 5.5, 6.2, 6.3, 6.1, 3.9, 7.7, 8.3, 8.4, 8.2, 8.4, 4.5, 5.7, 6.2, 6.2
86,10, 4.0, 4.9, 5.3, 5.3, 4.1, 5.6, 6.3, 6.6, 6.6, 6.7, 3.7, 3.9, 4.7, 4.8
86,11, 3.1, 4.3, 4.9, 5.2, 4.6, 4.7, 5.6, 6.1, 6.3, 6.4, 4.1, 3.6, 4.8, 5.0
86,12, 2.5, 3.5, 4.1, 4.4, 4.1, 3.7, 4.5, 4.9, 5.2, 5.3, 3.4, 2.6, 3.7, 4.0
87, 1, 2.8, 3.9, 4.5, 4.8, 4.3, 4.1, 4.9, 5.4, 5.6, 5.7, 3.5, 2.9, 4.0, 4.3
87, 2, 3.6, 4.6, 5.0, 5.2, 4.3, 5.1, 5.8, 6.2, 6.3, 6.3, 3.6, 3.5, 4.4, 4.6
87, 3, 4.9, 5.8, 6.1, 6.0, 4.2, 7.1, 7.7, 7.9, 7.8, 7.9, 4.3, 5.2, 5.9, 5.9
87, 4, 6.4, 6.9, 6.7, 6.2, 3.4, 9.2, 9.6, 9.5, 9.1, 9.6, 5.1, 7.0, 7.2, 7.3
87, 5, 6.5, 6.5, 6.1, 5.4, 2.5, 8.8, 8.8, 8.6, 8.1, 8.9, 4.5, 6.1, 5.9, 6.2
87, 6, 7.4, 7.2, 6.6, 5.7, 2.3, 9.9, 9.8, 9.4, 8.8,10.1, 5.7, 7.4, 6.9, 7.5
87, 7, 7.7, 7.6, 7.0, 6.0, 2.5,10.6,10.6,10.2, 9.6,10.8, 6.1, 8.2, 7.7, 8.3
87, 8, 6.3, 6.5, 6.2, 5.7, 2.9, 8.5, 8.7, 8.5, 8.1, 8.7, 4.6, 6.1, 6.1, 6.3
87, 9, 5.8, 6.6, 6.8, 6.5, 4.2, 8.4, 9.0, 9.1, 9.0, 9.2, 5.2, 6.6, 7.2, 7.2
87,10, 4.6, 5.8, 6.3, 6.4, 4.9, 6.8, 7.7, 8.1, 8.2, 8.2, 5.0, 5.4, 6.4, 6.5
87,11, 3.4, 4.8, 5.6, 5.9, 5.3, 5.3, 6.4, 6.9, 7.2, 7.3, 4.8, 4.2, 5.6, 5.9
87,12, 2.7, 4.0, 4.7, 5.2, 4.8, 4.2, 5.1, 5.7, 6.1, 6.2, 4.2, 3.2, 4.5, 4.9
88, 1, 2.8, 4.0, 4.6, 4.9, 4.4, 4.3, 5.1, 5.6, 5.8, 5.9, 3.6, 3.0, 4.1, 4.3
88, 2, 4.0, 5.2, 5.8, 6.0, 4.9, 5.9, 6.8, 7.3, 7.4, 7.4, 4.7, 4.6, 5.8, 5.9
88, 3, 5.4, 6.3, 6.6, 6.5, 4.6, 8.0, 8.7, 8.9, 8.8, 8.9, 5.1, 6.2, 7.0, 7.0
88, 4, 6.5, 6.9, 6.8, 6.3, 3.5, 9.1, 9.5, 9.5, 9.1, 9.6, 5.2, 7.0, 7.2, 7.3
88, 5, 6.9, 6.9, 6.5, 5.7, 2.6, 9.4, 9.5, 9.2, 8.7, 9.6, 5.1, 6.9, 6.6, 7.0
88, 6, 7.3, 7.1, 6.5, 5.6, 2.3, 9.9, 9.8, 9.4, 8.8,10.1, 5.5, 7.3, 6.8, 7.4
88, 7, 7.1, 7.0, 6.5, 5.7, 2.4, 9.5, 9.5, 9.2, 8.6, 9.7, 5.2, 6.8, 6.5, 7.0
88, 8, 6.3, 6.5, 6.3, 5.7, 3.0, 8.5, 8.7, 8.5, 8.1, 8.7, 4.3, 5.8, 5.8, 5.9
88, 9, 5.6, 6.3, 6.5, 6.3, 4.0, 8.0, 8.6, 8.7, 8.5, 8.7, 4.8, 6.0, 6.6, 6.6
88,10, 4.6, 5.9, 6.4, 6.6, 5.1, 7.0, 8.0, 8.4, 8.5, 8.5, 5.2, 5.6, 6.7, 6.8
88,11, 3.5, 5.1, 5.8, 6.3, 5.5, 5.6, 6.7, 7.3, 7.6, 7.7, 5.1, 4.5, 6.0, 6.3
88,12, 2.9, 4.3, 5.1, 5.6, 5.2, 4.6, 5.6, 6.3, 6.7, 6.8, 4.7, 3.6, 5.1, 5.5
