"City:    ","EAGLE                 "
"State:   ","CO"
"WBAN No: ", 23063
"Lat(N):  ", 39.65
"Long(W): ",106.92
"Elev(m): ",  1985
"Pres(mb):",   802
"Stn Type:","Secondary"
"MONTHLY SOLAR RADIATION (kWh/m2/day)"
"COLUMN A: Year"
"COLUMN B: Month"
"COLUMN C: Flat-Plate Collector Facing South at Fixed Tilt=0"
"COLUMN D: Flat-Plate Collector Facing South at Fixed Tilt=Lat-15"
"COLUMN E: Flat-Plate Collector Facing South at Fixed Tilt=Lat"
"COLUMN F: Flat-Plate Collector Facing South at Fixed Tilt=Lat+15"
"COLUMN G: Flat-Plate Collector Facing South at Fixed Tilt=90"
"COLUMN H: 1-Axis Tracking Flat-Plate Collector with North-South Axis, Axis Tilt=0"
"COLUMN I: 1-Axis Tracking Flat-Plate Collector with North-South Axis, Axis Tilt=Lat-15"
"COLUMN J: 1-Axis Tracking Flat-Plate Collector with North-South Axis, Axis Tilt=Lat"
"COLUMN K: 1-Axis Tracking Flat-Plate Collector with North-South Axis, Axis Tilt=Lat+15"
"COLUMN L: 2-Axis Tracking Flat-Plate Collector"
"COLUMN M: 1-Axis Tracking Concentrating Collector with East-West Horizontal Axis"
"COLUMN N: 1-Axis Tracking Concentrating Collector with North-South Horizontal Axis"
"COLUMN O: 1-Axis Tracking Concentrating Collector with North-South Axis, Axis Tilt=Lat"
"COLUMN P: 2-Axis Tracking Concentrating Collector"
"COL A","COL B","COL C","COL D","COL E","COL F","COL G","COL H","COL I","COL J","COL K","COL L","COL M","COL N","COL O","COL P"
61, 1, 2.9, 4.9, 5.8, 6.4, 6.3, 4.9, 6.4, 7.1, 7.6, 7.7, 5.2, 3.9, 5.7, 6.1
61, 2, 3.2, 4.5, 5.0, 5.2, 4.7, 4.8, 5.7, 6.1, 6.3, 6.3, 3.4, 3.1, 4.1, 4.3
61, 3, 4.5, 5.4, 5.7, 5.7, 4.5, 6.3, 7.0, 7.2, 7.2, 7.3, 3.6, 4.1, 4.8, 4.8
61, 4, 5.4, 5.9, 5.9, 5.5, 3.6, 7.5, 7.9, 7.9, 7.6, 7.9, 3.7, 4.8, 5.1, 5.2
61, 5, 6.6, 6.7, 6.3, 5.5, 2.9, 9.1, 9.2, 9.0, 8.5, 9.4, 4.8, 6.5, 6.4, 6.7
61, 6, 7.2, 7.0, 6.4, 5.4, 2.6,10.0,10.0, 9.6, 9.0,10.3, 5.5, 7.4, 7.0, 7.6
61, 7, 6.8, 6.7, 6.3, 5.4, 2.7, 9.3, 9.4, 9.1, 8.5, 9.6, 5.0, 6.6, 6.3, 6.8
61, 8, 5.9, 6.3, 6.1, 5.5, 3.2, 8.1, 8.4, 8.3, 7.9, 8.5, 4.3, 5.7, 5.8, 6.0
61, 9, 4.7, 5.4, 5.5, 5.3, 3.7, 6.7, 7.3, 7.3, 7.2, 7.4, 3.8, 4.7, 5.3, 5.3
61,10, 3.9, 5.3, 5.7, 5.8, 4.8, 6.0, 7.0, 7.4, 7.4, 7.4, 4.5, 4.6, 5.8, 5.8
61,11, 2.6, 3.9, 4.4, 4.7, 4.3, 4.0, 5.0, 5.4, 5.6, 5.7, 3.5, 2.9, 4.0, 4.3
61,12, 2.2, 3.5, 4.1, 4.5, 4.4, 3.3, 4.3, 4.8, 5.1, 5.2, 3.2, 2.2, 3.4, 3.6
62, 1, 2.6, 4.1, 4.8, 5.2, 5.1, 4.1, 5.2, 5.8, 6.1, 6.2, 3.8, 2.8, 4.2, 4.5
62, 2, 3.1, 4.1, 4.6, 4.8, 4.3, 4.3, 5.1, 5.4, 5.6, 5.6, 2.8, 2.4, 3.3, 3.4
62, 3, 4.8, 5.9, 6.2, 6.2, 4.9, 7.0, 7.8, 8.1, 8.0, 8.1, 4.2, 4.8, 5.7, 5.7
62, 4, 6.0, 6.6, 6.5, 6.1, 3.8, 8.5, 9.0, 9.0, 8.6, 9.1, 4.8, 6.3, 6.6, 6.7
62, 5, 6.2, 6.2, 5.8, 5.2, 2.8, 8.3, 8.5, 8.2, 7.8, 8.6, 4.0, 5.5, 5.3, 5.7
62, 6, 7.3, 7.1, 6.5, 5.6, 2.7,10.1,10.1, 9.7, 9.0,10.3, 5.7, 7.5, 7.1, 7.7
62, 7, 7.1, 7.0, 6.5, 5.6, 2.8, 9.9,10.0, 9.6, 9.1,10.2, 5.5, 7.4, 7.1, 7.6
62, 8, 6.5, 6.9, 6.7, 6.0, 3.5, 9.4, 9.8, 9.7, 9.2, 9.9, 5.3, 7.2, 7.3, 7.6
62, 9, 5.3, 6.3, 6.4, 6.1, 4.2, 7.9, 8.6, 8.7, 8.6, 8.8, 4.8, 6.1, 6.8, 6.8
62,10, 4.1, 5.6, 6.1, 6.2, 5.1, 6.4, 7.5, 7.9, 8.0, 8.0, 5.0, 5.2, 6.5, 6.6
62,11, 2.8, 4.3, 4.9, 5.2, 4.7, 4.3, 5.5, 5.9, 6.2, 6.2, 4.1, 3.3, 4.7, 4.9
62,12, 2.3, 3.8, 4.5, 4.9, 4.8, 3.7, 4.8, 5.3, 5.7, 5.8, 3.9, 2.7, 4.2, 4.5
63, 1, 2.4, 3.6, 4.2, 4.5, 4.4, 3.6, 4.5, 4.9, 5.2, 5.2, 2.9, 2.1, 3.2, 3.4
63, 2, 3.2, 4.6, 5.0, 5.2, 4.5, 4.8, 5.8, 6.2, 6.3, 6.3, 3.8, 3.4, 4.6, 4.7
63, 3, 4.5, 5.5, 5.8, 5.7, 4.4, 6.6, 7.3, 7.5, 7.5, 7.5, 4.0, 4.7, 5.5, 5.5
63, 4, 5.3, 5.8, 5.7, 5.3, 3.3, 7.1, 7.6, 7.5, 7.2, 7.6, 3.6, 4.7, 5.0, 5.0
63, 5, 6.7, 6.8, 6.4, 5.6, 2.9, 9.5, 9.7, 9.4, 8.9, 9.8, 4.9, 6.8, 6.7, 7.1
63, 6, 7.4, 7.1, 6.5, 5.5, 2.6,10.4,10.3, 9.9, 9.3,10.6, 5.8, 7.9, 7.5, 8.1
63, 7, 7.1, 7.0, 6.5, 5.6, 2.8, 9.9,10.0, 9.6, 9.1,10.2, 5.4, 7.4, 7.1, 7.6
63, 8, 5.3, 5.5, 5.3, 4.8, 2.9, 6.9, 7.2, 7.1, 6.7, 7.3, 3.3, 4.3, 4.4, 4.6
63, 9, 5.2, 6.2, 6.3, 6.1, 4.2, 7.7, 8.5, 8.6, 8.4, 8.6, 4.7, 5.8, 6.6, 6.6
63,10, 3.9, 5.2, 5.7, 5.8, 4.7, 5.9, 6.9, 7.3, 7.3, 7.4, 4.3, 4.5, 5.6, 5.7
63,11, 2.7, 4.2, 4.8, 5.1, 4.6, 4.2, 5.3, 5.8, 6.0, 6.1, 3.9, 3.1, 4.4, 4.7
63,12, 2.2, 3.5, 4.1, 4.5, 4.4, 3.4, 4.4, 4.9, 5.2, 5.3, 3.2, 2.2, 3.5, 3.7
64, 1, 2.4, 3.6, 4.2, 4.6, 4.4, 3.6, 4.6, 5.0, 5.3, 5.4, 3.1, 2.3, 3.4, 3.7
64, 2, 3.5, 4.8, 5.4, 5.6, 5.2, 5.2, 6.2, 6.6, 6.8, 6.8, 3.7, 3.3, 4.4, 4.5
64, 3, 4.5, 5.3, 5.5, 5.6, 4.7, 6.3, 6.9, 7.1, 7.1, 7.1, 3.0, 3.5, 4.1, 4.1
64, 4, 5.4, 5.8, 5.8, 5.3, 3.5, 7.2, 7.6, 7.5, 7.2, 7.6, 3.5, 4.6, 4.8, 4.9
64, 5, 6.3, 6.3, 5.9, 5.2, 2.8, 8.5, 8.7, 8.4, 7.9, 8.8, 4.2, 5.7, 5.6, 5.9
64, 6, 6.8, 6.6, 6.1, 5.2, 2.6, 9.1, 9.0, 8.7, 8.1, 9.3, 4.5, 6.0, 5.7, 6.2
64, 7, 6.9, 6.9, 6.3, 5.5, 2.8, 9.5, 9.5, 9.2, 8.6, 9.7, 5.0, 6.7, 6.4, 6.9
64, 8, 6.0, 6.4, 6.2, 5.6, 3.3, 8.4, 8.8, 8.6, 8.2, 8.8, 4.4, 6.0, 6.1, 6.3
64, 9, 5.2, 6.1, 6.2, 6.0, 4.1, 7.7, 8.4, 8.5, 8.3, 8.5, 4.6, 5.8, 6.5, 6.5
64,10, 4.2, 5.8, 6.3, 6.4, 5.3, 6.6, 7.7, 8.1, 8.2, 8.2, 5.1, 5.2, 6.5, 6.6
64,11, 2.5, 3.6, 4.1, 4.3, 4.0, 3.7, 4.5, 4.9, 5.1, 5.1, 2.9, 2.4, 3.4, 3.5
64,12, 1.9, 2.9, 3.4, 3.7, 3.6, 2.8, 3.6, 3.9, 4.2, 4.3, 2.5, 1.7, 2.6, 2.8
65, 1, 2.0, 2.9, 3.3, 3.5, 3.4, 2.8, 3.5, 3.8, 4.0, 4.0, 2.0, 1.4, 2.1, 2.3
65, 2, 3.2, 4.4, 4.9, 5.1, 4.5, 4.7, 5.6, 6.0, 6.2, 6.2, 3.5, 3.2, 4.2, 4.3
65, 3, 4.4, 5.3, 5.6, 5.6, 4.5, 6.1, 6.9, 7.1, 7.0, 7.1, 3.4, 3.8, 4.6, 4.6
65, 4, 5.3, 5.7, 5.6, 5.2, 3.3, 7.0, 7.4, 7.4, 7.1, 7.5, 3.5, 4.5, 4.7, 4.8
65, 5, 6.0, 6.0, 5.6, 5.0, 2.7, 7.9, 8.0, 7.8, 7.3, 8.1, 3.7, 5.0, 4.9, 5.2
65, 6, 6.7, 6.5, 6.0, 5.1, 2.5, 9.1, 9.0, 8.7, 8.1, 9.3, 4.5, 6.1, 5.7, 6.2
65, 7, 6.9, 6.9, 6.4, 5.5, 2.8, 9.4, 9.5, 9.2, 8.6, 9.7, 5.0, 6.7, 6.4, 6.8
65, 8, 6.2, 6.6, 6.3, 5.7, 3.3, 8.7, 9.1, 8.9, 8.5, 9.1, 4.7, 6.3, 6.4, 6.6
65, 9, 4.6, 5.3, 5.4, 5.2, 3.6, 6.4, 6.9, 7.0, 6.8, 7.0, 3.3, 4.1, 4.6, 4.6
65,10, 4.4, 6.1, 6.6, 6.8, 5.6, 7.0, 8.2, 8.6, 8.7, 8.7, 5.6, 5.7, 7.2, 7.2
65,11, 2.4, 3.5, 4.0, 4.2, 3.8, 3.5, 4.3, 4.7, 4.9, 4.9, 2.8, 2.3, 3.2, 3.4
65,12, 2.0, 3.3, 3.8, 4.2, 4.1, 3.2, 4.1, 4.5, 4.8, 4.9, 2.8, 2.0, 3.0, 3.3
66, 1, 2.5, 4.0, 4.6, 5.0, 4.7, 3.9, 5.0, 5.5, 5.8, 5.8, 3.8, 2.8, 4.2, 4.4
66, 2, 3.4, 4.8, 5.3, 5.6, 5.2, 5.2, 6.2, 6.6, 6.8, 6.8, 3.7, 3.3, 4.4, 4.6
66, 3, 4.8, 5.9, 6.2, 6.1, 4.7, 7.0, 7.9, 8.1, 8.0, 8.1, 4.3, 5.0, 5.9, 5.9
66, 4, 5.8, 6.4, 6.3, 5.8, 3.7, 8.1, 8.6, 8.6, 8.3, 8.7, 4.5, 5.9, 6.2, 6.3
66, 5, 6.6, 6.7, 6.3, 5.5, 2.9, 9.2, 9.4, 9.1, 8.6, 9.5, 4.8, 6.6, 6.4, 6.8
66, 6, 7.3, 7.1, 6.5, 5.5, 2.6,10.1,10.0, 9.7, 9.1,10.3, 5.5, 7.4, 7.0, 7.6
66, 7, 7.1, 7.0, 6.5, 5.7, 2.8, 9.8, 9.9, 9.5, 8.9,10.1, 5.3, 7.1, 6.8, 7.3
66, 8, 6.5, 6.9, 6.7, 6.0, 3.5, 9.3, 9.7, 9.6, 9.2, 9.8, 5.2, 7.1, 7.2, 7.5
66, 9, 5.4, 6.4, 6.6, 6.3, 4.4, 8.0, 8.8, 8.9, 8.7, 8.9, 4.9, 6.0, 6.8, 6.8
66,10, 4.0, 5.5, 6.0, 6.1, 5.0, 6.1, 7.2, 7.6, 7.7, 7.7, 4.7, 4.7, 5.9, 6.0
66,11, 2.6, 4.0, 4.5, 4.8, 4.3, 3.9, 4.9, 5.3, 5.6, 5.6, 3.5, 2.7, 3.9, 4.1
66,12, 2.2, 3.6, 4.2, 4.6, 4.5, 3.4, 4.4, 4.9, 5.2, 5.3, 3.1, 2.1, 3.3, 3.5
67, 1, 2.3, 3.3, 3.7, 3.9, 3.8, 3.2, 3.9, 4.3, 4.5, 4.5, 2.1, 1.5, 2.3, 2.5
67, 2, 3.6, 5.1, 5.7, 6.0, 5.5, 5.4, 6.5, 7.0, 7.2, 7.2, 3.9, 3.5, 4.7, 4.9
67, 3, 4.2, 5.2, 5.4, 5.3, 4.2, 5.9, 6.6, 6.8, 6.7, 6.8, 3.3, 3.7, 4.4, 4.4
67, 4, 5.7, 6.3, 6.2, 5.7, 3.6, 7.9, 8.4, 8.4, 8.0, 8.4, 4.3, 5.5, 5.9, 5.9
67, 5, 6.0, 6.0, 5.6, 5.0, 2.7, 8.0, 8.1, 7.9, 7.4, 8.2, 3.7, 5.0, 4.9, 5.2
67, 6, 6.8, 6.7, 6.1, 5.3, 2.6, 9.3, 9.3, 9.0, 8.4, 9.5, 4.8, 6.4, 6.1, 6.6
67, 7, 6.9, 6.8, 6.3, 5.4, 2.7, 9.6, 9.6, 9.3, 8.8, 9.8, 5.1, 6.9, 6.6, 7.1
67, 8, 6.1, 6.4, 6.2, 5.7, 3.3, 8.5, 8.9, 8.8, 8.4, 8.9, 4.4, 6.0, 6.1, 6.3
67, 9, 5.2, 6.2, 6.3, 6.1, 4.2, 7.6, 8.4, 8.5, 8.3, 8.5, 4.6, 5.7, 6.4, 6.4
67,10, 4.1, 5.6, 6.1, 6.3, 5.2, 6.4, 7.5, 7.9, 8.0, 8.0, 4.8, 4.9, 6.2, 6.2
67,11, 2.7, 4.1, 4.6, 4.9, 4.4, 4.1, 5.1, 5.6, 5.8, 5.8, 3.7, 3.0, 4.2, 4.4
67,12, 2.0, 2.9, 3.3, 3.6, 3.4, 2.7, 3.5, 3.8, 4.0, 4.1, 2.2, 1.5, 2.3, 2.5
68, 1, 2.6, 4.2, 4.9, 5.4, 5.3, 4.2, 5.3, 5.9, 6.3, 6.3, 3.9, 2.8, 4.2, 4.5
68, 2, 3.1, 4.2, 4.6, 4.8, 4.5, 4.4, 5.2, 5.6, 5.7, 5.7, 2.7, 2.4, 3.3, 3.4
68, 3, 4.7, 5.8, 6.1, 6.1, 4.7, 7.0, 7.9, 8.1, 8.0, 8.1, 4.3, 5.1, 6.0, 6.0
68, 4, 5.5, 6.0, 5.9, 5.5, 3.4, 7.6, 8.1, 8.0, 7.7, 8.1, 3.9, 5.2, 5.4, 5.5
68, 5, 6.4, 6.4, 6.1, 5.3, 2.9, 8.7, 8.9, 8.6, 8.1, 9.0, 4.3, 5.8, 5.7, 6.0
68, 6, 7.7, 7.5, 6.9, 5.9, 2.8,10.7,10.7,10.3, 9.6,10.9, 6.1, 8.1, 7.7, 8.3
68, 7, 6.7, 6.6, 6.1, 5.3, 2.7, 9.2, 9.3, 8.9, 8.4, 9.4, 4.8, 6.4, 6.2, 6.6
68, 8, 6.0, 6.4, 6.2, 5.6, 3.3, 8.1, 8.5, 8.4, 8.0, 8.6, 4.3, 5.6, 5.7, 5.9
68, 9, 5.4, 6.5, 6.6, 6.4, 4.4, 8.1, 8.9, 9.0, 8.9, 9.1, 5.0, 6.3, 7.0, 7.1
68,10, 3.8, 5.2, 5.7, 5.8, 4.7, 5.8, 6.8, 7.1, 7.2, 7.2, 4.3, 4.2, 5.4, 5.4
68,11, 2.5, 3.7, 4.2, 4.4, 4.1, 3.7, 4.6, 4.9, 5.2, 5.2, 3.0, 2.3, 3.4, 3.5
68,12, 2.1, 3.3, 3.8, 4.2, 4.1, 3.2, 4.1, 4.5, 4.8, 4.9, 2.8, 1.9, 3.0, 3.2
69, 1, 2.3, 3.4, 3.9, 4.2, 4.1, 3.3, 4.2, 4.6, 4.8, 4.8, 2.6, 1.9, 2.8, 3.0
69, 2, 3.5, 4.9, 5.4, 5.8, 5.3, 5.2, 6.3, 6.7, 6.9, 6.9, 3.6, 3.3, 4.3, 4.5
69, 3, 5.0, 6.2, 6.6, 6.6, 5.4, 7.3, 8.3, 8.5, 8.6, 8.6, 4.5, 5.1, 6.0, 6.0
69, 4, 6.0, 6.7, 6.6, 6.1, 3.8, 8.8, 9.3, 9.3, 8.9, 9.4, 4.9, 6.6, 6.9, 7.1
69, 5, 7.0, 7.1, 6.6, 5.8, 3.0, 9.9,10.1, 9.8, 9.3,10.2, 5.4, 7.4, 7.3, 7.7
69, 6, 6.6, 6.4, 5.9, 5.1, 2.5, 9.0, 9.0, 8.6, 8.1, 9.2, 4.6, 6.2, 5.9, 6.4
69, 7, 7.2, 7.1, 6.6, 5.7, 2.8,10.1,10.2, 9.8, 9.2,10.4, 5.7, 7.6, 7.3, 7.8
69, 8, 6.4, 6.8, 6.6, 5.9, 3.4, 9.1, 9.5, 9.3, 8.9, 9.5, 5.0, 6.7, 6.8, 7.1
69, 9, 5.3, 6.3, 6.5, 6.2, 4.3, 7.9, 8.7, 8.8, 8.6, 8.8, 4.9, 6.1, 6.8, 6.8
69,10, 3.4, 4.3, 4.6, 4.7, 3.8, 4.8, 5.5, 5.7, 5.8, 5.8, 3.0, 3.0, 3.8, 3.9
69,11, 3.0, 4.7, 5.5, 5.9, 5.5, 4.9, 6.2, 6.8, 7.1, 7.1, 4.8, 3.8, 5.4, 5.7
69,12, 2.2, 3.6, 4.2, 4.6, 4.4, 3.4, 4.4, 4.9, 5.3, 5.3, 3.5, 2.4, 3.7, 4.0
70, 1, 2.4, 3.6, 4.1, 4.4, 4.3, 3.5, 4.4, 4.8, 5.1, 5.2, 2.9, 2.1, 3.2, 3.4
70, 2, 3.4, 4.8, 5.4, 5.6, 4.8, 5.2, 6.3, 6.7, 6.9, 6.9, 4.2, 3.9, 5.1, 5.3
70, 3, 4.3, 5.2, 5.5, 5.4, 4.1, 6.0, 6.7, 6.9, 6.8, 6.9, 3.5, 4.0, 4.7, 4.7
70, 4, 5.6, 6.1, 6.1, 5.7, 3.7, 7.7, 8.2, 8.1, 7.9, 8.2, 3.9, 5.1, 5.4, 5.5
70, 5, 7.2, 7.3, 6.8, 6.0, 3.1,10.2,10.4,10.1, 9.6,10.5, 5.5, 7.6, 7.4, 7.8
70, 6, 7.4, 7.2, 6.6, 5.6, 2.7,10.4,10.4,10.0, 9.4,10.7, 5.9, 7.9, 7.5, 8.1
70, 7, 7.3, 7.2, 6.6, 5.7, 2.8,10.3,10.4,10.0, 9.4,10.6, 5.7, 7.8, 7.4, 8.0
70, 8, 6.2, 6.5, 6.3, 5.7, 3.3, 8.9, 9.2, 9.1, 8.6, 9.3, 4.8, 6.5, 6.6, 6.8
70, 9, 5.4, 6.4, 6.5, 6.3, 4.4, 8.1, 8.9, 9.0, 8.8, 9.0, 5.0, 6.4, 7.1, 7.2
70,10, 3.8, 5.0, 5.4, 5.5, 4.5, 5.7, 6.6, 6.9, 7.0, 7.0, 4.1, 4.2, 5.3, 5.4
70,11, 2.3, 3.3, 3.7, 3.9, 3.5, 3.3, 4.1, 4.4, 4.5, 4.5, 2.5, 2.0, 2.9, 3.0
70,12, 2.2, 3.7, 4.4, 4.8, 4.7, 3.6, 4.7, 5.2, 5.5, 5.6, 3.6, 2.5, 3.8, 4.2
71, 1, 2.3, 3.4, 3.9, 4.2, 4.0, 3.4, 4.2, 4.6, 4.8, 4.8, 2.6, 1.9, 2.8, 3.0
71, 2, 3.2, 4.5, 4.9, 5.2, 4.6, 4.8, 5.8, 6.1, 6.3, 6.3, 3.5, 3.3, 4.3, 4.4
71, 3, 4.2, 5.2, 5.4, 5.3, 4.0, 6.1, 6.8, 6.9, 6.9, 7.0, 3.5, 4.1, 4.7, 4.8
71, 4, 5.9, 6.5, 6.5, 6.0, 3.8, 8.6, 9.1, 9.1, 8.8, 9.1, 4.7, 6.3, 6.7, 6.8
71, 5, 6.3, 6.3, 5.9, 5.2, 2.8, 8.7, 8.8, 8.6, 8.1, 8.9, 4.2, 5.9, 5.7, 6.1
71, 6, 7.4, 7.1, 6.5, 5.5, 2.6,10.6,10.6,10.2, 9.6,10.8, 5.8, 8.0, 7.5, 8.2
71, 7, 6.9, 6.8, 6.3, 5.4, 2.7, 9.6, 9.6, 9.3, 8.7, 9.8, 5.0, 6.8, 6.6, 7.0
71, 8, 6.2, 6.6, 6.3, 5.8, 3.3, 8.8, 9.1, 9.0, 8.6, 9.2, 4.8, 6.4, 6.5, 6.7
71, 9, 5.4, 6.4, 6.6, 6.3, 4.4, 8.2, 8.9, 9.1, 8.9, 9.1, 5.1, 6.5, 7.2, 7.2
71,10, 3.9, 5.2, 5.7, 5.8, 4.7, 5.9, 6.9, 7.2, 7.3, 7.3, 4.3, 4.5, 5.6, 5.7
71,11, 2.6, 4.0, 4.5, 4.8, 4.3, 4.1, 5.0, 5.4, 5.7, 5.7, 3.5, 2.9, 4.0, 4.2
71,12, 2.1, 3.3, 3.8, 4.2, 4.1, 3.2, 4.1, 4.5, 4.8, 4.8, 2.8, 1.9, 2.9, 3.2
72, 1, 2.4, 3.7, 4.3, 4.7, 4.6, 3.7, 4.7, 5.2, 5.5, 5.5, 3.2, 2.4, 3.6, 3.8
72, 2, 3.4, 4.8, 5.3, 5.6, 5.0, 5.0, 6.1, 6.5, 6.7, 6.7, 3.8, 3.4, 4.5, 4.7
72, 3, 4.6, 5.6, 5.9, 5.8, 4.4, 6.6, 7.4, 7.6, 7.6, 7.7, 4.1, 4.7, 5.6, 5.6
72, 4, 5.5, 6.0, 5.9, 5.4, 3.4, 7.6, 8.0, 8.0, 7.7, 8.1, 3.9, 5.2, 5.5, 5.6
72, 5, 6.7, 6.8, 6.3, 5.6, 2.9, 9.3, 9.4, 9.2, 8.6, 9.6, 4.9, 6.6, 6.4, 6.8
72, 6, 7.1, 6.9, 6.3, 5.4, 2.6, 9.6, 9.6, 9.2, 8.6, 9.8, 5.1, 6.8, 6.4, 7.0
72, 7, 7.2, 7.1, 6.5, 5.7, 2.8,10.0,10.1, 9.8, 9.2,10.3, 5.5, 7.5, 7.1, 7.7
72, 8, 5.9, 6.2, 6.0, 5.4, 3.1, 8.2, 8.5, 8.4, 8.0, 8.6, 4.2, 5.7, 5.7, 5.9
72, 9, 4.9, 5.9, 6.0, 5.8, 4.1, 7.2, 7.9, 8.0, 7.8, 8.0, 4.2, 5.2, 5.8, 5.8
72,10, 3.1, 3.9, 4.2, 4.2, 3.3, 4.2, 4.8, 5.0, 5.0, 5.1, 2.5, 2.5, 3.1, 3.1
72,11, 2.3, 3.3, 3.7, 3.9, 3.5, 3.2, 4.0, 4.3, 4.5, 4.5, 2.5, 1.9, 2.8, 2.9
72,12, 2.2, 3.5, 4.1, 4.4, 4.4, 3.4, 4.4, 4.8, 5.1, 5.2, 3.0, 2.1, 3.2, 3.5
73, 1, 2.8, 4.3, 5.0, 5.4, 5.3, 4.3, 5.4, 5.9, 6.3, 6.3, 3.7, 2.7, 4.0, 4.3
73, 2, 3.8, 5.4, 6.1, 6.4, 6.0, 5.9, 7.1, 7.6, 7.8, 7.8, 4.3, 3.9, 5.2, 5.3
73, 3, 4.6, 5.6, 5.9, 5.9, 4.8, 6.5, 7.4, 7.6, 7.6, 7.6, 3.8, 4.3, 5.1, 5.1
73, 4, 5.4, 5.9, 5.8, 5.4, 3.5, 7.3, 7.7, 7.7, 7.4, 7.8, 3.6, 4.7, 4.9, 5.0
73, 5, 6.6, 6.6, 6.2, 5.4, 2.8, 9.2, 9.3, 9.0, 8.5, 9.4, 4.8, 6.6, 6.4, 6.8
73, 6, 7.2, 6.9, 6.3, 5.4, 2.6, 9.9, 9.9, 9.5, 8.9,10.1, 5.5, 7.4, 7.0, 7.6
73, 7, 6.8, 6.7, 6.2, 5.4, 2.7, 9.5, 9.5, 9.2, 8.6, 9.7, 5.0, 6.8, 6.5, 7.0
73, 8, 6.2, 6.6, 6.4, 5.8, 3.3, 8.7, 9.1, 9.0, 8.6, 9.2, 4.8, 6.4, 6.5, 6.7
73, 9, 5.2, 6.1, 6.2, 5.9, 4.1, 7.6, 8.3, 8.4, 8.2, 8.4, 4.5, 5.6, 6.3, 6.3
73,10, 4.1, 5.6, 6.1, 6.2, 5.1, 6.4, 7.5, 7.9, 8.0, 8.0, 4.9, 5.1, 6.3, 6.4
73,11, 2.5, 3.6, 4.1, 4.4, 4.0, 3.7, 4.5, 4.9, 5.1, 5.1, 2.9, 2.3, 3.3, 3.5
73,12, 2.1, 3.3, 3.8, 4.2, 4.1, 3.2, 4.1, 4.6, 4.8, 4.9, 2.9, 2.0, 3.1, 3.3
74, 1, 2.6, 3.8, 4.4, 4.7, 4.6, 3.8, 4.7, 5.2, 5.4, 5.5, 2.9, 2.1, 3.2, 3.4
74, 2, 3.9, 5.6, 6.3, 6.7, 6.2, 6.2, 7.4, 7.9, 8.2, 8.2, 4.6, 4.3, 5.7, 5.8
74, 3, 4.4, 5.4, 5.7, 5.7, 4.5, 6.3, 7.1, 7.3, 7.2, 7.3, 3.5, 4.0, 4.7, 4.7
74, 4, 5.3, 5.8, 5.7, 5.2, 3.3, 7.4, 7.8, 7.7, 7.4, 7.8, 3.7, 4.9, 5.2, 5.3
74, 5, 6.8, 6.8, 6.4, 5.6, 3.0, 9.6, 9.8, 9.5, 9.0, 9.9, 5.1, 7.0, 6.9, 7.3
74, 6, 7.1, 6.9, 6.3, 5.4, 2.6, 9.9, 9.9, 9.5, 8.9,10.1, 5.5, 7.4, 7.0, 7.6
74, 7, 6.9, 6.8, 6.3, 5.5, 2.7, 9.4, 9.4, 9.1, 8.6, 9.6, 5.0, 6.7, 6.4, 6.9
74, 8, 6.4, 6.8, 6.6, 6.0, 3.4, 9.3, 9.7, 9.5, 9.1, 9.7, 5.1, 6.9, 7.0, 7.3
74, 9, 5.3, 6.3, 6.5, 6.3, 4.3, 8.1, 8.9, 9.0, 8.8, 9.0, 4.9, 6.3, 7.0, 7.1
74,10, 3.6, 4.7, 5.0, 5.0, 4.0, 5.2, 6.1, 6.3, 6.3, 6.4, 3.5, 3.7, 4.6, 4.6
74,11, 2.7, 4.1, 4.7, 5.0, 4.5, 4.2, 5.2, 5.7, 5.9, 5.9, 3.8, 3.0, 4.4, 4.6
74,12, 2.2, 3.7, 4.3, 4.7, 4.6, 3.5, 4.6, 5.1, 5.5, 5.6, 3.7, 2.5, 3.9, 4.3
75, 1, 2.3, 3.4, 3.9, 4.2, 4.1, 3.3, 4.2, 4.6, 4.8, 4.9, 2.5, 1.8, 2.8, 3.0
75, 2, 3.3, 4.5, 5.0, 5.2, 4.8, 4.8, 5.7, 6.1, 6.3, 6.3, 3.3, 3.0, 4.0, 4.1
75, 3, 4.0, 4.8, 5.0, 4.9, 3.8, 5.3, 5.9, 6.0, 6.0, 6.1, 2.7, 3.0, 3.5, 3.5
75, 4, 5.7, 6.3, 6.2, 5.8, 3.7, 8.0, 8.5, 8.4, 8.1, 8.5, 4.1, 5.5, 5.8, 5.9
75, 5, 6.3, 6.3, 5.9, 5.3, 2.8, 8.4, 8.6, 8.4, 7.9, 8.7, 4.2, 5.7, 5.5, 5.8
75, 6, 7.1, 6.9, 6.3, 5.4, 2.6, 9.7, 9.7, 9.4, 8.8,10.0, 5.3, 7.1, 6.7, 7.3
75, 7, 6.8, 6.8, 6.3, 5.4, 2.7, 9.3, 9.4, 9.1, 8.5, 9.6, 4.9, 6.6, 6.3, 6.7
75, 8, 6.5, 6.9, 6.7, 6.1, 3.5, 9.4, 9.8, 9.6, 9.2, 9.8, 5.3, 7.2, 7.3, 7.5
75, 9, 5.3, 6.3, 6.5, 6.2, 4.3, 7.9, 8.6, 8.8, 8.6, 8.8, 4.8, 6.0, 6.8, 6.8
75,10, 4.2, 5.8, 6.3, 6.4, 5.3, 6.7, 7.8, 8.2, 8.3, 8.3, 5.0, 5.2, 6.5, 6.6
75,11, 2.6, 3.8, 4.3, 4.5, 4.1, 3.9, 4.8, 5.2, 5.3, 5.4, 3.3, 2.7, 3.8, 4.0
75,12, 2.1, 3.3, 3.9, 4.2, 4.1, 3.2, 4.2, 4.6, 4.9, 5.0, 3.2, 2.2, 3.4, 3.7
76, 1, 2.5, 3.9, 4.5, 4.9, 4.7, 3.8, 4.9, 5.4, 5.7, 5.8, 3.6, 2.6, 3.9, 4.2
76, 2, 3.1, 4.3, 4.8, 4.9, 4.3, 4.6, 5.5, 5.8, 5.9, 5.9, 3.3, 3.0, 4.0, 4.1
76, 3, 4.4, 5.4, 5.7, 5.6, 4.4, 6.3, 7.1, 7.3, 7.3, 7.3, 3.7, 4.3, 5.0, 5.0
76, 4, 5.4, 5.8, 5.7, 5.3, 3.4, 7.3, 7.7, 7.7, 7.4, 7.8, 3.7, 4.8, 5.1, 5.2
76, 5, 6.2, 6.3, 5.9, 5.2, 2.8, 8.4, 8.6, 8.3, 7.9, 8.7, 4.1, 5.6, 5.5, 5.8
76, 6, 6.9, 6.7, 6.1, 5.3, 2.6, 9.5, 9.5, 9.1, 8.6, 9.8, 4.9, 6.6, 6.3, 6.8
76, 7, 6.6, 6.6, 6.1, 5.3, 2.7, 8.9, 9.0, 8.7, 8.1, 9.1, 4.6, 6.1, 5.8, 6.3
76, 8, 5.9, 6.3, 6.1, 5.5, 3.2, 8.4, 8.8, 8.6, 8.2, 8.8, 4.3, 5.9, 6.0, 6.2
76, 9, 4.7, 5.4, 5.5, 5.3, 3.6, 6.7, 7.3, 7.3, 7.1, 7.3, 3.8, 4.8, 5.3, 5.3
76,10, 4.0, 5.6, 6.1, 6.2, 5.1, 6.3, 7.4, 7.8, 7.9, 7.9, 4.8, 4.9, 6.2, 6.3
76,11, 2.7, 4.2, 4.8, 5.1, 4.7, 4.3, 5.4, 5.8, 6.1, 6.1, 3.9, 3.2, 4.5, 4.7
76,12, 2.3, 4.0, 4.7, 5.1, 4.9, 3.8, 5.1, 5.6, 6.0, 6.1, 4.3, 3.0, 4.6, 5.0
77, 1, 2.4, 3.8, 4.4, 4.7, 4.6, 3.8, 4.8, 5.3, 5.6, 5.6, 3.4, 2.6, 3.8, 4.1
77, 2, 3.2, 4.6, 5.1, 5.3, 4.7, 4.9, 5.9, 6.3, 6.5, 6.5, 3.7, 3.3, 4.4, 4.6
77, 3, 4.4, 5.4, 5.6, 5.5, 4.2, 6.4, 7.2, 7.3, 7.3, 7.3, 3.8, 4.5, 5.3, 5.3
77, 4, 5.3, 5.8, 5.7, 5.3, 3.3, 7.5, 7.9, 7.8, 7.5, 7.9, 3.7, 5.1, 5.3, 5.4
77, 5, 6.5, 6.5, 6.1, 5.4, 2.9, 9.0, 9.1, 8.9, 8.4, 9.3, 4.5, 6.2, 6.1, 6.4
77, 6, 7.4, 7.1, 6.5, 5.6, 2.7,10.3,10.3, 9.9, 9.3,10.6, 5.7, 7.7, 7.3, 7.9
77, 7, 6.6, 6.6, 6.1, 5.3, 2.7, 9.1, 9.1, 8.8, 8.3, 9.3, 4.6, 6.2, 5.9, 6.4
77, 8, 5.7, 6.0, 5.8, 5.2, 3.0, 7.8, 8.1, 8.0, 7.6, 8.2, 3.8, 5.2, 5.2, 5.4
77, 9, 5.1, 6.0, 6.1, 5.9, 4.1, 7.4, 8.2, 8.3, 8.1, 8.3, 4.3, 5.4, 6.1, 6.1
77,10, 3.9, 5.3, 5.7, 5.8, 4.7, 6.0, 7.0, 7.3, 7.4, 7.4, 4.4, 4.6, 5.7, 5.8
77,11, 2.5, 3.7, 4.1, 4.3, 3.8, 3.7, 4.5, 4.9, 5.1, 5.1, 3.1, 2.5, 3.5, 3.7
77,12, 1.9, 2.8, 3.2, 3.4, 3.3, 2.6, 3.3, 3.7, 3.8, 3.9, 2.2, 1.5, 2.3, 2.5
78, 1, 2.2, 3.2, 3.7, 4.0, 3.8, 3.2, 4.0, 4.3, 4.6, 4.6, 2.4, 1.8, 2.6, 2.8
78, 2, 3.1, 4.2, 4.6, 4.8, 4.2, 4.4, 5.2, 5.6, 5.7, 5.7, 3.2, 2.8, 3.8, 3.9
78, 3, 4.3, 5.3, 5.4, 5.3, 4.0, 6.2, 6.9, 7.1, 7.0, 7.1, 3.7, 4.3, 5.0, 5.0
78, 4, 5.2, 5.7, 5.6, 5.2, 3.3, 7.1, 7.5, 7.5, 7.2, 7.6, 3.4, 4.5, 4.8, 4.8
78, 5, 6.1, 6.1, 5.7, 5.1, 2.7, 8.3, 8.4, 8.2, 7.7, 8.6, 4.1, 5.6, 5.4, 5.8
78, 6, 7.3, 7.1, 6.5, 5.5, 2.6,10.3,10.3, 9.9, 9.3,10.5, 5.7, 7.7, 7.3, 7.9
78, 7, 7.4, 7.3, 6.7, 5.8, 2.8,10.7,10.8,10.4, 9.8,11.0, 6.1, 8.4, 8.0, 8.6
78, 8, 6.4, 6.8, 6.6, 5.9, 3.4, 9.3, 9.6, 9.5, 9.1, 9.7, 5.0, 6.9, 7.0, 7.2
78, 9, 5.3, 6.2, 6.3, 6.1, 4.2, 7.9, 8.6, 8.8, 8.6, 8.8, 4.7, 6.0, 6.7, 6.7
78,10, 4.1, 5.6, 6.1, 6.2, 5.0, 6.5, 7.6, 8.0, 8.0, 8.1, 5.0, 5.2, 6.5, 6.6
78,11, 2.6, 3.9, 4.4, 4.7, 4.2, 3.9, 4.8, 5.3, 5.5, 5.5, 3.4, 2.7, 3.9, 4.1
78,12, 2.3, 3.5, 4.0, 4.4, 4.3, 3.3, 4.3, 4.7, 5.0, 5.1, 2.7, 1.9, 2.9, 3.1
79, 1, 2.3, 3.3, 3.7, 4.0, 3.8, 3.3, 4.0, 4.3, 4.5, 4.6, 2.0, 1.5, 2.2, 2.4
79, 2, 3.6, 4.9, 5.4, 5.7, 5.3, 5.2, 6.2, 6.6, 6.8, 6.8, 3.2, 2.9, 3.9, 4.0
79, 3, 4.5, 5.4, 5.7, 5.7, 4.8, 6.3, 7.0, 7.2, 7.2, 7.2, 3.0, 3.4, 4.1, 4.1
79, 4, 5.7, 6.3, 6.1, 5.7, 3.6, 8.2, 8.6, 8.6, 8.3, 8.7, 4.3, 5.8, 6.1, 6.2
79, 5, 6.1, 6.2, 5.8, 5.1, 2.9, 8.1, 8.3, 8.0, 7.6, 8.4, 3.8, 5.2, 5.1, 5.4
79, 6, 7.4, 7.1, 6.5, 5.5, 2.6,10.6,10.5,10.1, 9.5,10.8, 5.9, 8.1, 7.7, 8.3
79, 7, 7.0, 6.9, 6.4, 5.6, 2.8, 9.7, 9.8, 9.4, 8.9,10.0, 5.2, 7.0, 6.7, 7.2
79, 8, 6.0, 6.3, 6.0, 5.5, 3.2, 8.4, 8.8, 8.6, 8.2, 8.8, 4.3, 6.0, 6.0, 6.2
79, 9, 5.6, 6.7, 6.8, 6.6, 4.5, 8.7, 9.5, 9.6, 9.4, 9.6, 5.4, 7.0, 7.8, 7.8
79,10, 3.9, 5.3, 5.7, 5.8, 4.7, 6.0, 7.0, 7.3, 7.4, 7.4, 4.4, 4.6, 5.7, 5.8
79,11, 2.7, 4.2, 4.8, 5.1, 4.7, 4.2, 5.2, 5.7, 6.0, 6.0, 3.8, 3.0, 4.3, 4.5
79,12, 2.2, 3.6, 4.2, 4.6, 4.6, 3.5, 4.6, 5.1, 5.4, 5.5, 3.4, 2.4, 3.6, 3.9
80, 1, 2.3, 3.2, 3.7, 3.9, 3.7, 3.1, 3.9, 4.2, 4.4, 4.4, 2.3, 1.6, 2.5, 2.6
80, 2, 3.3, 4.5, 5.0, 5.2, 4.8, 4.8, 5.7, 6.1, 6.3, 6.3, 3.3, 3.0, 4.0, 4.1
80, 3, 4.0, 4.7, 4.9, 4.8, 3.7, 5.4, 6.0, 6.1, 6.1, 6.1, 2.8, 3.3, 3.9, 3.9
80, 4, 5.7, 6.2, 6.1, 5.7, 3.6, 8.1, 8.5, 8.5, 8.2, 8.6, 4.3, 5.8, 6.1, 6.2
80, 5, 6.3, 6.4, 6.0, 5.3, 2.8, 8.3, 8.4, 8.2, 7.7, 8.6, 4.2, 5.5, 5.4, 5.7
80, 6, 8.2, 7.9, 7.2, 6.1, 2.8,11.7,11.7,11.3,10.6,12.0, 7.1, 9.6, 9.1, 9.8
80, 7, 7.1, 7.0, 6.5, 5.6, 2.8, 9.9, 9.9, 9.6, 9.0,10.1, 5.5, 7.4, 7.1, 7.6
80, 8, 6.3, 6.7, 6.5, 5.9, 3.3, 9.1, 9.5, 9.3, 8.9, 9.5, 4.9, 6.7, 6.8, 7.1
80, 9, 5.4, 6.4, 6.6, 6.4, 4.4, 8.1, 8.9, 9.1, 8.9, 9.1, 5.1, 6.4, 7.2, 7.2
80,10, 4.0, 5.4, 5.8, 5.9, 4.8, 6.2, 7.2, 7.6, 7.6, 7.7, 4.7, 4.9, 6.1, 6.1
80,11, 2.7, 4.2, 4.8, 5.1, 4.6, 4.3, 5.3, 5.8, 6.1, 6.1, 4.0, 3.2, 4.6, 4.8
80,12, 2.2, 3.6, 4.3, 4.6, 4.4, 3.4, 4.5, 5.0, 5.3, 5.4, 3.7, 2.5, 3.9, 4.2
81, 1, 2.5, 4.2, 4.9, 5.3, 4.9, 4.1, 5.3, 5.9, 6.2, 6.3, 4.3, 3.2, 4.8, 5.1
81, 2, 3.3, 4.6, 5.1, 5.3, 4.6, 4.9, 5.9, 6.3, 6.4, 6.4, 3.8, 3.5, 4.6, 4.7
81, 3, 3.9, 4.6, 4.8, 4.7, 3.6, 5.2, 5.8, 5.9, 5.9, 6.0, 2.7, 3.0, 3.6, 3.6
81, 4, 5.7, 6.3, 6.2, 5.8, 3.6, 8.1, 8.6, 8.6, 8.3, 8.7, 4.3, 5.7, 6.0, 6.1
81, 5, 5.6, 5.7, 5.4, 4.8, 2.6, 7.3, 7.4, 7.2, 6.8, 7.5, 3.2, 4.3, 4.2, 4.5
81, 6, 7.5, 7.3, 6.7, 5.7, 2.7,10.4,10.4,10.0, 9.4,10.7, 5.9, 7.9, 7.5, 8.1
81, 7, 6.7, 6.7, 6.2, 5.4, 2.7, 9.0, 9.1, 8.8, 8.3, 9.3, 4.9, 6.4, 6.1, 6.6
81, 8, 5.8, 6.1, 5.9, 5.3, 3.1, 8.1, 8.4, 8.3, 7.9, 8.4, 4.1, 5.6, 5.7, 5.9
81, 9, 5.0, 5.9, 6.0, 5.8, 4.1, 7.1, 7.8, 7.9, 7.7, 7.9, 4.2, 5.0, 5.7, 5.7
81,10, 3.5, 4.6, 5.0, 5.1, 4.1, 5.1, 6.0, 6.2, 6.3, 6.3, 3.6, 3.6, 4.6, 4.6
81,11, 2.5, 3.7, 4.1, 4.3, 3.9, 3.8, 4.6, 5.0, 5.2, 5.2, 3.1, 2.6, 3.6, 3.8
81,12, 2.0, 3.1, 3.5, 3.8, 3.6, 3.0, 3.7, 4.1, 4.3, 4.4, 2.5, 1.8, 2.7, 2.9
82, 1, 2.5, 3.7, 4.2, 4.6, 4.4, 3.7, 4.5, 5.0, 5.2, 5.3, 2.6, 1.9, 2.9, 3.1
82, 2, 3.7, 5.1, 5.7, 6.1, 5.6, 5.6, 6.7, 7.1, 7.3, 7.3, 3.9, 3.6, 4.8, 4.9
82, 3, 4.1, 5.0, 5.2, 5.1, 3.8, 5.7, 6.4, 6.5, 6.4, 6.5, 3.2, 3.6, 4.3, 4.3
82, 4, 5.8, 6.4, 6.3, 5.8, 3.6, 8.1, 8.6, 8.5, 8.2, 8.6, 4.4, 5.8, 6.1, 6.2
82, 5, 5.9, 5.9, 5.5, 4.9, 2.7, 7.9, 8.0, 7.8, 7.4, 8.1, 3.6, 5.0, 4.8, 5.1
82, 6, 7.1, 6.9, 6.3, 5.4, 2.6, 9.5, 9.5, 9.1, 8.6, 9.8, 5.0, 6.7, 6.3, 6.8
82, 7, 7.0, 6.9, 6.4, 5.6, 2.8, 9.6, 9.7, 9.4, 8.8, 9.9, 5.2, 6.9, 6.6, 7.1
82, 8, 5.8, 6.1, 5.9, 5.4, 3.2, 7.7, 8.0, 7.9, 7.5, 8.1, 3.8, 5.0, 5.1, 5.2
82, 9, 4.4, 5.0, 5.0, 4.8, 3.3, 5.7, 6.2, 6.2, 6.1, 6.3, 2.8, 3.3, 3.7, 3.7
82,10, 3.6, 4.7, 5.0, 5.1, 4.1, 5.1, 5.9, 6.2, 6.2, 6.3, 3.4, 3.5, 4.3, 4.4
82,11, 2.4, 3.6, 4.0, 4.2, 3.8, 3.5, 4.4, 4.7, 4.9, 4.9, 2.8, 2.2, 3.2, 3.3
82,12, 1.9, 3.0, 3.5, 3.7, 3.6, 2.8, 3.6, 4.0, 4.2, 4.3, 2.5, 1.6, 2.6, 2.8
83, 1, 2.2, 3.3, 3.8, 4.0, 3.7, 3.0, 3.9, 4.3, 4.5, 4.6, 2.6, 1.8, 2.8, 3.0
83, 2, 3.1, 4.2, 4.6, 4.7, 4.1, 4.3, 5.1, 5.4, 5.6, 5.6, 2.9, 2.5, 3.4, 3.5
83, 3, 3.8, 4.4, 4.5, 4.4, 3.3, 4.8, 5.3, 5.4, 5.3, 5.4, 2.3, 2.5, 3.0, 3.0
83, 4, 5.4, 5.9, 5.8, 5.4, 3.4, 7.1, 7.6, 7.5, 7.2, 7.6, 3.5, 4.5, 4.7, 4.8
83, 5, 6.2, 6.3, 5.9, 5.2, 2.9, 8.1, 8.3, 8.0, 7.6, 8.4, 4.0, 5.3, 5.2, 5.5
83, 6, 6.9, 6.8, 6.2, 5.4, 2.7, 9.1, 9.1, 8.7, 8.1, 9.3, 4.5, 6.0, 5.6, 6.1
83, 7, 7.1, 7.0, 6.5, 5.7, 2.8, 9.6, 9.6, 9.3, 8.7, 9.8, 5.3, 6.9, 6.6, 7.1
83, 8, 6.4, 6.8, 6.6, 6.0, 3.5, 8.9, 9.3, 9.1, 8.7, 9.3, 4.9, 6.4, 6.5, 6.7
83, 9, 5.4, 6.4, 6.6, 6.3, 4.4, 7.9, 8.7, 8.8, 8.6, 8.8, 4.8, 5.9, 6.6, 6.6
83,10, 3.8, 5.2, 5.6, 5.7, 4.7, 5.7, 6.7, 7.1, 7.2, 7.2, 4.2, 4.1, 5.3, 5.3
83,11, 2.3, 3.3, 3.6, 3.8, 3.4, 3.2, 3.9, 4.2, 4.3, 4.4, 2.3, 1.8, 2.6, 2.7
83,12, 1.8, 2.6, 2.9, 3.1, 3.0, 2.4, 3.0, 3.2, 3.4, 3.4, 1.4, 0.9, 1.5, 1.6
84, 1, 2.8, 4.3, 5.1, 5.5, 5.3, 4.2, 5.4, 5.9, 6.3, 6.4, 3.6, 2.6, 3.9, 4.2
84, 2, 3.9, 5.5, 6.2, 6.6, 6.1, 5.9, 7.2, 7.7, 7.9, 7.9, 4.4, 3.9, 5.3, 5.4
84, 3, 4.4, 5.3, 5.6, 5.5, 4.3, 6.1, 6.8, 7.1, 7.0, 7.1, 3.5, 3.9, 4.7, 4.7
84, 4, 5.4, 5.9, 5.8, 5.3, 3.4, 7.4, 7.8, 7.8, 7.5, 7.9, 3.7, 5.0, 5.2, 5.3
84, 5, 6.9, 7.0, 6.6, 5.8, 3.0, 9.6, 9.7, 9.4, 8.9, 9.9, 5.3, 7.1, 6.9, 7.3
84, 6, 7.0, 6.8, 6.3, 5.4, 2.6, 9.6, 9.6, 9.2, 8.6, 9.8, 5.1, 6.9, 6.5, 7.0
84, 7, 7.1, 7.0, 6.5, 5.6, 2.8, 9.5, 9.6, 9.3, 8.7, 9.8, 5.3, 6.9, 6.6, 7.1
84, 8, 6.1, 6.5, 6.3, 5.7, 3.3, 8.4, 8.8, 8.6, 8.2, 8.8, 4.7, 6.1, 6.3, 6.4
84, 9, 5.3, 6.3, 6.4, 6.2, 4.3, 7.8, 8.6, 8.7, 8.5, 8.7, 4.9, 6.1, 6.8, 6.8
84,10, 3.3, 4.3, 4.6, 4.6, 3.8, 4.6, 5.3, 5.5, 5.6, 5.6, 2.9, 2.8, 3.6, 3.6
84,11, 2.5, 3.9, 4.4, 4.6, 4.2, 3.8, 4.8, 5.2, 5.4, 5.4, 3.4, 2.7, 3.8, 4.0
84,12, 2.0, 3.2, 3.7, 4.0, 3.9, 3.0, 3.9, 4.3, 4.6, 4.7, 2.8, 1.9, 3.0, 3.2
85, 1, 2.4, 3.7, 4.3, 4.7, 4.6, 3.7, 4.7, 5.2, 5.5, 5.6, 3.4, 2.5, 3.7, 4.0
85, 2, 3.3, 4.5, 5.0, 5.2, 4.7, 4.8, 5.7, 6.1, 6.3, 6.3, 3.5, 3.1, 4.2, 4.3
85, 3, 4.3, 5.3, 5.5, 5.5, 4.2, 6.1, 6.8, 7.0, 6.9, 7.0, 3.7, 4.1, 4.9, 4.9
85, 4, 5.4, 5.9, 5.8, 5.4, 3.4, 7.5, 7.9, 7.9, 7.6, 8.0, 4.0, 5.3, 5.6, 5.7
85, 5, 6.4, 6.4, 6.1, 5.3, 2.8, 8.7, 8.9, 8.6, 8.1, 9.0, 4.5, 6.1, 5.9, 6.3
85, 6, 7.5, 7.2, 6.6, 5.7, 2.7,10.3,10.3, 9.9, 9.3,10.6, 5.8, 7.8, 7.4, 8.0
85, 7, 6.4, 6.3, 5.9, 5.1, 2.6, 8.6, 8.6, 8.3, 7.8, 8.8, 4.3, 5.8, 5.5, 5.9
85, 8, 6.8, 7.2, 6.9, 6.3, 3.6, 9.9,10.3,10.1, 9.7,10.3, 5.7, 7.8, 7.9, 8.1
85, 9, 4.7, 5.5, 5.6, 5.3, 3.7, 6.8, 7.4, 7.5, 7.3, 7.5, 3.8, 4.8, 5.4, 5.4
85,10, 3.8, 5.2, 5.6, 5.7, 4.6, 5.8, 6.8, 7.1, 7.2, 7.2, 4.3, 4.4, 5.5, 5.6
85,11, 2.0, 2.7, 2.9, 3.0, 2.6, 2.6, 3.1, 3.3, 3.4, 3.4, 1.7, 1.4, 2.0, 2.1
85,12, 2.2, 3.7, 4.4, 4.8, 4.5, 3.5, 4.6, 5.2, 5.5, 5.6, 3.9, 2.6, 4.1, 4.5
86, 1, 2.5, 4.1, 4.8, 5.2, 4.8, 4.1, 5.2, 5.8, 6.1, 6.1, 4.2, 3.1, 4.6, 4.9
86, 2, 2.7, 3.6, 3.9, 4.0, 3.3, 3.7, 4.4, 4.7, 4.7, 4.7, 2.6, 2.3, 3.1, 3.2
86, 3, 4.5, 5.5, 5.7, 5.6, 4.2, 6.4, 7.2, 7.4, 7.3, 7.4, 4.0, 4.6, 5.4, 5.4
86, 4, 5.0, 5.4, 5.3, 4.9, 3.1, 6.7, 7.1, 7.0, 6.7, 7.1, 3.1, 4.1, 4.3, 4.4
86, 5, 6.5, 6.5, 6.1, 5.4, 2.8, 9.0, 9.1, 8.9, 8.4, 9.3, 4.7, 6.4, 6.2, 6.6
86, 6, 6.8, 6.6, 6.1, 5.2, 2.5, 9.3, 9.3, 8.9, 8.3, 9.5, 4.9, 6.5, 6.2, 6.7
86, 7, 6.6, 6.6, 6.1, 5.3, 2.7, 9.0, 9.1, 8.8, 8.3, 9.3, 4.7, 6.3, 6.1, 6.5
86, 8, 5.9, 6.3, 6.0, 5.5, 3.2, 8.1, 8.5, 8.3, 7.9, 8.5, 4.2, 5.6, 5.7, 5.9
86, 9, 4.5, 5.2, 5.3, 5.1, 3.5, 6.3, 6.8, 6.9, 6.7, 6.9, 3.3, 4.1, 4.6, 4.6
86,10, 3.7, 4.8, 5.2, 5.3, 4.3, 5.4, 6.3, 6.6, 6.6, 6.7, 3.8, 3.9, 4.9, 4.9
86,11, 2.4, 3.6, 4.1, 4.3, 3.8, 3.6, 4.4, 4.8, 5.0, 5.0, 3.0, 2.3, 3.4, 3.6
86,12, 2.3, 3.9, 4.6, 5.0, 4.8, 3.7, 4.9, 5.5, 5.8, 5.9, 4.2, 2.9, 4.5, 4.8
87, 1, 2.3, 3.5, 4.0, 4.3, 4.0, 3.4, 4.3, 4.8, 5.0, 5.0, 3.2, 2.3, 3.5, 3.7
87, 2, 3.0, 4.2, 4.6, 4.8, 4.1, 4.4, 5.3, 5.6, 5.8, 5.8, 3.4, 3.0, 4.1, 4.2
87, 3, 4.3, 5.3, 5.5, 5.4, 4.1, 6.1, 6.9, 7.1, 7.0, 7.1, 3.7, 4.2, 5.0, 5.0
87, 4, 5.9, 6.5, 6.4, 5.9, 3.7, 8.4, 8.9, 8.8, 8.5, 8.9, 4.6, 6.1, 6.5, 6.6
87, 5, 6.1, 6.2, 5.8, 5.1, 2.8, 8.3, 8.4, 8.2, 7.7, 8.5, 3.9, 5.4, 5.2, 5.5
87, 6, 7.2, 7.0, 6.4, 5.5, 2.6,10.0, 9.9, 9.6, 9.0,10.2, 5.5, 7.4, 7.0, 7.6
87, 7, 7.0, 6.9, 6.4, 5.6, 2.8, 9.7, 9.8, 9.5, 8.9,10.0, 5.3, 7.2, 6.9, 7.4
87, 8, 6.0, 6.4, 6.1, 5.5, 3.2, 8.5, 8.9, 8.7, 8.3, 8.9, 4.5, 6.1, 6.2, 6.4
87, 9, 5.4, 6.4, 6.6, 6.3, 4.4, 8.1, 8.9, 9.0, 8.8, 9.0, 4.9, 6.1, 6.9, 6.9
87,10, 4.0, 5.4, 5.9, 6.0, 4.9, 6.2, 7.3, 7.6, 7.7, 7.7, 4.6, 4.8, 6.0, 6.1
87,11, 2.5, 3.8, 4.3, 4.6, 4.1, 3.8, 4.8, 5.2, 5.4, 5.4, 3.4, 2.7, 3.8, 4.1
87,12, 1.9, 2.9, 3.4, 3.6, 3.3, 2.8, 3.5, 3.9, 4.1, 4.1, 2.5, 1.7, 2.7, 2.9
88, 1, 2.1, 3.1, 3.5, 3.8, 3.4, 3.0, 3.8, 4.1, 4.3, 4.3, 2.6, 1.9, 2.8, 3.0
88, 2, 3.5, 4.9, 5.5, 5.7, 4.8, 5.4, 6.5, 6.9, 7.0, 7.0, 4.4, 4.1, 5.4, 5.6
88, 3, 4.2, 5.1, 5.3, 5.2, 3.8, 5.9, 6.6, 6.8, 6.7, 6.8, 3.4, 4.0, 4.6, 4.7
88, 4, 5.7, 6.2, 6.2, 5.7, 3.6, 8.0, 8.5, 8.5, 8.2, 8.6, 4.2, 5.7, 6.0, 6.1
88, 5, 6.3, 6.3, 5.9, 5.2, 2.8, 8.5, 8.6, 8.4, 7.9, 8.8, 4.2, 5.8, 5.6, 5.9
88, 6, 6.9, 6.7, 6.2, 5.3, 2.6, 9.5, 9.5, 9.1, 8.6, 9.8, 5.0, 6.8, 6.4, 6.9
88, 7, 6.9, 6.8, 6.3, 5.5, 2.7, 9.7, 9.8, 9.5, 8.9,10.0, 5.3, 7.2, 6.9, 7.4
88, 8, 6.2, 6.6, 6.4, 5.8, 3.3, 8.8, 9.2, 9.1, 8.6, 9.3, 4.7, 6.4, 6.5, 6.7
88, 9, 5.1, 6.1, 6.2, 6.0, 4.1, 7.7, 8.4, 8.6, 8.4, 8.6, 4.7, 6.0, 6.7, 6.7
88,10, 3.9, 5.4, 5.9, 6.0, 4.9, 6.1, 7.1, 7.5, 7.6, 7.6, 4.5, 4.6, 5.8, 5.8
88,11, 2.3, 3.4, 3.9, 4.1, 3.6, 3.4, 4.2, 4.5, 4.7, 4.7, 2.7, 2.1, 3.1, 3.2
88,12, 2.1, 3.4, 3.9, 4.2, 4.0, 3.2, 4.2, 4.6, 4.9, 4.9, 3.3, 2.3, 3.5, 3.8
