"City:    ","TONOPAH               "
"State:   ","NV"
"WBAN No: ", 23153
"Lat(N):  ", 38.07
"Long(W): ",117.13
"Elev(m): ",  1653
"Pres(mb):",   834
"Stn Type:","Secondary"
"MONTHLY SOLAR RADIATION (kWh/m2/day)"
"COLUMN A: Year"
"COLUMN B: Month"
"COLUMN C: Flat-Plate Collector Facing South at Fixed Tilt=0"
"COLUMN D: Flat-Plate Collector Facing South at Fixed Tilt=Lat-15"
"COLUMN E: Flat-Plate Collector Facing South at Fixed Tilt=Lat"
"COLUMN F: Flat-Plate Collector Facing South at Fixed Tilt=Lat+15"
"COLUMN G: Flat-Plate Collector Facing South at Fixed Tilt=90"
"COLUMN H: 1-Axis Tracking Flat-Plate Collector with North-South Axis, Axis Tilt=0"
"COLUMN I: 1-Axis Tracking Flat-Plate Collector with North-South Axis, Axis Tilt=Lat-15"
"COLUMN J: 1-Axis Tracking Flat-Plate Collector with North-South Axis, Axis Tilt=Lat"
"COLUMN K: 1-Axis Tracking Flat-Plate Collector with North-South Axis, Axis Tilt=Lat+15"
"COLUMN L: 2-Axis Tracking Flat-Plate Collector"
"COLUMN M: 1-Axis Tracking Concentrating Collector with East-West Horizontal Axis"
"COLUMN N: 1-Axis Tracking Concentrating Collector with North-South Horizontal Axis"
"COLUMN O: 1-Axis Tracking Concentrating Collector with North-South Axis, Axis Tilt=Lat"
"COLUMN P: 2-Axis Tracking Concentrating Collector"
"COL A","COL B","COL C","COL D","COL E","COL F","COL G","COL H","COL I","COL J","COL K","COL L","COL M","COL N","COL O","COL P"
61, 1, 2.8, 4.5, 5.3, 5.8, 5.3, 4.6, 5.9, 6.5, 6.8, 6.9, 4.8, 3.7, 5.3, 5.7
61, 2, 3.5, 4.8, 5.3, 5.5, 4.7, 5.3, 6.3, 6.7, 6.8, 6.8, 4.1, 3.9, 5.1, 5.2
61, 3, 4.8, 5.8, 6.0, 5.9, 4.3, 7.0, 7.8, 8.0, 7.9, 8.0, 4.2, 5.1, 5.8, 5.9
61, 4, 6.4, 7.0, 6.9, 6.4, 3.8, 9.2, 9.7, 9.6, 9.3, 9.7, 5.2, 6.9, 7.3, 7.4
61, 5, 7.2, 7.3, 6.8, 6.0, 3.0,10.1,10.2, 9.9, 9.4,10.3, 5.6, 7.6, 7.4, 7.8
61, 6, 8.1, 7.8, 7.1, 6.1, 2.6,11.5,11.4,11.0,10.3,11.7, 6.9, 9.3, 8.8, 9.5
61, 7, 7.8, 7.7, 7.1, 6.1, 2.8,11.1,11.1,10.7,10.1,11.3, 6.5, 8.8, 8.4, 9.1
61, 8, 6.3, 6.7, 6.4, 5.8, 3.2, 8.9, 9.2, 9.1, 8.7, 9.3, 4.8, 6.5, 6.6, 6.8
61, 9, 6.1, 7.1, 7.3, 7.0, 4.7, 9.3,10.1,10.3,10.1,10.3, 5.9, 7.6, 8.4, 8.4
61,10, 4.2, 5.5, 5.9, 6.0, 4.8, 6.3, 7.3, 7.6, 7.7, 7.7, 4.5, 4.8, 5.9, 5.9
61,11, 3.0, 4.5, 5.2, 5.5, 4.9, 4.8, 5.9, 6.4, 6.7, 6.7, 4.5, 3.8, 5.2, 5.5
61,12, 2.4, 3.9, 4.6, 5.0, 4.7, 3.8, 4.9, 5.5, 5.8, 5.9, 4.0, 2.9, 4.3, 4.7
62, 1, 2.9, 4.6, 5.4, 5.9, 5.6, 4.9, 6.1, 6.7, 7.1, 7.2, 4.8, 3.8, 5.5, 5.8
62, 2, 3.3, 4.4, 4.8, 5.0, 4.3, 4.8, 5.6, 6.0, 6.1, 6.1, 3.4, 3.2, 4.1, 4.3
62, 3, 4.9, 6.0, 6.3, 6.2, 4.5, 7.3, 8.1, 8.3, 8.2, 8.3, 4.5, 5.3, 6.2, 6.2
62, 4, 6.7, 7.3, 7.3, 6.7, 4.0, 9.7,10.2,10.2, 9.8,10.3, 5.7, 7.6, 7.9, 8.1
62, 5, 6.4, 6.5, 6.1, 5.4, 2.8, 8.7, 8.9, 8.6, 8.1, 9.0, 4.4, 5.9, 5.8, 6.1
62, 6, 8.2, 7.9, 7.2, 6.1, 2.7,11.4,11.4,10.9,10.2,11.7, 6.8, 9.2, 8.6, 9.4
62, 7, 7.9, 7.8, 7.2, 6.2, 2.8,11.2,11.2,10.8,10.2,11.4, 6.7, 9.0, 8.6, 9.2
62, 8, 7.6, 8.0, 7.7, 7.0, 3.7,11.3,11.7,11.5,11.0,11.8, 6.9, 9.5, 9.6, 9.9
62, 9, 6.2, 7.2, 7.4, 7.1, 4.7, 9.4,10.2,10.4,10.1,10.4, 6.1, 7.9, 8.6, 8.7
62,10, 4.5, 6.0, 6.5, 6.7, 5.4, 7.0, 8.1, 8.5, 8.6, 8.6, 5.4, 5.7, 7.0, 7.1
62,11, 3.0, 4.4, 5.1, 5.4, 4.8, 4.7, 5.8, 6.3, 6.5, 6.6, 4.2, 3.5, 4.9, 5.2
62,12, 2.8, 4.7, 5.6, 6.1, 5.8, 4.7, 6.1, 6.8, 7.3, 7.4, 5.4, 4.0, 5.9, 6.4
63, 1, 3.0, 4.9, 5.8, 6.3, 5.9, 5.1, 6.5, 7.2, 7.6, 7.7, 5.6, 4.3, 6.2, 6.7
63, 2, 3.6, 4.9, 5.4, 5.6, 4.7, 5.3, 6.3, 6.7, 6.9, 6.9, 4.1, 3.9, 5.0, 5.1
63, 3, 4.9, 5.9, 6.2, 6.1, 4.5, 7.2, 8.0, 8.2, 8.2, 8.3, 4.5, 5.3, 6.2, 6.2
63, 4, 5.9, 6.3, 6.2, 5.8, 3.5, 8.1, 8.5, 8.5, 8.1, 8.6, 4.2, 5.5, 5.8, 5.9
63, 5, 6.6, 6.7, 6.3, 5.5, 2.8, 9.1, 9.2, 8.9, 8.5, 9.3, 4.7, 6.4, 6.2, 6.5
63, 6, 7.1, 6.9, 6.3, 5.4, 2.4, 9.7, 9.7, 9.3, 8.7, 9.9, 5.3, 7.1, 6.7, 7.3
63, 7, 8.6, 8.4, 7.8, 6.7, 2.9,12.6,12.6,12.2,11.4,12.9, 7.9,10.7,10.2,11.0
63, 8, 7.2, 7.6, 7.3, 6.6, 3.6,10.5,10.9,10.7,10.3,11.0, 6.2, 8.4, 8.5, 8.8
63, 9, 5.5, 6.4, 6.6, 6.3, 4.2, 8.1, 8.8, 8.9, 8.7, 8.9, 5.0, 6.3, 7.0, 7.0
63,10, 4.2, 5.5, 5.9, 6.1, 4.8, 6.2, 7.2, 7.6, 7.7, 7.7, 4.5, 4.7, 5.8, 5.8
63,11, 2.9, 4.2, 4.7, 5.0, 4.5, 4.2, 5.2, 5.7, 5.9, 5.9, 3.7, 3.0, 4.2, 4.4
63,12, 2.5, 4.2, 4.9, 5.4, 5.1, 4.1, 5.2, 5.8, 6.2, 6.3, 4.4, 3.1, 4.7, 5.1
64, 1, 2.6, 4.0, 4.6, 5.0, 4.6, 4.0, 5.0, 5.5, 5.8, 5.9, 3.7, 2.8, 4.1, 4.4
64, 2, 4.2, 6.0, 6.8, 7.1, 6.0, 6.8, 8.1, 8.7, 8.9, 8.9, 5.9, 5.7, 7.4, 7.6
64, 3, 4.8, 5.8, 6.0, 5.9, 4.3, 6.9, 7.7, 7.9, 7.8, 7.9, 4.2, 4.9, 5.7, 5.7
64, 4, 5.8, 6.3, 6.2, 5.7, 3.5, 8.0, 8.4, 8.3, 8.0, 8.4, 4.1, 5.5, 5.7, 5.8
64, 5, 6.9, 6.9, 6.5, 5.7, 2.9, 9.5, 9.6, 9.3, 8.8, 9.7, 4.9, 6.6, 6.4, 6.8
64, 6, 7.5, 7.2, 6.6, 5.7, 2.6,10.2,10.1, 9.7, 9.1,10.4, 5.5, 7.4, 7.0, 7.6
64, 7, 8.0, 7.9, 7.3, 6.3, 2.8,11.3,11.4,11.0,10.3,11.6, 6.7, 9.0, 8.6, 9.2
64, 8, 7.1, 7.5, 7.2, 6.5, 3.6,10.2,10.6,10.4, 9.9,10.6, 5.9, 8.0, 8.1, 8.4
64, 9, 6.3, 7.5, 7.7, 7.4, 5.0, 9.6,10.5,10.6,10.4,10.6, 6.3, 7.9, 8.8, 8.8
64,10, 4.5, 6.1, 6.6, 6.8, 5.4, 7.0, 8.1, 8.5, 8.6, 8.6, 5.4, 5.6, 6.9, 7.0
64,11, 2.8, 4.1, 4.7, 5.0, 4.6, 4.2, 5.2, 5.6, 5.9, 5.9, 3.6, 2.9, 4.1, 4.3
64,12, 2.1, 3.2, 3.7, 4.0, 3.7, 3.1, 3.9, 4.3, 4.6, 4.7, 2.9, 2.1, 3.1, 3.4
65, 1, 2.5, 3.9, 4.5, 4.8, 4.4, 3.9, 4.9, 5.4, 5.6, 5.7, 3.6, 2.7, 3.9, 4.2
65, 2, 4.0, 5.6, 6.2, 6.5, 5.5, 6.2, 7.3, 7.8, 8.1, 8.1, 5.2, 4.8, 6.3, 6.5
65, 3, 4.7, 5.7, 6.0, 5.9, 4.4, 6.8, 7.6, 7.8, 7.7, 7.8, 4.0, 4.7, 5.5, 5.5
65, 4, 5.2, 5.5, 5.3, 4.9, 3.0, 6.8, 7.1, 7.0, 6.7, 7.1, 3.0, 4.0, 4.1, 4.2
65, 5, 6.7, 6.7, 6.3, 5.6, 2.8, 9.1, 9.2, 8.9, 8.4, 9.3, 4.4, 6.1, 5.9, 6.2
65, 6, 7.3, 7.1, 6.5, 5.6, 2.6,10.0, 9.9, 9.5, 8.9,10.2, 5.2, 7.0, 6.6, 7.1
65, 7, 7.4, 7.2, 6.7, 5.8, 2.7,10.1,10.2, 9.8, 9.2,10.4, 5.6, 7.6, 7.2, 7.8
65, 8, 6.7, 7.1, 6.8, 6.2, 3.4, 9.3, 9.7, 9.5, 9.1, 9.7, 5.2, 6.9, 7.0, 7.2
65, 9, 6.0, 7.1, 7.3, 7.0, 4.7, 9.1, 9.9,10.0, 9.8,10.1, 5.7, 7.3, 8.1, 8.1
65,10, 4.7, 6.4, 7.0, 7.2, 5.8, 7.4, 8.6, 9.1, 9.2, 9.2, 5.9, 6.1, 7.6, 7.7
65,11, 2.6, 3.7, 4.1, 4.3, 3.8, 3.8, 4.6, 4.9, 5.1, 5.1, 3.0, 2.4, 3.4, 3.6
65,12, 2.3, 3.5, 4.1, 4.5, 4.2, 3.5, 4.4, 4.9, 5.2, 5.2, 3.4, 2.5, 3.7, 4.0
66, 1, 2.8, 4.4, 5.1, 5.5, 5.2, 4.5, 5.6, 6.2, 6.5, 6.6, 4.3, 3.3, 4.8, 5.1
66, 2, 3.4, 4.6, 5.0, 5.2, 4.4, 5.0, 5.9, 6.2, 6.3, 6.4, 3.6, 3.4, 4.4, 4.5
66, 3, 4.9, 5.9, 6.2, 6.1, 4.4, 7.1, 7.8, 8.0, 7.9, 8.1, 4.3, 5.0, 5.8, 5.8
66, 4, 6.7, 7.3, 7.2, 6.7, 4.0, 9.6,10.2,10.1, 9.8,10.2, 5.6, 7.4, 7.8, 7.9
66, 5, 7.3, 7.3, 6.9, 6.0, 3.0,10.3,10.4,10.1, 9.6,10.6, 5.7, 7.8, 7.5, 8.0
66, 6, 7.9, 7.6, 6.9, 5.9, 2.6,10.9,10.9,10.5, 9.8,11.2, 6.3, 8.4, 7.9, 8.6
66, 7, 8.0, 7.8, 7.2, 6.2, 2.8,11.2,11.3,10.9,10.2,11.5, 6.6, 8.9, 8.5, 9.1
66, 8, 7.0, 7.4, 7.1, 6.4, 3.5,10.0,10.3,10.2, 9.7,10.4, 5.8, 7.8, 7.9, 8.1
66, 9, 5.9, 6.9, 7.1, 6.8, 4.6, 8.8, 9.6, 9.7, 9.5, 9.7, 5.6, 7.0, 7.8, 7.8
66,10, 4.5, 5.9, 6.5, 6.6, 5.3, 6.9, 8.0, 8.4, 8.5, 8.5, 5.2, 5.4, 6.7, 6.8
66,11, 2.7, 3.9, 4.4, 4.7, 4.2, 4.0, 4.9, 5.3, 5.5, 5.6, 3.3, 2.8, 3.8, 4.0
66,12, 2.3, 3.6, 4.2, 4.5, 4.2, 3.5, 4.5, 4.9, 5.2, 5.3, 3.5, 2.5, 3.7, 4.1
67, 1, 2.5, 3.9, 4.5, 4.8, 4.5, 3.9, 4.8, 5.3, 5.6, 5.7, 3.5, 2.6, 3.8, 4.1
67, 2, 3.8, 5.3, 5.9, 6.1, 5.2, 5.8, 6.9, 7.4, 7.6, 7.6, 4.8, 4.5, 5.8, 6.0
67, 3, 4.8, 5.8, 6.1, 6.0, 4.4, 7.0, 7.8, 8.0, 7.9, 8.0, 4.4, 5.1, 6.0, 6.0
67, 4, 5.5, 5.9, 5.8, 5.4, 3.3, 7.5, 7.9, 7.8, 7.6, 7.9, 3.5, 4.8, 5.0, 5.1
67, 5, 6.9, 7.0, 6.5, 5.8, 2.9, 9.5, 9.6, 9.3, 8.8, 9.7, 5.0, 6.7, 6.6, 6.9
67, 6, 7.7, 7.4, 6.8, 5.8, 2.6,10.6,10.6,10.2, 9.5,10.9, 6.0, 8.0, 7.5, 8.2
67, 7, 7.3, 7.2, 6.7, 5.8, 2.7, 9.9, 9.9, 9.6, 9.0,10.1, 5.5, 7.3, 6.9, 7.4
67, 8, 6.7, 7.1, 6.8, 6.2, 3.4, 9.3, 9.7, 9.5, 9.1, 9.7, 5.2, 6.9, 7.0, 7.2
67, 9, 5.3, 6.2, 6.3, 6.1, 4.1, 7.6, 8.2, 8.3, 8.1, 8.4, 4.4, 5.4, 6.1, 6.1
67,10, 4.7, 6.3, 6.9, 7.1, 5.7, 7.4, 8.6, 9.0, 9.1, 9.1, 5.8, 6.1, 7.5, 7.6
67,11, 2.8, 4.0, 4.5, 4.8, 4.2, 4.1, 5.0, 5.4, 5.6, 5.7, 3.4, 2.8, 3.9, 4.1
67,12, 2.6, 4.1, 4.9, 5.4, 5.3, 4.2, 5.3, 6.0, 6.3, 6.5, 4.3, 3.1, 4.6, 5.0
68, 1, 2.8, 4.4, 5.1, 5.5, 5.2, 4.5, 5.6, 6.2, 6.6, 6.6, 4.4, 3.4, 4.9, 5.2
68, 2, 3.4, 4.4, 4.9, 5.0, 4.3, 4.8, 5.6, 5.9, 6.0, 6.1, 3.2, 3.0, 3.9, 4.0
68, 3, 5.1, 6.2, 6.4, 6.4, 4.6, 7.4, 8.3, 8.5, 8.4, 8.5, 4.7, 5.5, 6.4, 6.4
68, 4, 6.8, 7.4, 7.3, 6.7, 4.0, 9.8,10.4,10.3, 9.9,10.4, 5.7, 7.7, 8.0, 8.2
68, 5, 7.5, 7.5, 7.1, 6.2, 3.0,10.4,10.5,10.2, 9.6,10.6, 5.9, 7.9, 7.6, 8.1
68, 6, 8.0, 7.7, 7.0, 6.0, 2.6,11.2,11.1,10.7,10.0,11.4, 6.5, 8.7, 8.2, 8.9
68, 7, 7.6, 7.4, 6.9, 5.9, 2.7,10.5,10.5,10.1, 9.5,10.7, 6.0, 8.1, 7.7, 8.3
68, 8, 6.8, 7.2, 7.0, 6.3, 3.5, 9.8,10.2,10.1, 9.6,10.3, 5.6, 7.6, 7.7, 7.9
68, 9, 6.2, 7.4, 7.6, 7.3, 4.9, 9.5,10.4,10.5,10.3,10.5, 6.2, 7.9, 8.7, 8.8
68,10, 4.3, 5.7, 6.2, 6.3, 5.1, 6.5, 7.6, 8.0, 8.1, 8.1, 4.9, 5.1, 6.3, 6.4
68,11, 3.1, 4.6, 5.3, 5.7, 5.1, 4.8, 5.9, 6.5, 6.8, 6.8, 4.5, 3.7, 5.2, 5.4
68,12, 2.2, 3.5, 4.0, 4.4, 4.1, 3.4, 4.3, 4.7, 5.0, 5.1, 3.2, 2.3, 3.5, 3.8
69, 1, 2.3, 3.2, 3.7, 3.9, 3.5, 3.2, 3.9, 4.3, 4.5, 4.5, 2.5, 1.9, 2.8, 3.0
69, 2, 3.3, 4.4, 4.9, 5.1, 4.4, 4.7, 5.6, 5.9, 6.0, 6.0, 3.2, 2.9, 3.9, 4.0
69, 3, 5.1, 6.3, 6.6, 6.5, 4.7, 7.6, 8.5, 8.7, 8.6, 8.7, 4.9, 5.8, 6.7, 6.7
69, 4, 6.7, 7.4, 7.3, 6.8, 4.1, 9.9,10.4,10.4,10.0,10.4, 5.7, 7.7, 8.0, 8.1
69, 5, 7.4, 7.4, 6.9, 6.1, 3.0,10.4,10.5,10.2, 9.6,10.6, 5.7, 7.8, 7.6, 8.0
69, 6, 7.3, 7.0, 6.4, 5.5, 2.5, 9.9, 9.8, 9.4, 8.8,10.1, 5.3, 7.1, 6.7, 7.3
69, 7, 7.6, 7.5, 6.9, 5.9, 2.7,10.6,10.6,10.3, 9.6,10.8, 6.1, 8.2, 7.8, 8.4
69, 8, 7.2, 7.6, 7.4, 6.7, 3.6,10.5,10.9,10.7,10.3,11.0, 6.2, 8.4, 8.6, 8.8
69, 9, 6.1, 7.2, 7.4, 7.1, 4.8, 9.3,10.1,10.2,10.0,10.3, 6.0, 7.6, 8.4, 8.4
69,10, 4.4, 5.8, 6.4, 6.5, 5.3, 6.9, 7.9, 8.4, 8.4, 8.4, 5.2, 5.5, 6.8, 6.8
69,11, 3.2, 4.8, 5.5, 5.9, 5.4, 5.1, 6.3, 6.9, 7.2, 7.2, 4.9, 4.1, 5.6, 5.9
69,12, 2.4, 3.8, 4.4, 4.8, 4.5, 3.7, 4.8, 5.3, 5.6, 5.7, 3.8, 2.7, 4.1, 4.4
70, 1, 2.4, 3.6, 4.1, 4.4, 4.0, 3.6, 4.5, 4.9, 5.1, 5.2, 3.2, 2.4, 3.5, 3.8
70, 2, 3.4, 4.7, 5.2, 5.3, 4.5, 5.1, 6.0, 6.4, 6.5, 6.5, 3.9, 3.6, 4.8, 4.9
70, 3, 5.1, 6.2, 6.5, 6.4, 4.7, 7.7, 8.5, 8.8, 8.7, 8.8, 5.0, 5.9, 6.8, 6.8
70, 4, 6.1, 6.7, 6.6, 6.1, 3.7, 8.8, 9.2, 9.2, 8.9, 9.3, 4.8, 6.4, 6.8, 6.9
70, 5, 7.7, 7.7, 7.2, 6.3, 3.1,10.9,11.0,10.7,10.1,11.2, 6.2, 8.4, 8.2, 8.7
70, 6, 7.6, 7.3, 6.7, 5.7, 2.5,10.5,10.4,10.0, 9.4,10.7, 5.9, 8.0, 7.5, 8.2
70, 7, 7.2, 7.1, 6.5, 5.7, 2.7, 9.9, 9.9, 9.5, 8.9,10.1, 5.4, 7.3, 6.9, 7.4
70, 8, 6.7, 7.1, 6.8, 6.2, 3.4, 9.5, 9.9, 9.7, 9.3, 9.9, 5.3, 7.2, 7.3, 7.5
70, 9, 6.4, 7.5, 7.7, 7.4, 5.0, 9.8,10.7,10.8,10.6,10.8, 6.5, 8.3, 9.2, 9.2
70,10, 4.5, 6.0, 6.6, 6.7, 5.4, 7.1, 8.2, 8.6, 8.7, 8.7, 5.4, 5.7, 7.0, 7.1
70,11, 2.7, 3.9, 4.4, 4.6, 4.1, 4.0, 4.9, 5.3, 5.5, 5.5, 3.2, 2.7, 3.7, 3.9
70,12, 2.3, 3.5, 4.1, 4.5, 4.2, 3.6, 4.5, 4.9, 5.2, 5.3, 3.4, 2.5, 3.7, 4.0
71, 1, 2.8, 4.4, 5.2, 5.6, 5.2, 4.6, 5.7, 6.3, 6.7, 6.7, 4.6, 3.5, 5.1, 5.4
71, 2, 3.7, 5.2, 5.8, 6.1, 5.2, 5.8, 6.9, 7.4, 7.6, 7.6, 4.7, 4.4, 5.7, 5.9
71, 3, 5.3, 6.5, 6.8, 6.8, 5.0, 8.0, 9.0, 9.2, 9.2, 9.3, 5.3, 6.4, 7.4, 7.4
71, 4, 6.0, 6.6, 6.5, 6.0, 3.7, 8.6, 9.1, 9.0, 8.7, 9.1, 4.6, 6.2, 6.6, 6.6
71, 5, 6.5, 6.5, 6.1, 5.3, 2.7, 8.8, 8.9, 8.7, 8.2, 9.1, 4.3, 5.9, 5.7, 6.1
71, 6, 8.2, 7.9, 7.2, 6.2, 2.7,11.5,11.4,11.0,10.3,11.7, 6.8, 9.2, 8.6, 9.4
71, 7, 7.7, 7.6, 7.0, 6.0, 2.8,10.8,10.9,10.5, 9.9,11.1, 6.3, 8.5, 8.1, 8.7
71, 8, 6.3, 6.7, 6.4, 5.9, 3.3, 8.8, 9.1, 9.0, 8.6, 9.2, 4.6, 6.2, 6.3, 6.5
71, 9, 6.2, 7.3, 7.5, 7.2, 4.8, 9.6,10.4,10.6,10.3,10.6, 6.2, 8.0, 8.8, 8.9
71,10, 4.5, 5.9, 6.5, 6.6, 5.3, 7.0, 8.1, 8.5, 8.6, 8.6, 5.3, 5.7, 7.0, 7.0
71,11, 3.0, 4.5, 5.2, 5.5, 4.9, 4.8, 5.9, 6.4, 6.6, 6.7, 4.3, 3.7, 5.1, 5.3
71,12, 2.4, 3.8, 4.5, 4.9, 4.6, 3.8, 4.8, 5.4, 5.7, 5.8, 3.8, 2.8, 4.2, 4.5
72, 1, 3.0, 4.8, 5.6, 6.1, 5.8, 5.0, 6.3, 6.9, 7.3, 7.4, 5.1, 4.0, 5.7, 6.1
72, 2, 3.7, 5.1, 5.7, 5.9, 5.0, 5.7, 6.8, 7.2, 7.4, 7.4, 4.5, 4.3, 5.6, 5.7
72, 3, 5.4, 6.6, 6.9, 6.9, 5.0, 8.2, 9.1, 9.4, 9.3, 9.4, 5.4, 6.5, 7.5, 7.5
72, 4, 6.4, 6.9, 6.8, 6.3, 3.7, 9.2, 9.7, 9.6, 9.2, 9.7, 5.2, 7.0, 7.3, 7.4
72, 5, 7.3, 7.3, 6.8, 6.0, 3.0,10.2,10.3,10.0, 9.5,10.5, 5.6, 7.6, 7.4, 7.8
72, 6, 7.5, 7.2, 6.6, 5.7, 2.5,10.2,10.1, 9.7, 9.1,10.4, 5.7, 7.6, 7.1, 7.7
72, 7, 8.1, 8.0, 7.4, 6.3, 2.9,11.4,11.5,11.1,10.4,11.7, 6.9, 9.3, 8.8, 9.5
72, 8, 7.1, 7.5, 7.2, 6.5, 3.5,10.4,10.7,10.5,10.0,10.8, 6.0, 8.3, 8.3, 8.6
72, 9, 5.5, 6.4, 6.6, 6.3, 4.3, 8.2, 8.9, 9.0, 8.9, 9.0, 4.9, 6.3, 7.0, 7.0
72,10, 4.1, 5.4, 5.9, 6.1, 4.9, 6.3, 7.3, 7.7, 7.8, 7.8, 4.6, 4.8, 5.9, 6.0
72,11, 2.8, 4.0, 4.6, 4.9, 4.3, 4.2, 5.1, 5.6, 5.8, 5.8, 3.6, 3.0, 4.2, 4.4
72,12, 2.4, 3.9, 4.6, 5.0, 4.7, 3.9, 5.0, 5.5, 5.9, 6.0, 4.1, 3.0, 4.4, 4.8
73, 1, 2.8, 4.3, 5.1, 5.5, 5.1, 4.4, 5.6, 6.2, 6.5, 6.6, 4.3, 3.3, 4.8, 5.2
73, 2, 3.1, 4.1, 4.4, 4.5, 3.8, 4.4, 5.1, 5.4, 5.5, 5.5, 2.9, 2.8, 3.6, 3.7
73, 3, 4.5, 5.4, 5.6, 5.5, 4.0, 6.5, 7.2, 7.3, 7.2, 7.3, 3.7, 4.4, 5.0, 5.0
73, 4, 6.3, 6.9, 6.8, 6.4, 3.8, 9.3, 9.8, 9.7, 9.4, 9.8, 5.1, 7.0, 7.3, 7.4
73, 5, 7.0, 7.1, 6.6, 5.9, 2.9, 9.8, 9.9, 9.7, 9.1,10.1, 5.3, 7.2, 7.0, 7.4
73, 6, 8.0, 7.7, 7.1, 6.0, 2.6,11.1,11.1,10.6, 9.9,11.3, 6.5, 8.7, 8.2, 8.9
73, 7, 8.0, 7.8, 7.2, 6.2, 2.8,11.4,11.5,11.1,10.4,11.7, 6.9, 9.3, 8.9, 9.6
73, 8, 7.0, 7.4, 7.1, 6.4, 3.5,10.0,10.4,10.2, 9.8,10.4, 5.9, 7.9, 8.0, 8.3
73, 9, 6.1, 7.2, 7.4, 7.1, 4.8, 9.4,10.2,10.4,10.1,10.4, 6.0, 7.7, 8.5, 8.5
73,10, 4.5, 6.0, 6.6, 6.8, 5.5, 7.1, 8.2, 8.7, 8.8, 8.8, 5.4, 5.8, 7.1, 7.2
73,11, 2.8, 4.1, 4.7, 5.0, 4.5, 4.4, 5.3, 5.8, 6.0, 6.0, 3.7, 3.1, 4.2, 4.5
73,12, 2.3, 3.5, 4.1, 4.4, 4.1, 3.5, 4.4, 4.8, 5.1, 5.2, 3.3, 2.4, 3.6, 3.9
74, 1, 2.6, 3.8, 4.3, 4.6, 4.3, 3.8, 4.7, 5.1, 5.4, 5.4, 3.1, 2.4, 3.5, 3.7
74, 2, 3.9, 5.5, 6.2, 6.5, 5.5, 6.2, 7.4, 7.9, 8.1, 8.1, 5.2, 4.9, 6.4, 6.6
74, 3, 4.6, 5.5, 5.7, 5.6, 4.1, 6.4, 7.1, 7.3, 7.2, 7.3, 3.7, 4.3, 5.0, 5.0
74, 4, 6.6, 7.2, 7.0, 6.5, 3.9, 9.6,10.1,10.1, 9.7,10.2, 5.5, 7.5, 7.8, 8.0
74, 5, 7.7, 7.7, 7.2, 6.3, 3.1,10.8,11.0,10.7,10.1,11.1, 6.3, 8.5, 8.3, 8.8
74, 6, 8.6, 8.3, 7.6, 6.4, 2.7,12.2,12.2,11.7,10.9,12.5, 7.6,10.2, 9.6,10.4
74, 7, 7.4, 7.3, 6.8, 5.9, 2.7,10.1,10.1, 9.8, 9.1,10.3, 5.8, 7.6, 7.3, 7.8
74, 8, 7.3, 7.7, 7.4, 6.7, 3.6,10.6,11.0,10.8,10.3,11.0, 6.3, 8.6, 8.7, 8.9
74, 9, 6.5, 7.7, 7.9, 7.6, 5.1,10.1,11.0,11.2,11.0,11.2, 6.8, 8.8, 9.7, 9.7
74,10, 3.9, 5.0, 5.4, 5.4, 4.3, 5.8, 6.6, 6.9, 6.9, 6.9, 3.9, 4.2, 5.2, 5.2
74,11, 3.0, 4.4, 5.1, 5.4, 4.8, 4.6, 5.6, 6.1, 6.4, 6.4, 4.1, 3.4, 4.7, 4.9
74,12, 2.4, 3.7, 4.4, 4.7, 4.4, 3.7, 4.7, 5.2, 5.5, 5.6, 3.7, 2.7, 4.0, 4.3
75, 1, 2.7, 4.3, 5.0, 5.4, 5.0, 4.4, 5.5, 6.0, 6.3, 6.4, 4.2, 3.3, 4.7, 5.0
75, 2, 3.3, 4.4, 4.8, 4.9, 4.1, 4.8, 5.6, 5.9, 6.0, 6.0, 3.3, 3.3, 4.2, 4.3
75, 3, 4.3, 5.1, 5.2, 5.1, 3.7, 6.0, 6.6, 6.7, 6.6, 6.8, 3.2, 3.8, 4.4, 4.4
75, 4, 5.7, 6.1, 6.0, 5.6, 3.4, 7.8, 8.2, 8.1, 7.8, 8.2, 3.9, 5.2, 5.4, 5.5
75, 5, 7.2, 7.3, 6.8, 6.0, 3.0,10.0,10.2, 9.9, 9.3,10.3, 5.4, 7.4, 7.2, 7.6
75, 6, 7.9, 7.7, 7.0, 6.0, 2.6,11.1,11.0,10.6, 9.9,11.3, 6.3, 8.5, 8.0, 8.7
75, 7, 7.9, 7.7, 7.2, 6.2, 2.8,10.9,11.0,10.6, 9.9,11.2, 6.4, 8.6, 8.2, 8.8
75, 8, 7.3, 7.7, 7.4, 6.7, 3.6,10.6,10.9,10.8,10.3,11.0, 6.3, 8.6, 8.7, 8.9
75, 9, 5.9, 6.9, 7.1, 6.9, 4.6, 8.9, 9.7, 9.8, 9.6, 9.9, 5.7, 7.2, 7.9, 8.0
75,10, 4.4, 5.8, 6.3, 6.5, 5.2, 6.8, 7.9, 8.3, 8.3, 8.4, 5.1, 5.4, 6.7, 6.7
75,11, 3.2, 4.8, 5.5, 5.9, 5.3, 5.1, 6.3, 6.8, 7.2, 7.2, 4.7, 4.0, 5.5, 5.8
75,12, 2.5, 4.0, 4.7, 5.1, 4.8, 4.0, 5.1, 5.6, 6.0, 6.1, 4.2, 3.0, 4.5, 4.9
76, 1, 2.8, 4.4, 5.2, 5.6, 5.2, 4.6, 5.8, 6.3, 6.7, 6.8, 4.6, 3.5, 5.1, 5.4
76, 2, 3.5, 4.7, 5.2, 5.4, 4.6, 5.2, 6.1, 6.5, 6.6, 6.6, 3.8, 3.7, 4.7, 4.9
76, 3, 5.3, 6.4, 6.8, 6.7, 4.9, 8.0, 8.9, 9.1, 9.1, 9.1, 5.2, 6.2, 7.2, 7.2
76, 4, 6.1, 6.5, 6.4, 5.9, 3.5, 8.4, 8.9, 8.8, 8.5, 8.9, 4.5, 6.1, 6.3, 6.4
76, 5, 7.3, 7.3, 6.8, 6.0, 3.0,10.1,10.3,10.0, 9.4,10.4, 5.7, 7.7, 7.5, 7.9
76, 6, 8.1, 7.9, 7.2, 6.1, 2.7,11.4,11.4,10.9,10.2,11.7, 6.8, 9.1, 8.5, 9.3
76, 7, 7.5, 7.4, 6.8, 5.8, 2.7,10.4,10.4,10.1, 9.5,10.7, 5.9, 8.0, 7.6, 8.2
76, 8, 7.2, 7.6, 7.3, 6.6, 3.5,10.6,11.0,10.8,10.4,11.1, 6.4, 8.8, 8.9, 9.2
76, 9, 5.3, 6.1, 6.3, 6.0, 4.1, 7.6, 8.3, 8.4, 8.2, 8.4, 4.4, 5.6, 6.2, 6.2
76,10, 4.6, 6.2, 6.8, 7.0, 5.7, 7.3, 8.5, 9.0, 9.1, 9.1, 5.8, 6.1, 7.5, 7.6
76,11, 3.4, 5.3, 6.1, 6.6, 6.0, 5.6, 7.0, 7.7, 8.0, 8.1, 5.7, 4.7, 6.6, 6.9
76,12, 2.8, 4.6, 5.5, 6.1, 5.8, 4.7, 6.1, 6.8, 7.2, 7.3, 5.4, 4.0, 5.9, 6.4
77, 1, 2.7, 4.2, 4.8, 5.2, 4.8, 4.3, 5.3, 5.9, 6.2, 6.3, 4.1, 3.2, 4.6, 4.9
77, 2, 4.0, 5.6, 6.3, 6.6, 5.7, 6.3, 7.5, 8.1, 8.3, 8.3, 5.4, 5.1, 6.7, 6.8
77, 3, 5.2, 6.4, 6.7, 6.6, 4.9, 7.8, 8.8, 9.0, 8.9, 9.0, 5.2, 6.1, 7.1, 7.1
77, 4, 6.8, 7.5, 7.4, 6.9, 4.1,10.0,10.6,10.5,10.1,10.6, 6.0, 8.0, 8.4, 8.5
77, 5, 6.3, 6.3, 5.9, 5.2, 2.7, 8.4, 8.5, 8.3, 7.8, 8.6, 4.2, 5.6, 5.5, 5.8
77, 6, 7.3, 7.1, 6.5, 5.6, 2.5, 9.8, 9.8, 9.4, 8.8,10.0, 5.3, 7.1, 6.7, 7.2
77, 7, 8.1, 8.0, 7.4, 6.3, 2.8,11.6,11.7,11.3,10.6,11.9, 7.2, 9.7, 9.2, 9.9
77, 8, 6.7, 7.1, 6.8, 6.2, 3.4, 9.6,10.0, 9.8, 9.4,10.0, 5.4, 7.4, 7.5, 7.7
77, 9, 6.1, 7.1, 7.3, 7.0, 4.7, 9.2,10.0,10.1, 9.9,10.1, 5.9, 7.5, 8.3, 8.3
77,10, 4.7, 6.3, 6.9, 7.1, 5.7, 7.5, 8.7, 9.1, 9.2, 9.2, 5.9, 6.3, 7.7, 7.8
77,11, 3.2, 4.8, 5.6, 5.9, 5.4, 5.1, 6.3, 6.9, 7.2, 7.2, 4.8, 4.0, 5.6, 5.9
77,12, 2.3, 3.7, 4.3, 4.7, 4.3, 3.6, 4.6, 5.1, 5.4, 5.4, 3.6, 2.6, 3.9, 4.2
78, 1, 2.4, 3.6, 4.1, 4.3, 3.9, 3.6, 4.5, 4.9, 5.1, 5.1, 3.1, 2.5, 3.5, 3.8
78, 2, 3.5, 4.7, 5.2, 5.4, 4.6, 5.2, 6.1, 6.5, 6.7, 6.7, 3.9, 3.7, 4.8, 4.9
78, 3, 4.3, 5.1, 5.2, 5.1, 3.7, 6.1, 6.7, 6.8, 6.7, 6.8, 3.3, 4.0, 4.6, 4.6
78, 4, 5.9, 6.4, 6.3, 5.8, 3.5, 8.3, 8.8, 8.7, 8.4, 8.8, 4.4, 5.9, 6.1, 6.2
78, 5, 7.8, 7.8, 7.3, 6.4, 3.1,11.2,11.3,11.0,10.4,11.5, 6.4, 8.8, 8.5, 9.0
78, 6, 8.2, 7.9, 7.2, 6.1, 2.6,11.6,11.6,11.1,10.4,11.9, 6.9, 9.3, 8.8, 9.5
78, 7, 8.3, 8.1, 7.5, 6.4, 2.8,12.0,12.1,11.6,10.9,12.3, 7.4,10.1, 9.6,10.3
78, 8, 7.3, 7.8, 7.5, 6.8, 3.6,10.7,11.1,10.9,10.4,11.2, 6.5, 8.8, 8.9, 9.2
78, 9, 5.7, 6.7, 6.8, 6.6, 4.5, 8.6, 9.3, 9.5, 9.3, 9.5, 5.3, 6.8, 7.5, 7.5
78,10, 4.6, 6.2, 6.8, 6.9, 5.6, 7.3, 8.4, 8.9, 9.0, 9.0, 5.7, 6.0, 7.4, 7.5
78,11, 3.0, 4.4, 5.1, 5.4, 4.9, 4.7, 5.8, 6.3, 6.5, 6.6, 4.3, 3.6, 5.0, 5.2
78,12, 2.6, 4.3, 5.1, 5.6, 5.4, 4.3, 5.6, 6.2, 6.6, 6.7, 4.7, 3.4, 5.1, 5.5
79, 1, 2.3, 3.3, 3.8, 4.0, 3.6, 3.4, 4.1, 4.4, 4.6, 4.7, 2.7, 2.1, 3.0, 3.2
79, 2, 3.3, 4.5, 4.9, 5.2, 4.4, 5.0, 5.8, 6.2, 6.3, 6.3, 3.4, 3.3, 4.3, 4.4
79, 3, 4.7, 5.7, 5.9, 5.8, 4.3, 6.8, 7.5, 7.7, 7.7, 7.7, 4.1, 4.7, 5.5, 5.5
79, 4, 6.4, 7.0, 6.9, 6.4, 3.9, 9.3, 9.8, 9.8, 9.4, 9.8, 5.2, 7.0, 7.3, 7.4
79, 5, 7.4, 7.4, 6.9, 6.1, 3.0,10.5,10.6,10.3, 9.7,10.8, 5.9, 8.1, 7.8, 8.3
79, 6, 8.4, 8.1, 7.3, 6.3, 2.7,11.8,11.8,11.3,10.6,12.1, 7.1, 9.6, 9.0, 9.8
79, 7, 8.0, 7.8, 7.2, 6.2, 2.8,11.3,11.3,10.9,10.2,11.5, 6.8, 9.1, 8.7, 9.3
79, 8, 6.6, 6.9, 6.6, 6.0, 3.3, 9.3, 9.6, 9.5, 9.1, 9.7, 5.1, 6.9, 7.0, 7.2
79, 9, 6.3, 7.3, 7.5, 7.2, 4.8, 9.6,10.4,10.6,10.4,10.6, 6.3, 8.1, 8.9, 9.0
79,10, 4.3, 5.7, 6.2, 6.4, 5.1, 6.6, 7.6, 8.0, 8.1, 8.1, 4.9, 5.0, 6.2, 6.3
79,11, 3.1, 4.7, 5.4, 5.8, 5.3, 4.9, 6.1, 6.7, 7.0, 7.0, 4.6, 3.8, 5.3, 5.6
79,12, 2.5, 4.1, 4.8, 5.2, 4.9, 4.0, 5.2, 5.8, 6.1, 6.2, 4.3, 3.1, 4.7, 5.1
80, 1, 2.5, 3.8, 4.3, 4.7, 4.3, 3.8, 4.7, 5.2, 5.4, 5.5, 3.4, 2.6, 3.8, 4.1
80, 2, 3.4, 4.5, 4.9, 5.1, 4.2, 4.9, 5.7, 6.1, 6.2, 6.2, 3.4, 3.2, 4.2, 4.3
80, 3, 4.8, 5.7, 6.0, 5.9, 4.3, 7.0, 7.8, 7.9, 7.9, 7.9, 4.2, 5.1, 5.8, 5.8
80, 4, 6.3, 6.8, 6.7, 6.2, 3.8, 8.8, 9.2, 9.2, 8.9, 9.3, 4.8, 6.4, 6.7, 6.8
80, 5, 6.3, 6.3, 5.9, 5.3, 2.8, 8.5, 8.6, 8.3, 7.9, 8.7, 4.0, 5.4, 5.3, 5.6
80, 6, 8.1, 7.8, 7.1, 6.0, 2.6,11.4,11.4,10.9,10.2,11.7, 6.7, 9.1, 8.5, 9.3
80, 7, 7.7, 7.5, 7.0, 6.0, 2.8,10.7,10.8,10.4, 9.8,11.0, 6.2, 8.3, 7.9, 8.5
80, 8, 7.3, 7.7, 7.4, 6.7, 3.6,10.7,11.1,10.9,10.4,11.1, 6.4, 8.7, 8.8, 9.1
80, 9, 5.7, 6.7, 6.8, 6.6, 4.5, 8.5, 9.3, 9.4, 9.2, 9.4, 5.3, 6.6, 7.4, 7.4
80,10, 4.6, 6.2, 6.8, 7.0, 5.6, 7.4, 8.6, 9.0, 9.1, 9.1, 5.8, 6.2, 7.6, 7.7
80,11, 3.1, 4.7, 5.3, 5.7, 5.1, 4.9, 6.1, 6.6, 6.9, 6.9, 4.6, 3.8, 5.3, 5.6
80,12, 2.4, 3.8, 4.5, 4.9, 4.6, 3.8, 4.8, 5.4, 5.7, 5.8, 3.9, 2.9, 4.3, 4.6
81, 1, 2.5, 3.8, 4.4, 4.8, 4.4, 3.9, 4.9, 5.3, 5.6, 5.7, 3.6, 2.8, 4.0, 4.3
81, 2, 3.5, 4.8, 5.3, 5.6, 4.8, 5.3, 6.3, 6.7, 6.8, 6.9, 4.0, 3.8, 4.9, 5.1
81, 3, 4.4, 5.2, 5.4, 5.3, 4.0, 6.3, 6.9, 7.1, 7.0, 7.1, 3.5, 4.1, 4.8, 4.8
81, 4, 6.2, 6.7, 6.6, 6.1, 3.7, 8.8, 9.3, 9.2, 8.9, 9.3, 4.9, 6.5, 6.8, 6.9
81, 5, 6.6, 6.6, 6.2, 5.5, 2.8, 9.0, 9.1, 8.9, 8.4, 9.2, 4.7, 6.3, 6.2, 6.5
81, 6, 8.2, 7.9, 7.2, 6.2, 2.7,11.6,11.6,11.1,10.4,11.9, 7.0, 9.4, 8.8, 9.6
81, 7, 8.2, 8.0, 7.4, 6.3, 2.9,11.7,11.8,11.4,10.7,12.0, 7.0, 9.6, 9.1, 9.8
81, 8, 7.2, 7.6, 7.3, 6.6, 3.6,10.5,10.9,10.7,10.3,11.0, 6.3, 8.6, 8.6, 8.9
81, 9, 5.6, 6.6, 6.7, 6.4, 4.3, 8.3, 9.1, 9.2, 9.0, 9.2, 5.1, 6.5, 7.2, 7.2
81,10, 4.1, 5.4, 5.9, 6.0, 4.8, 6.2, 7.2, 7.5, 7.6, 7.6, 4.5, 4.6, 5.8, 5.8
81,11, 3.0, 4.3, 4.9, 5.3, 4.7, 4.5, 5.5, 6.0, 6.2, 6.3, 3.9, 3.2, 4.5, 4.7
81,12, 2.3, 3.6, 4.3, 4.6, 4.3, 3.6, 4.6, 5.1, 5.4, 5.4, 3.5, 2.6, 3.8, 4.2
82, 1, 2.8, 4.4, 5.1, 5.5, 5.2, 4.5, 5.7, 6.2, 6.6, 6.7, 4.4, 3.5, 5.0, 5.3
82, 2, 3.6, 5.0, 5.6, 5.8, 5.0, 5.5, 6.6, 7.0, 7.2, 7.2, 4.4, 4.1, 5.4, 5.5
82, 3, 4.6, 5.5, 5.7, 5.6, 4.1, 6.5, 7.2, 7.4, 7.3, 7.4, 3.9, 4.6, 5.3, 5.3
82, 4, 6.4, 7.0, 6.9, 6.4, 3.8, 9.3, 9.8, 9.7, 9.3, 9.8, 5.3, 7.1, 7.4, 7.5
82, 5, 7.1, 7.2, 6.7, 5.9, 2.9, 9.8, 9.9, 9.6, 9.1,10.1, 5.2, 7.1, 6.9, 7.3
82, 6, 7.2, 7.0, 6.4, 5.5, 2.5, 9.8, 9.7, 9.3, 8.7, 9.9, 5.1, 6.8, 6.4, 7.0
82, 7, 7.6, 7.5, 6.9, 6.0, 2.8,10.4,10.4,10.1, 9.5,10.6, 5.8, 7.7, 7.3, 7.9
82, 8, 6.5, 6.8, 6.5, 5.9, 3.2, 8.9, 9.2, 9.0, 8.6, 9.3, 4.7, 6.3, 6.4, 6.6
82, 9, 4.7, 5.4, 5.4, 5.2, 3.5, 6.4, 6.9, 6.9, 6.7, 6.9, 3.2, 4.0, 4.4, 4.4
82,10, 4.0, 5.2, 5.6, 5.7, 4.5, 5.8, 6.7, 7.0, 7.0, 7.1, 4.1, 4.2, 5.1, 5.2
82,11, 2.7, 3.8, 4.2, 4.4, 3.9, 3.8, 4.6, 5.0, 5.2, 5.2, 3.1, 2.5, 3.5, 3.7
82,12, 2.3, 3.5, 4.1, 4.4, 4.1, 3.4, 4.3, 4.8, 5.1, 5.2, 3.2, 2.3, 3.4, 3.7
83, 1, 2.3, 3.3, 3.7, 3.9, 3.5, 3.2, 3.9, 4.3, 4.5, 4.5, 2.6, 1.9, 2.8, 3.0
83, 2, 2.9, 3.8, 4.1, 4.2, 3.4, 3.8, 4.5, 4.8, 4.8, 4.8, 2.5, 2.2, 2.9, 3.0
83, 3, 4.0, 4.7, 4.8, 4.7, 3.4, 5.4, 5.9, 6.0, 5.9, 6.0, 2.7, 3.2, 3.7, 3.7
83, 4, 5.3, 5.7, 5.6, 5.2, 3.2, 6.9, 7.3, 7.2, 6.9, 7.3, 3.2, 4.2, 4.4, 4.4
83, 5, 7.1, 7.2, 6.7, 5.9, 3.0, 9.7, 9.8, 9.5, 9.0, 9.9, 5.2, 6.9, 6.7, 7.1
83, 6, 7.8, 7.6, 6.9, 6.0, 2.7,10.5,10.4,10.0, 9.3,10.7, 5.9, 7.8, 7.3, 7.9
83, 7, 8.1, 7.9, 7.3, 6.3, 2.9,11.4,11.4,11.0,10.4,11.7, 6.7, 9.1, 8.6, 9.3
83, 8, 6.1, 6.4, 6.2, 5.6, 3.2, 8.4, 8.7, 8.5, 8.1, 8.7, 4.3, 5.8, 5.9, 6.1
83, 9, 5.7, 6.6, 6.8, 6.5, 4.3, 8.3, 9.0, 9.1, 8.9, 9.1, 5.0, 6.3, 7.0, 7.0
83,10, 4.2, 5.4, 5.9, 6.0, 4.8, 6.2, 7.1, 7.5, 7.5, 7.6, 4.4, 4.5, 5.7, 5.7
83,11, 2.6, 3.7, 4.1, 4.4, 3.8, 3.7, 4.5, 4.9, 5.1, 5.1, 3.0, 2.4, 3.4, 3.5
83,12, 2.0, 3.0, 3.4, 3.6, 3.3, 2.8, 3.5, 3.9, 4.1, 4.2, 2.4, 1.7, 2.5, 2.8
84, 1, 2.7, 4.2, 4.9, 5.3, 4.9, 4.3, 5.4, 5.9, 6.2, 6.3, 4.1, 3.1, 4.6, 4.9
84, 2, 3.8, 5.3, 5.9, 6.2, 5.2, 5.7, 6.8, 7.3, 7.5, 7.5, 4.7, 4.3, 5.7, 5.8
84, 3, 4.9, 5.9, 6.2, 6.1, 4.5, 7.1, 7.9, 8.1, 8.0, 8.1, 4.3, 5.0, 5.8, 5.8
84, 4, 6.1, 6.7, 6.6, 6.1, 3.7, 8.7, 9.1, 9.1, 8.7, 9.2, 4.5, 6.1, 6.4, 6.5
84, 5, 7.4, 7.4, 7.0, 6.2, 3.0,10.3,10.4,10.1, 9.6,10.5, 5.8, 7.7, 7.5, 8.0
84, 6, 7.7, 7.4, 6.8, 5.8, 2.6,10.5,10.5,10.1, 9.4,10.7, 5.8, 7.8, 7.3, 8.0
84, 7, 6.9, 6.8, 6.3, 5.5, 2.6, 9.3, 9.3, 8.9, 8.4, 9.4, 5.0, 6.5, 6.2, 6.7
84, 8, 6.5, 6.9, 6.6, 6.0, 3.3, 9.2, 9.6, 9.4, 9.0, 9.6, 5.1, 6.9, 7.0, 7.2
84, 9, 5.8, 6.8, 6.9, 6.7, 4.5, 8.5, 9.3, 9.4, 9.2, 9.4, 5.3, 6.7, 7.4, 7.4
84,10, 4.2, 5.7, 6.2, 6.3, 5.1, 6.5, 7.5, 7.9, 8.0, 8.0, 4.8, 5.0, 6.2, 6.2
84,11, 2.8, 4.2, 4.7, 5.0, 4.4, 4.3, 5.2, 5.7, 5.9, 5.9, 3.7, 3.1, 4.3, 4.5
84,12, 2.1, 3.3, 3.8, 4.1, 3.8, 3.2, 4.0, 4.4, 4.7, 4.7, 3.1, 2.2, 3.3, 3.6
85, 1, 2.8, 4.5, 5.2, 5.7, 5.3, 4.6, 5.8, 6.4, 6.7, 6.8, 4.7, 3.7, 5.3, 5.6
85, 2, 3.8, 5.2, 5.8, 6.0, 5.1, 5.8, 6.8, 7.3, 7.4, 7.4, 4.6, 4.4, 5.7, 5.9
85, 3, 4.7, 5.7, 6.0, 5.9, 4.3, 6.9, 7.7, 7.8, 7.8, 7.9, 4.2, 5.0, 5.8, 5.8
85, 4, 6.5, 7.1, 7.0, 6.5, 3.9, 9.5,10.0, 9.9, 9.6,10.1, 5.4, 7.3, 7.7, 7.8
85, 5, 7.5, 7.5, 7.1, 6.2, 3.0,10.6,10.7,10.4, 9.8,10.9, 5.9, 8.1, 7.9, 8.3
85, 6, 8.0, 7.7, 7.1, 6.0, 2.7,11.1,11.1,10.6,10.0,11.4, 6.5, 8.6, 8.1, 8.8
85, 7, 7.5, 7.4, 6.8, 5.9, 2.8,10.2,10.3, 9.9, 9.3,10.4, 5.7, 7.6, 7.3, 7.8
85, 8, 7.5, 7.9, 7.6, 6.9, 3.7,11.0,11.4,11.3,10.8,11.5, 6.6, 9.1, 9.2, 9.5
85, 9, 5.7, 6.7, 6.9, 6.6, 4.5, 8.6, 9.3, 9.4, 9.2, 9.4, 5.2, 6.6, 7.3, 7.3
85,10, 4.4, 5.8, 6.4, 6.5, 5.2, 6.8, 7.9, 8.3, 8.4, 8.4, 5.2, 5.4, 6.8, 6.8
85,11, 2.8, 4.1, 4.7, 4.9, 4.4, 4.3, 5.3, 5.7, 5.9, 6.0, 3.8, 3.2, 4.4, 4.6
85,12, 2.5, 4.0, 4.8, 5.2, 4.9, 4.0, 5.2, 5.7, 6.1, 6.2, 4.3, 3.1, 4.6, 5.1
86, 1, 2.4, 3.6, 4.1, 4.4, 4.0, 3.6, 4.5, 4.9, 5.1, 5.2, 3.2, 2.5, 3.5, 3.8
86, 2, 3.5, 4.9, 5.4, 5.6, 4.7, 5.3, 6.3, 6.7, 6.9, 6.9, 4.2, 4.0, 5.2, 5.3
86, 3, 4.6, 5.5, 5.8, 5.7, 4.1, 6.7, 7.4, 7.6, 7.5, 7.6, 4.0, 4.8, 5.5, 5.5
86, 4, 6.0, 6.6, 6.4, 6.0, 3.6, 8.6, 9.1, 9.0, 8.7, 9.1, 4.5, 6.1, 6.4, 6.5
86, 5, 7.6, 7.7, 7.2, 6.3, 3.1,10.7,10.9,10.6,10.0,11.0, 6.2, 8.3, 8.1, 8.6
86, 6, 8.2, 7.9, 7.2, 6.2, 2.7,11.5,11.4,11.0,10.3,11.7, 6.8, 9.1, 8.6, 9.3
86, 7, 7.7, 7.6, 7.0, 6.1, 2.8,10.8,10.9,10.5, 9.9,11.1, 6.3, 8.5, 8.1, 8.7
86, 8, 7.0, 7.3, 7.1, 6.4, 3.4,10.1,10.5,10.3, 9.8,10.5, 5.9, 8.1, 8.1, 8.4
86, 9, 5.9, 6.9, 7.1, 6.8, 4.6, 8.8, 9.6, 9.8, 9.6, 9.8, 5.6, 7.1, 7.8, 7.8
86,10, 4.4, 5.9, 6.4, 6.6, 5.3, 6.9, 8.0, 8.4, 8.5, 8.5, 5.2, 5.6, 6.8, 6.9
86,11, 3.2, 4.9, 5.7, 6.1, 5.5, 5.3, 6.5, 7.1, 7.4, 7.5, 5.1, 4.3, 5.9, 6.2
86,12, 2.4, 3.9, 4.6, 5.0, 4.7, 3.8, 4.9, 5.5, 5.8, 5.9, 4.0, 2.9, 4.3, 4.7
87, 1, 2.7, 4.1, 4.8, 5.2, 4.8, 4.2, 5.3, 5.8, 6.1, 6.2, 4.0, 3.1, 4.5, 4.8
87, 2, 3.5, 4.7, 5.2, 5.4, 4.5, 5.2, 6.1, 6.4, 6.6, 6.6, 4.0, 3.8, 4.9, 5.0
87, 3, 4.6, 5.6, 5.8, 5.7, 4.1, 6.7, 7.4, 7.6, 7.5, 7.6, 4.0, 4.8, 5.5, 5.5
87, 4, 6.3, 6.9, 6.8, 6.3, 3.8, 9.1, 9.6, 9.6, 9.2, 9.7, 5.1, 6.8, 7.2, 7.3
87, 5, 6.5, 6.6, 6.2, 5.5, 2.8, 8.8, 9.0, 8.7, 8.2, 9.1, 4.5, 6.1, 5.9, 6.3
87, 6, 7.8, 7.6, 6.9, 5.9, 2.6,10.9,10.9,10.4, 9.8,11.2, 6.4, 8.5, 8.0, 8.7
87, 7, 7.9, 7.8, 7.2, 6.2, 2.8,11.2,11.2,10.8,10.2,11.4, 6.6, 8.8, 8.4, 9.0
87, 8, 7.1, 7.5, 7.2, 6.5, 3.5,10.2,10.6,10.4, 9.9,10.6, 5.9, 8.0, 8.1, 8.3
87, 9, 6.1, 7.2, 7.3, 7.1, 4.8, 9.0, 9.9,10.0, 9.8,10.0, 5.8, 7.3, 8.1, 8.1
87,10, 4.3, 5.7, 6.2, 6.3, 5.0, 6.7, 7.7, 8.1, 8.1, 8.1, 4.9, 5.3, 6.4, 6.5
87,11, 2.8, 4.2, 4.8, 5.1, 4.6, 4.4, 5.4, 5.9, 6.1, 6.2, 3.9, 3.2, 4.5, 4.8
87,12, 2.2, 3.5, 4.0, 4.4, 4.1, 3.4, 4.3, 4.8, 5.1, 5.1, 3.3, 2.4, 3.6, 3.9
88, 1, 2.6, 4.0, 4.6, 5.0, 4.5, 4.0, 5.0, 5.5, 5.8, 5.9, 3.8, 2.9, 4.2, 4.5
88, 2, 3.9, 5.6, 6.3, 6.6, 5.6, 6.3, 7.5, 8.0, 8.3, 8.3, 5.4, 5.2, 6.7, 6.9
88, 3, 5.5, 6.7, 7.1, 7.0, 5.1, 8.6, 9.5, 9.8, 9.7, 9.8, 5.7, 6.9, 8.0, 8.0
88, 4, 5.6, 6.1, 5.9, 5.5, 3.4, 7.7, 8.0, 8.0, 7.7, 8.1, 3.8, 5.1, 5.4, 5.5
88, 5, 7.4, 7.5, 7.0, 6.2, 3.0,10.3,10.5,10.2, 9.6,10.6, 5.8, 7.8, 7.6, 8.0
88, 6, 7.6, 7.3, 6.7, 5.7, 2.5,10.6,10.5,10.1, 9.5,10.8, 5.9, 8.0, 7.6, 8.2
88, 7, 7.8, 7.7, 7.1, 6.1, 2.8,11.0,11.0,10.6,10.0,11.3, 6.5, 8.7, 8.3, 8.9
88, 8, 6.8, 7.1, 6.9, 6.2, 3.4, 9.6, 9.9, 9.8, 9.3,10.0, 5.5, 7.4, 7.4, 7.7
88, 9, 6.1, 7.2, 7.3, 7.1, 4.7, 9.3,10.1,10.2,10.0,10.2, 6.0, 7.7, 8.5, 8.6
88,10, 4.5, 6.0, 6.6, 6.7, 5.4, 7.0, 8.1, 8.6, 8.7, 8.7, 5.5, 5.8, 7.1, 7.2
88,11, 3.0, 4.5, 5.1, 5.4, 4.9, 4.6, 5.7, 6.2, 6.5, 6.5, 4.3, 3.5, 4.9, 5.2
88,12, 2.4, 3.9, 4.7, 5.1, 4.8, 4.0, 5.1, 5.6, 6.0, 6.1, 4.2, 3.1, 4.6, 4.9
89, 1, 2.9, 4.6, 5.4, 5.8, 5.4, 4.8, 6.0, 6.6, 7.0, 7.1, 4.9, 3.9, 5.6, 5.9
89, 2, 3.6, 4.9, 5.4, 5.6, 4.7, 5.5, 6.5, 6.9, 7.0, 7.0, 4.2, 4.1, 5.3, 5.4
89, 3, 4.7, 5.7, 5.9, 5.8, 4.3, 6.8, 7.6, 7.7, 7.7, 7.8, 4.1, 4.8, 5.6, 5.6
89, 4, 6.5, 7.1, 7.0, 6.5, 3.9, 9.4, 9.9, 9.9, 9.5,10.0, 5.5, 7.4, 7.7, 7.8
89, 5, 6.9, 6.9, 6.5, 5.7, 2.8, 9.7, 9.8, 9.5, 9.0, 9.9, 5.3, 7.3, 7.1, 7.5
89, 6, 7.7, 7.4, 6.8, 5.8, 2.6,10.8,10.7,10.3, 9.6,11.0, 6.1, 8.3, 7.8, 8.4
89, 7, 8.0, 7.8, 7.2, 6.2, 2.8,11.3,11.3,10.9,10.2,11.5, 6.7, 9.1, 8.6, 9.3
89, 8, 7.4, 7.8, 7.5, 6.8, 3.6,10.8,11.2,11.0,10.5,11.2, 6.5, 8.9, 9.0, 9.3
89, 9, 6.0, 7.0, 7.2, 6.9, 4.6, 9.1, 9.9,10.1, 9.9,10.1, 5.9, 7.6, 8.3, 8.3
89,10, 4.6, 6.1, 6.7, 6.9, 5.5, 7.3, 8.4, 8.9, 8.9, 9.0, 5.7, 6.1, 7.4, 7.5
89,11, 3.4, 5.3, 6.1, 6.5, 5.9, 5.7, 7.0, 7.6, 8.0, 8.0, 5.6, 4.7, 6.5, 6.8
89,12, 2.8, 4.6, 5.5, 6.1, 5.8, 4.6, 6.0, 6.7, 7.1, 7.3, 5.3, 3.8, 5.7, 6.2
90, 1, 2.7, 4.2, 4.9, 5.3, 4.9, 4.3, 5.4, 6.0, 6.3, 6.4, 4.2, 3.3, 4.7, 5.0
90, 2, 3.6, 4.9, 5.5, 5.7, 4.8, 5.4, 6.4, 6.8, 7.0, 7.0, 4.3, 4.1, 5.3, 5.4
90, 3, 4.9, 6.0, 6.3, 6.2, 4.5, 7.3, 8.1, 8.3, 8.3, 8.3, 4.6, 5.5, 6.4, 6.4
90, 4, 5.8, 6.3, 6.2, 5.8, 3.5, 8.0, 8.4, 8.4, 8.1, 8.5, 4.3, 5.6, 5.9, 6.0
90, 5, 7.1, 7.2, 6.7, 5.9, 2.9, 9.9,10.1, 9.8, 9.2,10.2, 5.6, 7.6, 7.4, 7.8
90, 6, 8.5, 8.1, 7.4, 6.3, 2.7,12.1,12.0,11.6,10.8,12.4, 7.5,10.1, 9.5,10.4
90, 7, 8.0, 7.9, 7.3, 6.3, 2.8,11.3,11.4,11.0,10.3,11.6, 7.0, 9.3, 8.9, 9.6
90, 8, 6.9, 7.3, 7.1, 6.4, 3.5, 9.9,10.3,10.1, 9.7,10.4, 5.8, 7.8, 7.9, 8.2
90, 9, 5.8, 6.8, 6.9, 6.7, 4.4, 8.9, 9.6, 9.8, 9.6, 9.8, 5.6, 7.2, 7.9, 8.0
90,10, 4.7, 6.3, 6.8, 7.0, 5.7, 7.4, 8.6, 9.1, 9.2, 9.2, 5.8, 6.2, 7.6, 7.7
90,11, 3.2, 4.9, 5.6, 6.0, 5.4, 5.2, 6.4, 7.0, 7.3, 7.4, 5.0, 4.2, 5.8, 6.1
90,12, 2.8, 4.7, 5.6, 6.2, 5.9, 4.7, 6.1, 6.8, 7.3, 7.4, 5.5, 4.0, 6.0, 6.5
