"City:    ","LAS VEGAS             "
"State:   ","NV"
"WBAN No: ", 23169
"Lat(N):  ", 36.08
"Long(W): ",115.17
"Elev(m): ",   664
"Pres(mb):",   938
"Stn Type:","Primary"
"MONTHLY SOLAR RADIATION (kWh/m2/day)"
"COLUMN A: Year"
"COLUMN B: Month"
"COLUMN C: Flat-Plate Collector Facing South at Fixed Tilt=0"
"COLUMN D: Flat-Plate Collector Facing South at Fixed Tilt=Lat-15"
"COLUMN E: Flat-Plate Collector Facing South at Fixed Tilt=Lat"
"COLUMN F: Flat-Plate Collector Facing South at Fixed Tilt=Lat+15"
"COLUMN G: Flat-Plate Collector Facing South at Fixed Tilt=90"
"COLUMN H: 1-Axis Tracking Flat-Plate Collector with North-South Axis, Axis Tilt=0"
"COLUMN I: 1-Axis Tracking Flat-Plate Collector with North-South Axis, Axis Tilt=Lat-15"
"COLUMN J: 1-Axis Tracking Flat-Plate Collector with North-South Axis, Axis Tilt=Lat"
"COLUMN K: 1-Axis Tracking Flat-Plate Collector with North-South Axis, Axis Tilt=Lat+15"
"COLUMN L: 2-Axis Tracking Flat-Plate Collector"
"COLUMN M: 1-Axis Tracking Concentrating Collector with East-West Horizontal Axis"
"COLUMN N: 1-Axis Tracking Concentrating Collector with North-South Horizontal Axis"
"COLUMN O: 1-Axis Tracking Concentrating Collector with North-South Axis, Axis Tilt=Lat"
"COLUMN P: 2-Axis Tracking Concentrating Collector"
"COL A","COL B","COL C","COL D","COL E","COL F","COL G","COL H","COL I","COL J","COL K","COL L","COL M","COL N","COL O","COL P"
61, 1, 3.2, 4.8, 5.6, 6.1, 5.5, 5.1, 6.2, 6.8, 7.2, 7.3, 4.9, 3.9, 5.5, 5.8
61, 2, 4.2, 5.5, 6.1, 6.3, 5.3, 6.2, 7.2, 7.7, 7.8, 7.9, 4.8, 4.6, 5.9, 6.0
61, 3, 5.6, 6.7, 7.0, 6.9, 4.9, 8.1, 8.9, 9.1, 9.1, 9.1, 5.0, 5.9, 6.8, 6.8
61, 4, 7.1, 7.7, 7.6, 7.0, 4.0,10.3,10.8,10.7,10.3,10.8, 5.9, 8.0, 8.3, 8.4
61, 5, 8.0, 8.0, 7.5, 6.6, 3.0,11.3,11.4,11.1,10.5,11.6, 6.6, 9.0, 8.7, 9.2
61, 6, 8.5, 8.2, 7.5, 6.4, 2.5,12.0,11.9,11.5,10.7,12.2, 7.1, 9.6, 9.0, 9.8
61, 7, 7.6, 7.4, 6.9, 5.9, 2.6,10.3,10.3, 9.9, 9.3,10.5, 5.6, 7.5, 7.1, 7.6
61, 8, 6.8, 7.1, 6.8, 6.2, 3.3, 9.4, 9.7, 9.5, 9.1, 9.7, 5.0, 6.7, 6.8, 7.0
61, 9, 6.5, 7.4, 7.6, 7.3, 4.8, 9.7,10.4,10.6,10.4,10.6, 6.1, 7.8, 8.5, 8.5
61,10, 4.7, 6.0, 6.5, 6.6, 5.2, 7.1, 8.0, 8.4, 8.5, 8.5, 5.0, 5.4, 6.5, 6.6
61,11, 3.6, 5.2, 6.0, 6.4, 5.7, 5.7, 6.8, 7.4, 7.8, 7.8, 5.2, 4.5, 6.0, 6.3
61,12, 2.8, 4.3, 5.1, 5.5, 5.1, 4.4, 5.5, 6.1, 6.5, 6.6, 4.5, 3.4, 4.9, 5.3
62, 1, 3.2, 4.7, 5.5, 6.0, 5.4, 5.0, 6.2, 6.8, 7.1, 7.2, 4.8, 3.9, 5.4, 5.8
62, 2, 3.8, 4.9, 5.4, 5.6, 4.6, 5.4, 6.3, 6.6, 6.8, 6.8, 3.9, 3.7, 4.8, 4.9
62, 3, 5.5, 6.5, 6.8, 6.7, 4.8, 8.1, 8.8, 9.1, 9.0, 9.1, 5.0, 6.0, 6.8, 6.9
62, 4, 7.3, 7.9, 7.8, 7.2, 4.1,10.4,10.9,10.9,10.5,11.0, 5.9, 7.9, 8.2, 8.3
62, 5, 7.6, 7.6, 7.1, 6.3, 2.9,10.6,10.7,10.4, 9.8,10.9, 5.8, 7.9, 7.6, 8.1
62, 6, 8.5, 8.2, 7.5, 6.4, 2.5,12.0,11.9,11.4,10.7,12.2, 7.2, 9.7, 9.1, 9.9
62, 7, 8.4, 8.2, 7.5, 6.5, 2.7,11.8,11.8,11.4,10.7,12.1, 7.1, 9.6, 9.1, 9.7
62, 8, 7.6, 7.9, 7.6, 6.9, 3.5,10.9,11.3,11.1,10.6,11.3, 6.4, 8.7, 8.8, 9.1
62, 9, 6.4, 7.4, 7.5, 7.3, 4.7, 9.6,10.3,10.4,10.2,10.4, 6.1, 7.7, 8.4, 8.5
62,10, 4.8, 6.2, 6.7, 6.8, 5.4, 7.4, 8.4, 8.8, 8.9, 8.9, 5.5, 5.9, 7.1, 7.2
62,11, 3.5, 4.9, 5.7, 6.1, 5.3, 5.4, 6.4, 7.0, 7.3, 7.3, 4.8, 4.1, 5.5, 5.8
62,12, 3.0, 4.6, 5.5, 6.0, 5.6, 4.8, 6.0, 6.7, 7.1, 7.2, 5.1, 3.9, 5.5, 6.0
63, 1, 3.2, 4.8, 5.6, 6.1, 5.5, 5.1, 6.3, 6.9, 7.2, 7.3, 5.0, 4.0, 5.6, 6.0
63, 2, 4.2, 5.5, 6.1, 6.3, 5.2, 6.0, 7.1, 7.5, 7.7, 7.7, 4.7, 4.4, 5.7, 5.8
63, 3, 5.4, 6.4, 6.7, 6.6, 4.7, 7.8, 8.6, 8.8, 8.7, 8.8, 4.8, 5.7, 6.6, 6.6
63, 4, 6.6, 7.1, 6.9, 6.4, 3.7, 9.3, 9.7, 9.6, 9.2, 9.7, 5.0, 6.7, 7.0, 7.1
63, 5, 7.9, 7.9, 7.4, 6.5, 3.0,10.9,11.1,10.7,10.1,11.2, 6.1, 8.3, 8.0, 8.5
63, 6, 8.3, 8.0, 7.3, 6.2, 2.5,11.6,11.5,11.0,10.3,11.8, 6.7, 9.0, 8.4, 9.2
63, 7, 8.3, 8.1, 7.5, 6.4, 2.7,11.8,11.8,11.4,10.7,12.1, 6.9, 9.4, 9.0, 9.6
63, 8, 6.9, 7.2, 7.0, 6.3, 3.3, 9.6, 9.9, 9.7, 9.3, 9.9, 5.1, 6.8, 6.9, 7.1
63, 9, 6.0, 6.9, 7.1, 6.8, 4.5, 8.6, 9.3, 9.4, 9.3, 9.5, 5.3, 6.5, 7.2, 7.2
63,10, 4.5, 5.7, 6.2, 6.3, 4.9, 6.7, 7.6, 8.0, 8.0, 8.1, 4.7, 5.0, 6.1, 6.1
63,11, 3.3, 4.6, 5.2, 5.5, 4.9, 4.8, 5.8, 6.3, 6.5, 6.6, 4.0, 3.4, 4.6, 4.8
63,12, 3.0, 4.6, 5.4, 5.9, 5.5, 4.6, 5.8, 6.5, 6.9, 7.0, 4.8, 3.5, 5.1, 5.5
64, 1, 3.2, 4.7, 5.5, 5.9, 5.4, 4.9, 6.0, 6.6, 7.0, 7.1, 4.6, 3.6, 5.1, 5.5
64, 2, 4.5, 6.1, 6.8, 7.2, 6.0, 7.0, 8.2, 8.7, 9.0, 9.0, 5.8, 5.7, 7.2, 7.4
64, 3, 5.6, 6.6, 6.9, 6.8, 4.8, 8.0, 8.8, 9.0, 8.9, 9.0, 4.9, 5.8, 6.7, 6.7
64, 4, 6.7, 7.2, 7.1, 6.6, 3.7, 9.4, 9.8, 9.7, 9.4, 9.8, 5.1, 6.8, 7.1, 7.2
64, 5, 7.8, 7.8, 7.3, 6.5, 3.0,10.7,10.8,10.5, 9.9,10.9, 5.9, 8.0, 7.7, 8.2
64, 6, 8.4, 8.1, 7.4, 6.3, 2.6,11.6,11.5,11.1,10.4,11.8, 6.6, 8.8, 8.2, 9.0
64, 7, 7.9, 7.7, 7.2, 6.2, 2.7,10.7,10.7,10.3, 9.6,10.9, 5.8, 7.8, 7.4, 7.9
64, 8, 7.1, 7.4, 7.1, 6.5, 3.4, 9.9,10.2,10.1, 9.6,10.3, 5.4, 7.3, 7.3, 7.6
64, 9, 6.5, 7.5, 7.7, 7.4, 4.8, 9.7,10.4,10.6,10.4,10.6, 6.2, 7.8, 8.6, 8.6
64,10, 4.9, 6.3, 6.9, 7.1, 5.6, 7.4, 8.4, 8.9, 9.0, 9.0, 5.5, 5.8, 7.0, 7.1
64,11, 3.2, 4.5, 5.2, 5.5, 4.8, 4.8, 5.7, 6.2, 6.5, 6.5, 4.0, 3.4, 4.6, 4.9
64,12, 2.7, 4.1, 4.8, 5.2, 4.8, 4.0, 5.0, 5.6, 5.9, 6.0, 3.9, 2.8, 4.2, 4.5
65, 1, 3.1, 4.4, 5.1, 5.5, 4.9, 4.5, 5.5, 6.1, 6.4, 6.5, 4.0, 3.2, 4.5, 4.8
65, 2, 4.3, 5.8, 6.4, 6.7, 5.6, 6.5, 7.6, 8.1, 8.3, 8.3, 5.2, 5.0, 6.4, 6.5
65, 3, 5.3, 6.3, 6.6, 6.5, 4.6, 7.6, 8.3, 8.6, 8.5, 8.6, 4.5, 5.4, 6.2, 6.2
65, 4, 6.1, 6.4, 6.2, 5.7, 3.3, 8.2, 8.5, 8.4, 8.1, 8.5, 4.1, 5.5, 5.6, 5.8
65, 5, 7.6, 7.6, 7.1, 6.3, 3.0,10.4,10.5,10.2, 9.6,10.6, 5.5, 7.4, 7.2, 7.6
65, 6, 7.9, 7.7, 7.0, 6.0, 2.6,10.6,10.5,10.1, 9.4,10.8, 5.7, 7.5, 7.1, 7.7
65, 7, 7.6, 7.4, 6.9, 6.0, 2.7,10.0,10.0, 9.7, 9.0,10.2, 5.2, 6.9, 6.6, 7.0
65, 8, 7.3, 7.6, 7.3, 6.7, 3.5,10.2,10.5,10.3, 9.8,10.5, 5.7, 7.6, 7.7, 7.9
65, 9, 6.4, 7.3, 7.5, 7.2, 4.7, 9.3,10.1,10.2,10.0,10.2, 5.8, 7.3, 7.9, 8.0
65,10, 4.9, 6.4, 7.0, 7.1, 5.6, 7.5, 8.6, 9.0, 9.1, 9.1, 5.7, 6.0, 7.3, 7.4
65,11, 3.0, 4.1, 4.6, 4.8, 4.2, 4.3, 5.1, 5.5, 5.7, 5.7, 3.3, 2.8, 3.7, 3.9
65,12, 2.6, 3.8, 4.3, 4.7, 4.3, 3.8, 4.6, 5.1, 5.4, 5.5, 3.4, 2.5, 3.7, 4.0
66, 1, 3.2, 4.8, 5.6, 6.1, 5.5, 5.0, 6.2, 6.8, 7.2, 7.2, 4.8, 3.7, 5.3, 5.6
66, 2, 4.1, 5.4, 6.0, 6.2, 5.1, 6.0, 7.0, 7.4, 7.6, 7.6, 4.5, 4.3, 5.5, 5.6
66, 3, 5.5, 6.5, 6.8, 6.7, 4.7, 7.8, 8.5, 8.8, 8.6, 8.8, 4.6, 5.4, 6.1, 6.2
66, 4, 7.3, 7.9, 7.8, 7.3, 4.1,10.6,11.1,11.0,10.6,11.1, 6.2, 8.3, 8.6, 8.7
66, 5, 7.9, 7.9, 7.4, 6.5, 3.0,11.1,11.3,10.9,10.3,11.4, 6.3, 8.5, 8.3, 8.7
66, 6, 8.2, 7.9, 7.2, 6.2, 2.6,11.2,11.1,10.7,10.0,11.4, 6.3, 8.4, 7.8, 8.5
66, 7, 7.7, 7.6, 7.0, 6.0, 2.7,10.5,10.5,10.1, 9.5,10.7, 5.6, 7.5, 7.1, 7.6
66, 8, 7.4, 7.8, 7.5, 6.8, 3.5,10.6,10.9,10.8,10.3,11.0, 6.1, 8.3, 8.4, 8.6
66, 9, 6.1, 6.9, 7.1, 6.8, 4.4, 8.8, 9.5, 9.6, 9.4, 9.6, 5.3, 6.7, 7.3, 7.3
66,10, 4.8, 6.2, 6.7, 6.9, 5.4, 7.2, 8.2, 8.6, 8.7, 8.7, 5.2, 5.5, 6.7, 6.8
66,11, 3.4, 4.8, 5.5, 5.8, 5.1, 5.1, 6.1, 6.7, 6.9, 7.0, 4.3, 3.7, 5.0, 5.3
66,12, 2.8, 4.3, 5.0, 5.5, 5.1, 4.3, 5.4, 6.0, 6.4, 6.5, 4.3, 3.2, 4.6, 5.0
67, 1, 3.1, 4.6, 5.4, 5.8, 5.3, 4.8, 5.9, 6.5, 6.8, 6.9, 4.5, 3.5, 4.9, 5.3
67, 2, 4.5, 6.1, 6.8, 7.2, 6.0, 7.0, 8.2, 8.7, 9.0, 9.0, 5.8, 5.6, 7.1, 7.3
67, 3, 5.5, 6.5, 6.8, 6.8, 4.8, 7.8, 8.6, 8.9, 8.8, 8.9, 4.8, 5.6, 6.4, 6.4
67, 4, 6.8, 7.3, 7.2, 6.6, 3.8, 9.6,10.0, 9.9, 9.6,10.0, 5.2, 6.9, 7.2, 7.3
67, 5, 8.0, 8.0, 7.5, 6.6, 3.1,11.1,11.2,10.9,10.3,11.4, 6.2, 8.4, 8.1, 8.6
67, 6, 8.6, 8.2, 7.5, 6.4, 2.5,12.0,11.9,11.4,10.7,12.2, 7.2, 9.6, 9.0, 9.8
67, 7, 7.8, 7.7, 7.1, 6.2, 2.7,10.5,10.5,10.1, 9.5,10.7, 5.6, 7.4, 7.1, 7.6
67, 8, 7.1, 7.4, 7.2, 6.5, 3.4, 9.8,10.1, 9.9, 9.5,10.2, 5.4, 7.2, 7.2, 7.4
67, 9, 5.8, 6.7, 6.8, 6.6, 4.3, 8.3, 8.9, 9.1, 8.9, 9.1, 4.9, 6.1, 6.7, 6.7
67,10, 5.1, 6.7, 7.3, 7.5, 5.9, 7.9, 9.1, 9.5, 9.7, 9.7, 6.1, 6.5, 7.9, 8.0
67,11, 3.4, 4.7, 5.4, 5.7, 5.0, 5.0, 6.0, 6.5, 6.8, 6.8, 4.3, 3.6, 4.9, 5.2
67,12, 2.8, 4.3, 5.1, 5.5, 5.2, 4.4, 5.5, 6.1, 6.5, 6.6, 4.5, 3.4, 4.9, 5.3
68, 1, 3.2, 4.8, 5.6, 6.1, 5.5, 5.0, 6.2, 6.8, 7.1, 7.2, 4.8, 3.7, 5.3, 5.6
68, 2, 4.0, 5.2, 5.7, 5.9, 4.8, 5.7, 6.6, 7.0, 7.1, 7.1, 4.0, 3.8, 4.9, 5.0
68, 3, 5.7, 6.8, 7.1, 7.1, 5.0, 8.3, 9.1, 9.4, 9.3, 9.4, 5.3, 6.2, 7.1, 7.2
68, 4, 7.3, 7.8, 7.7, 7.1, 4.0,10.4,10.9,10.9,10.4,11.0, 6.1, 8.2, 8.5, 8.6
68, 5, 7.9, 7.9, 7.4, 6.5, 3.0,10.9,11.0,10.7,10.0,11.1, 6.0, 8.1, 7.8, 8.3
68, 6, 8.4, 8.1, 7.4, 6.3, 2.5,11.8,11.7,11.2,10.5,12.0, 6.9, 9.3, 8.7, 9.5
68, 7, 7.7, 7.5, 7.0, 6.0, 2.6,10.5,10.5,10.1, 9.4,10.7, 5.7, 7.7, 7.3, 7.8
68, 8, 7.2, 7.6, 7.3, 6.6, 3.5,10.2,10.5,10.3, 9.9,10.5, 5.6, 7.6, 7.6, 7.8
68, 9, 6.5, 7.5, 7.6, 7.4, 4.8, 9.7,10.4,10.6,10.4,10.6, 6.1, 7.8, 8.6, 8.6
68,10, 4.7, 6.1, 6.7, 6.8, 5.3, 7.2, 8.1, 8.6, 8.6, 8.7, 5.2, 5.5, 6.7, 6.8
68,11, 3.5, 5.1, 5.8, 6.3, 5.5, 5.4, 6.6, 7.2, 7.5, 7.5, 4.9, 4.1, 5.7, 5.9
68,12, 2.8, 4.2, 4.9, 5.4, 5.0, 4.3, 5.3, 5.9, 6.2, 6.3, 4.1, 3.1, 4.4, 4.8
69, 1, 2.9, 4.1, 4.7, 5.0, 4.5, 4.2, 5.1, 5.5, 5.8, 5.9, 3.6, 2.8, 4.0, 4.3
69, 2, 3.7, 4.8, 5.2, 5.4, 4.5, 5.2, 6.0, 6.4, 6.5, 6.6, 3.7, 3.5, 4.5, 4.6
69, 3, 5.5, 6.5, 6.8, 6.7, 4.8, 8.1, 8.9, 9.1, 9.0, 9.1, 5.0, 6.1, 6.9, 6.9
69, 4, 7.4, 8.0, 7.9, 7.3, 4.1,10.9,11.4,11.3,10.9,11.4, 6.4, 8.7, 9.0, 9.2
69, 5, 8.0, 8.0, 7.5, 6.6, 2.9,11.3,11.4,11.0,10.4,11.5, 6.6, 8.9, 8.6, 9.1
69, 6, 8.4, 8.1, 7.4, 6.3, 2.6,11.6,11.5,11.0,10.3,11.8, 6.8, 9.0, 8.5, 9.2
69, 7, 7.7, 7.5, 6.9, 6.0, 2.6,10.5,10.5,10.1, 9.5,10.7, 5.8, 7.7, 7.3, 7.9
69, 8, 7.5, 7.8, 7.5, 6.8, 3.5,10.8,11.1,10.9,10.4,11.2, 6.3, 8.6, 8.6, 8.9
69, 9, 6.3, 7.2, 7.4, 7.1, 4.6, 9.3,10.0,10.1, 9.9,10.1, 5.7, 7.3, 7.9, 8.0
69,10, 4.8, 6.2, 6.7, 6.8, 5.4, 7.3, 8.3, 8.7, 8.8, 8.8, 5.2, 5.6, 6.8, 6.8
69,11, 3.6, 5.1, 5.9, 6.3, 5.6, 5.6, 6.7, 7.3, 7.6, 7.7, 5.2, 4.4, 5.9, 6.3
69,12, 2.8, 4.3, 5.0, 5.5, 5.1, 4.4, 5.4, 6.0, 6.4, 6.5, 4.3, 3.2, 4.6, 5.0
70, 1, 3.0, 4.3, 5.0, 5.4, 4.8, 4.5, 5.5, 6.0, 6.3, 6.4, 3.9, 3.1, 4.3, 4.6
70, 2, 4.1, 5.4, 6.0, 6.2, 5.1, 6.0, 7.0, 7.5, 7.6, 7.7, 4.6, 4.4, 5.7, 5.8
70, 3, 5.7, 6.8, 7.1, 7.0, 4.9, 8.4, 9.3, 9.5, 9.4, 9.5, 5.4, 6.5, 7.4, 7.4
70, 4, 7.3, 7.9, 7.8, 7.2, 4.1,10.6,11.1,11.1,10.7,11.2, 6.2, 8.4, 8.7, 8.8
70, 5, 8.3, 8.3, 7.8, 6.8, 3.0,11.9,12.0,11.6,11.0,12.1, 7.1, 9.6, 9.3, 9.8
70, 6, 8.5, 8.1, 7.4, 6.3, 2.5,11.8,11.7,11.3,10.5,12.1, 7.0, 9.4, 8.8, 9.6
70, 7, 7.5, 7.3, 6.8, 5.9, 2.7,10.1,10.1, 9.7, 9.1,10.2, 5.2, 6.9, 6.6, 7.1
70, 8, 7.0, 7.3, 7.0, 6.4, 3.3, 9.9,10.1,10.0, 9.5,10.2, 5.4, 7.4, 7.4, 7.6
70, 9, 6.7, 7.7, 7.9, 7.6, 4.9,10.1,10.9,11.0,10.8,11.0, 6.6, 8.4, 9.2, 9.2
70,10, 4.9, 6.3, 6.9, 7.0, 5.5, 7.5, 8.5, 9.0, 9.1, 9.1, 5.6, 6.0, 7.2, 7.3
70,11, 3.5, 5.0, 5.7, 6.1, 5.4, 5.3, 6.4, 7.0, 7.3, 7.3, 4.7, 4.0, 5.4, 5.7
70,12, 2.8, 4.2, 5.0, 5.4, 5.0, 4.3, 5.4, 6.0, 6.3, 6.4, 4.3, 3.2, 4.6, 5.0
71, 1, 3.3, 4.9, 5.7, 6.2, 5.7, 5.2, 6.3, 7.0, 7.4, 7.5, 5.0, 4.0, 5.6, 6.0
71, 2, 4.4, 5.9, 6.6, 6.9, 5.7, 6.7, 7.8, 8.3, 8.6, 8.6, 5.4, 5.2, 6.7, 6.8
71, 3, 5.8, 7.0, 7.4, 7.3, 5.2, 8.6, 9.5, 9.8, 9.7, 9.8, 5.6, 6.7, 7.6, 7.7
71, 4, 7.2, 7.8, 7.7, 7.2, 4.1,10.5,11.0,10.9,10.5,11.0, 6.2, 8.4, 8.7, 8.8
71, 5, 7.7, 7.7, 7.2, 6.3, 3.0,10.6,10.7,10.4, 9.8,10.8, 5.8, 7.9, 7.7, 8.1
71, 6, 8.6, 8.3, 7.5, 6.4, 2.6,12.1,12.0,11.5,10.8,12.3, 7.2, 9.7, 9.1, 9.9
71, 7, 8.1, 8.0, 7.4, 6.4, 2.7,11.1,11.1,10.8,10.1,11.4, 6.4, 8.5, 8.1, 8.7
71, 8, 7.0, 7.3, 7.0, 6.4, 3.4, 9.4, 9.7, 9.5, 9.1, 9.8, 5.1, 6.6, 6.6, 6.9
71, 9, 6.5, 7.5, 7.7, 7.4, 4.8, 9.7,10.5,10.6,10.4,10.6, 6.2, 8.0, 8.7, 8.7
71,10, 5.0, 6.4, 7.0, 7.1, 5.6, 7.6, 8.6, 9.1, 9.2, 9.2, 5.8, 6.2, 7.5, 7.6
71,11, 3.5, 5.0, 5.8, 6.1, 5.4, 5.4, 6.5, 7.1, 7.4, 7.4, 4.8, 4.1, 5.5, 5.8
71,12, 2.7, 4.0, 4.7, 5.1, 4.7, 4.1, 5.0, 5.6, 5.9, 6.0, 4.0, 3.0, 4.3, 4.6
72, 1, 3.3, 5.0, 5.9, 6.4, 5.9, 5.4, 6.6, 7.3, 7.7, 7.8, 5.4, 4.3, 6.0, 6.4
72, 2, 4.4, 6.0, 6.7, 6.9, 5.8, 6.7, 7.8, 8.4, 8.6, 8.6, 5.4, 5.2, 6.6, 6.8
72, 3, 6.0, 7.2, 7.6, 7.5, 5.4, 9.0,10.0,10.3,10.2,10.3, 6.0, 7.2, 8.2, 8.3
72, 4, 7.1, 7.6, 7.4, 6.9, 3.9,10.1,10.5,10.5,10.1,10.6, 5.6, 7.6, 7.9, 8.0
72, 5, 8.3, 8.3, 7.8, 6.8, 3.0,11.8,11.9,11.6,10.9,12.1, 6.9, 9.4, 9.1, 9.7
72, 6, 8.0, 7.8, 7.1, 6.1, 2.5,11.0,10.9,10.5, 9.8,11.2, 6.1, 8.1, 7.6, 8.3
72, 7, 8.2, 8.1, 7.4, 6.4, 2.7,11.6,11.6,11.2,10.5,11.8, 6.7, 9.1, 8.6, 9.3
72, 8, 7.2, 7.6, 7.3, 6.6, 3.4,10.2,10.5,10.3, 9.9,10.6, 5.8, 7.8, 7.8, 8.1
72, 9, 6.1, 7.0, 7.1, 6.9, 4.5, 8.7, 9.4, 9.5, 9.3, 9.5, 5.2, 6.5, 7.2, 7.2
72,10, 4.0, 5.0, 5.3, 5.4, 4.2, 5.7, 6.4, 6.7, 6.7, 6.7, 3.5, 3.7, 4.5, 4.5
72,11, 3.3, 4.7, 5.4, 5.7, 5.0, 5.0, 6.0, 6.6, 6.8, 6.9, 4.4, 3.7, 5.1, 5.3
72,12, 2.9, 4.4, 5.2, 5.7, 5.3, 4.6, 5.7, 6.3, 6.7, 6.8, 4.6, 3.5, 5.1, 5.5
73, 1, 3.1, 4.6, 5.4, 5.8, 5.3, 4.8, 5.9, 6.5, 6.8, 6.9, 4.5, 3.6, 5.0, 5.4
73, 2, 3.7, 4.7, 5.2, 5.3, 4.4, 5.2, 6.0, 6.3, 6.5, 6.5, 3.5, 3.4, 4.3, 4.4
73, 3, 4.9, 5.7, 6.0, 5.8, 4.2, 6.9, 7.6, 7.7, 7.6, 7.7, 3.8, 4.6, 5.2, 5.2
73, 4, 7.2, 7.8, 7.7, 7.1, 4.0,10.5,11.0,11.0,10.6,11.1, 6.3, 8.5, 8.8, 8.9
73, 5, 7.9, 7.9, 7.4, 6.5, 3.0,10.9,11.1,10.7,10.1,11.2, 6.1, 8.3, 8.0, 8.5
73, 6, 8.4, 8.1, 7.3, 6.3, 2.6,11.6,11.5,11.0,10.3,11.8, 6.7, 9.0, 8.4, 9.1
73, 7, 8.4, 8.2, 7.5, 6.5, 2.7,11.8,11.8,11.4,10.7,12.1, 7.0, 9.5, 9.0, 9.7
73, 8, 7.4, 7.7, 7.4, 6.7, 3.5,10.4,10.7,10.6,10.1,10.8, 5.9, 8.0, 8.1, 8.3
73, 9, 6.7, 7.7, 7.9, 7.6, 4.9,10.1,10.9,11.1,10.9,11.1, 6.6, 8.5, 9.3, 9.4
73,10, 5.1, 6.6, 7.2, 7.4, 5.8, 7.9, 9.0, 9.5, 9.6, 9.6, 6.0, 6.4, 7.8, 7.9
73,11, 3.4, 4.8, 5.5, 5.8, 5.1, 5.2, 6.2, 6.7, 7.0, 7.0, 4.4, 3.8, 5.1, 5.4
73,12, 2.8, 4.1, 4.8, 5.2, 4.8, 4.2, 5.2, 5.7, 6.1, 6.2, 3.9, 2.9, 4.2, 4.6
74, 1, 2.8, 3.9, 4.4, 4.7, 4.2, 4.1, 4.9, 5.3, 5.6, 5.6, 3.3, 2.7, 3.7, 4.0
74, 2, 4.4, 5.9, 6.6, 6.9, 5.8, 6.7, 7.9, 8.4, 8.6, 8.6, 5.5, 5.3, 6.7, 6.9
74, 3, 5.2, 6.1, 6.4, 6.3, 4.4, 7.4, 8.1, 8.3, 8.2, 8.3, 4.3, 5.1, 5.8, 5.8
74, 4, 7.4, 8.0, 7.9, 7.3, 4.1,10.8,11.3,11.3,10.8,11.4, 6.4, 8.6, 8.9, 9.1
74, 5, 8.2, 8.2, 7.6, 6.7, 3.0,11.6,11.7,11.4,10.7,11.8, 6.8, 9.3, 9.0, 9.5
74, 6, 8.7, 8.4, 7.6, 6.5, 2.6,12.2,12.1,11.6,10.9,12.5, 7.4, 9.9, 9.3,10.1
74, 7, 8.0, 7.8, 7.2, 6.3, 2.7,10.9,10.9,10.5, 9.9,11.1, 6.2, 8.2, 7.8, 8.4
74, 8, 7.6, 7.9, 7.6, 6.9, 3.5,10.9,11.3,11.1,10.6,11.4, 6.5, 8.8, 8.9, 9.2
74, 9, 6.5, 7.5, 7.7, 7.4, 4.8, 9.8,10.6,10.8,10.5,10.8, 6.3, 8.1, 8.8, 8.9
74,10, 4.7, 5.9, 6.4, 6.6, 5.1, 7.0, 7.9, 8.3, 8.4, 8.4, 5.0, 5.4, 6.5, 6.6
74,11, 3.5, 5.0, 5.7, 6.1, 5.4, 5.4, 6.5, 7.1, 7.4, 7.4, 4.8, 4.1, 5.5, 5.8
74,12, 2.8, 4.2, 4.9, 5.4, 5.0, 4.3, 5.4, 5.9, 6.3, 6.4, 4.3, 3.2, 4.6, 5.0
75, 1, 3.3, 5.0, 5.9, 6.4, 5.8, 5.3, 6.5, 7.2, 7.6, 7.7, 5.1, 4.1, 5.7, 6.1
75, 2, 4.1, 5.4, 5.9, 6.2, 5.1, 6.0, 7.0, 7.4, 7.6, 7.6, 4.5, 4.4, 5.6, 5.7
75, 3, 5.1, 6.0, 6.2, 6.1, 4.3, 7.2, 7.8, 8.0, 7.9, 8.0, 4.0, 4.8, 5.4, 5.4
75, 4, 6.9, 7.4, 7.3, 6.8, 3.9, 9.8,10.3,10.2, 9.9,10.4, 5.4, 7.3, 7.6, 7.7
75, 5, 7.9, 7.9, 7.4, 6.5, 3.0,11.1,11.2,10.8,10.2,11.3, 6.3, 8.5, 8.2, 8.7
75, 6, 8.4, 8.2, 7.4, 6.4, 2.6,11.7,11.6,11.1,10.4,11.9, 6.8, 9.1, 8.5, 9.2
75, 7, 8.1, 8.0, 7.4, 6.4, 2.7,11.2,11.2,10.8,10.2,11.5, 6.5, 8.7, 8.3, 8.9
75, 8, 7.7, 8.0, 7.7, 6.9, 3.5,11.1,11.4,11.2,10.7,11.4, 6.5, 8.9, 9.0, 9.2
75, 9, 6.3, 7.2, 7.4, 7.1, 4.6, 9.3,10.0,10.1, 9.9,10.1, 5.8, 7.3, 8.0, 8.1
75,10, 4.9, 6.4, 7.0, 7.2, 5.7, 7.6, 8.7, 9.1, 9.3, 9.3, 5.8, 6.2, 7.5, 7.6
75,11, 3.6, 5.2, 6.0, 6.4, 5.7, 5.7, 6.9, 7.5, 7.8, 7.9, 5.2, 4.5, 6.0, 6.4
75,12, 3.1, 4.8, 5.7, 6.2, 5.8, 4.9, 6.2, 6.9, 7.3, 7.4, 5.2, 3.9, 5.7, 6.2
76, 1, 3.4, 5.3, 6.2, 6.8, 6.2, 5.6, 6.9, 7.7, 8.1, 8.2, 5.7, 4.6, 6.4, 6.9
76, 2, 4.1, 5.3, 5.9, 6.1, 5.0, 5.9, 6.9, 7.3, 7.5, 7.5, 4.4, 4.3, 5.4, 5.5
76, 3, 5.9, 7.1, 7.4, 7.4, 5.2, 8.8, 9.6, 9.9, 9.9, 9.9, 5.7, 6.8, 7.7, 7.7
76, 4, 7.0, 7.5, 7.4, 6.8, 3.9, 9.9,10.3,10.3, 9.9,10.4, 5.6, 7.5, 7.8, 7.9
76, 5, 7.9, 7.9, 7.3, 6.5, 3.0,11.0,11.1,10.8,10.1,11.2, 6.2, 8.4, 8.1, 8.6
76, 6, 8.6, 8.3, 7.6, 6.4, 2.6,12.0,11.9,11.5,10.7,12.3, 7.2, 9.6, 9.0, 9.8
76, 7, 7.6, 7.5, 6.9, 6.0, 2.6,10.4,10.3,10.0, 9.3,10.5, 5.6, 7.5, 7.1, 7.6
76, 8, 7.7, 8.1, 7.8, 7.0, 3.5,11.3,11.7,11.5,11.0,11.8, 6.9, 9.4, 9.4, 9.7
76, 9, 5.7, 6.5, 6.6, 6.3, 4.1, 8.0, 8.6, 8.7, 8.5, 8.7, 4.6, 5.7, 6.3, 6.3
76,10, 4.9, 6.3, 6.9, 7.1, 5.6, 7.5, 8.6, 9.1, 9.2, 9.2, 5.7, 6.1, 7.4, 7.5
76,11, 3.7, 5.4, 6.3, 6.8, 6.1, 6.0, 7.3, 7.9, 8.3, 8.3, 5.7, 4.9, 6.7, 7.0
76,12, 3.0, 4.6, 5.5, 6.0, 5.6, 4.8, 6.0, 6.7, 7.1, 7.2, 5.1, 3.8, 5.5, 5.9
77, 1, 3.0, 4.5, 5.2, 5.6, 5.1, 4.7, 5.7, 6.3, 6.6, 6.7, 4.4, 3.5, 4.9, 5.3
77, 2, 4.5, 6.1, 6.8, 7.1, 5.9, 6.9, 8.1, 8.6, 8.9, 8.9, 5.8, 5.6, 7.1, 7.3
77, 3, 5.7, 6.9, 7.2, 7.1, 5.1, 8.5, 9.4, 9.7, 9.6, 9.7, 5.7, 6.8, 7.8, 7.8
77, 4, 7.2, 7.8, 7.7, 7.1, 4.1,10.2,10.7,10.7,10.3,10.8, 6.0, 7.9, 8.3, 8.4
77, 5, 7.2, 7.2, 6.7, 5.9, 2.8, 9.8, 9.9, 9.6, 9.0,10.0, 5.2, 7.0, 6.8, 7.2
77, 6, 8.1, 7.9, 7.2, 6.2, 2.6,11.0,11.0,10.5, 9.8,11.2, 6.2, 8.2, 7.6, 8.3
77, 7, 8.0, 7.9, 7.3, 6.3, 2.7,10.9,10.9,10.5, 9.9,11.1, 6.1, 8.1, 7.7, 8.3
77, 8, 7.1, 7.4, 7.1, 6.5, 3.4, 9.8,10.1, 9.9, 9.4,10.1, 5.4, 7.2, 7.3, 7.5
77, 9, 6.0, 6.9, 7.1, 6.8, 4.4, 8.8, 9.4, 9.6, 9.4, 9.6, 5.1, 6.5, 7.1, 7.1
77,10, 4.8, 6.1, 6.7, 6.8, 5.3, 7.0, 8.0, 8.4, 8.5, 8.5, 5.0, 5.2, 6.3, 6.4
77,11, 3.4, 4.8, 5.5, 5.9, 5.2, 5.1, 6.2, 6.7, 7.0, 7.0, 4.4, 3.7, 5.1, 5.3
77,12, 2.6, 3.8, 4.4, 4.8, 4.4, 3.8, 4.7, 5.2, 5.5, 5.6, 3.5, 2.6, 3.8, 4.1
78, 1, 2.7, 3.8, 4.4, 4.7, 4.2, 4.0, 4.8, 5.2, 5.4, 5.5, 3.3, 2.7, 3.8, 4.0
78, 2, 3.7, 4.9, 5.4, 5.6, 4.6, 5.5, 6.3, 6.8, 6.9, 6.9, 4.2, 4.0, 5.1, 5.3
78, 3, 4.9, 5.8, 6.0, 5.9, 4.1, 6.8, 7.5, 7.7, 7.6, 7.7, 4.0, 4.7, 5.4, 5.4
78, 4, 6.9, 7.4, 7.3, 6.8, 3.9, 9.6,10.1,10.0, 9.6,10.1, 5.4, 7.1, 7.4, 7.5
78, 5, 8.0, 8.0, 7.4, 6.5, 2.9,11.2,11.3,11.0,10.3,11.4, 6.5, 8.8, 8.5, 9.0
78, 6, 8.8, 8.4, 7.7, 6.5, 2.6,12.3,12.2,11.7,10.9,12.5, 7.5,10.0, 9.4,10.2
78, 7, 8.2, 8.0, 7.3, 6.3, 2.6,11.6,11.6,11.2,10.5,11.8, 6.9, 9.4, 8.9, 9.6
78, 8, 7.5, 7.8, 7.5, 6.8, 3.5,10.9,11.2,11.0,10.5,11.3, 6.5, 8.9, 9.0, 9.3
78, 9, 6.2, 7.2, 7.4, 7.1, 4.6, 9.3,10.0,10.1, 9.9,10.1, 6.0, 7.6, 8.4, 8.4
78,10, 4.6, 5.8, 6.4, 6.5, 5.1, 6.9, 7.8, 8.2, 8.3, 8.3, 5.1, 5.4, 6.6, 6.6
78,11, 3.2, 4.6, 5.3, 5.6, 4.9, 4.9, 5.9, 6.4, 6.7, 6.8, 4.5, 3.8, 5.2, 5.4
78,12, 2.8, 4.3, 5.1, 5.6, 5.3, 4.4, 5.6, 6.2, 6.6, 6.7, 4.8, 3.6, 5.2, 5.7
79, 1, 2.3, 3.2, 3.6, 3.8, 3.4, 3.3, 3.9, 4.3, 4.4, 4.5, 2.7, 2.1, 3.0, 3.2
79, 2, 4.1, 5.3, 5.8, 6.1, 5.0, 5.8, 6.7, 7.1, 7.3, 7.3, 4.2, 4.0, 5.1, 5.3
79, 3, 5.0, 5.9, 6.2, 6.1, 4.3, 7.1, 7.8, 8.0, 7.9, 8.0, 4.2, 4.9, 5.7, 5.7
79, 4, 7.2, 7.8, 7.7, 7.1, 4.1,10.2,10.7,10.6,10.2,10.7, 5.7, 7.6, 7.8, 8.0
79, 5, 8.0, 8.0, 7.5, 6.6, 3.1,10.9,11.1,10.7,10.1,11.2, 6.0, 8.0, 7.8, 8.2
79, 6, 8.7, 8.4, 7.7, 6.5, 2.6,12.3,12.2,11.7,10.9,12.5, 7.3, 9.8, 9.2,10.0
79, 7, 8.2, 8.0, 7.4, 6.4, 2.7,11.6,11.6,11.1,10.5,11.8, 6.8, 9.2, 8.7, 9.4
79, 8, 6.9, 7.2, 7.0, 6.3, 3.3, 9.8,10.1, 9.9, 9.4,10.1, 5.4, 7.4, 7.4, 7.6
79, 9, 6.2, 7.2, 7.3, 7.0, 4.5, 9.1, 9.8, 9.9, 9.7, 9.9, 5.7, 7.2, 7.9, 7.9
79,10, 4.7, 6.1, 6.6, 6.8, 5.3, 7.0, 8.1, 8.5, 8.6, 8.6, 5.2, 5.4, 6.6, 6.7
79,11, 3.6, 5.1, 5.9, 6.3, 5.6, 5.4, 6.6, 7.2, 7.5, 7.6, 4.8, 4.1, 5.5, 5.8
79,12, 2.8, 4.3, 5.0, 5.5, 5.1, 4.4, 5.4, 6.1, 6.4, 6.5, 4.5, 3.4, 4.9, 5.3
80, 1, 2.5, 3.6, 4.1, 4.3, 3.9, 3.7, 4.4, 4.8, 5.1, 5.1, 3.1, 2.5, 3.5, 3.7
80, 2, 3.8, 5.0, 5.5, 5.7, 4.7, 5.6, 6.5, 6.8, 7.0, 7.0, 4.1, 4.1, 5.1, 5.3
80, 3, 5.5, 6.4, 6.7, 6.6, 4.7, 7.9, 8.7, 8.9, 8.8, 8.9, 4.9, 6.0, 6.8, 6.8
80, 4, 6.9, 7.5, 7.4, 6.9, 4.0, 9.6,10.1,10.0, 9.7,10.1, 5.5, 7.2, 7.5, 7.6
80, 5, 7.8, 7.8, 7.3, 6.4, 3.0,10.6,10.7,10.4, 9.8,10.9, 5.6, 7.6, 7.4, 7.8
80, 6, 8.9, 8.6, 7.8, 6.7, 2.7,12.5,12.4,11.9,11.1,12.7, 7.1, 9.6, 9.0, 9.8
80, 7, 8.0, 7.9, 7.3, 6.3, 2.7,11.0,11.0,10.6,10.0,11.3, 6.4, 8.6, 8.2, 8.8
80, 8, 7.8, 8.2, 7.9, 7.2, 3.7,11.3,11.6,11.4,10.9,11.7, 6.6, 9.0, 9.0, 9.3
80, 9, 6.3, 7.3, 7.5, 7.2, 4.7, 9.3,10.0,10.2,10.0,10.2, 6.0, 7.5, 8.2, 8.3
80,10, 4.9, 6.4, 6.9, 7.1, 5.6, 7.5, 8.6, 9.0, 9.1, 9.1, 5.7, 6.1, 7.4, 7.4
80,11, 3.5, 5.1, 5.9, 6.3, 5.6, 5.5, 6.6, 7.2, 7.6, 7.6, 5.2, 4.4, 5.9, 6.2
80,12, 2.8, 4.4, 5.2, 5.7, 5.3, 4.4, 5.6, 6.3, 6.7, 6.8, 4.8, 3.6, 5.2, 5.7
81, 1, 2.8, 4.1, 4.7, 5.1, 4.6, 4.2, 5.1, 5.6, 5.9, 6.0, 4.0, 3.1, 4.3, 4.7
81, 2, 4.1, 5.4, 5.9, 6.2, 5.1, 6.0, 6.9, 7.4, 7.5, 7.5, 4.4, 4.3, 5.4, 5.6
81, 3, 5.3, 6.3, 6.5, 6.4, 4.5, 7.6, 8.4, 8.6, 8.5, 8.6, 4.7, 5.7, 6.4, 6.5
81, 4, 7.1, 7.6, 7.5, 7.0, 4.0,10.1,10.6,10.5,10.2,10.6, 5.7, 7.6, 7.9, 8.1
81, 5, 7.4, 7.4, 6.9, 6.1, 2.9,10.1,10.2, 9.9, 9.3,10.3, 5.3, 7.2, 7.0, 7.4
81, 6, 8.3, 8.0, 7.3, 6.2, 2.5,11.6,11.6,11.1,10.4,11.9, 6.8, 9.1, 8.6, 9.3
81, 7, 8.2, 8.1, 7.4, 6.4, 2.7,11.6,11.6,11.2,10.5,11.8, 6.6, 9.0, 8.5, 9.1
81, 8, 7.4, 7.8, 7.5, 6.8, 3.5,10.5,10.8,10.6,10.2,10.9, 6.0, 8.1, 8.2, 8.4
81, 9, 6.0, 6.9, 7.1, 6.8, 4.5, 8.6, 9.4, 9.5, 9.3, 9.5, 5.6, 6.9, 7.6, 7.6
81,10, 4.7, 6.1, 6.6, 6.8, 5.3, 7.1, 8.2, 8.6, 8.7, 8.7, 5.5, 5.9, 7.1, 7.2
81,11, 3.3, 4.8, 5.5, 5.9, 5.2, 5.1, 6.2, 6.7, 7.0, 7.0, 4.7, 4.0, 5.4, 5.7
81,12, 2.7, 4.2, 5.0, 5.5, 5.1, 4.3, 5.4, 6.0, 6.4, 6.5, 4.5, 3.3, 4.8, 5.3
82, 1, 3.0, 4.5, 5.2, 5.6, 5.1, 4.7, 5.7, 6.3, 6.6, 6.7, 4.4, 3.5, 5.0, 5.3
82, 2, 3.7, 4.9, 5.4, 5.6, 4.6, 5.4, 6.3, 6.6, 6.8, 6.8, 3.9, 3.7, 4.8, 4.9
82, 3, 5.1, 5.9, 6.2, 6.1, 4.3, 7.1, 7.8, 7.9, 7.8, 8.0, 4.2, 5.0, 5.7, 5.7
82, 4, 6.8, 7.3, 7.2, 6.7, 3.8, 9.5, 9.9, 9.9, 9.5,10.0, 5.2, 7.0, 7.3, 7.4
82, 5, 7.6, 7.6, 7.1, 6.3, 2.9,10.5,10.6,10.3, 9.7,10.8, 5.7, 7.7, 7.4, 7.9
82, 6, 8.1, 7.9, 7.2, 6.2, 2.5,11.1,11.0,10.6, 9.8,11.3, 6.4, 8.4, 7.9, 8.6
82, 7, 7.5, 7.3, 6.7, 5.8, 2.6,10.2,10.2, 9.8, 9.2,10.4, 5.4, 7.3, 6.9, 7.5
82, 8, 6.4, 6.7, 6.4, 5.8, 3.1, 8.6, 8.8, 8.6, 8.2, 8.9, 4.4, 5.8, 5.8, 6.0
82, 9, 5.4, 6.1, 6.2, 5.9, 3.9, 7.4, 7.9, 8.0, 7.8, 8.0, 4.0, 4.9, 5.4, 5.4
82,10, 4.5, 5.7, 6.1, 6.2, 4.8, 6.6, 7.4, 7.8, 7.8, 7.8, 4.6, 4.8, 5.9, 5.9
82,11, 3.0, 4.0, 4.5, 4.7, 4.1, 4.1, 4.9, 5.3, 5.4, 5.5, 3.1, 2.5, 3.5, 3.7
82,12, 2.4, 3.5, 4.0, 4.3, 3.9, 3.4, 4.2, 4.6, 4.9, 4.9, 2.9, 2.1, 3.0, 3.3
83, 1, 2.6, 3.8, 4.4, 4.7, 4.2, 3.7, 4.6, 5.1, 5.3, 5.4, 3.5, 2.5, 3.7, 4.0
83, 2, 3.4, 4.4, 4.8, 4.9, 4.0, 4.6, 5.3, 5.6, 5.7, 5.7, 3.0, 2.8, 3.6, 3.7
83, 3, 4.8, 5.6, 5.8, 5.7, 4.0, 6.2, 6.9, 7.1, 7.0, 7.1, 3.9, 4.2, 4.9, 4.9
83, 4, 6.5, 7.0, 6.9, 6.4, 3.7, 8.8, 9.2, 9.1, 8.8, 9.2, 4.6, 5.9, 6.2, 6.3
83, 5, 8.0, 8.1, 7.6, 6.7, 3.0,11.0,11.1,10.8,10.1,11.2, 6.3, 8.4, 8.1, 8.6
83, 6, 8.4, 8.1, 7.4, 6.4, 2.6,11.4,11.3,10.9,10.1,11.6, 6.7, 8.7, 8.2, 8.9
83, 7, 7.9, 7.8, 7.2, 6.2, 2.6,11.1,11.1,10.7,10.0,11.3, 6.6, 8.9, 8.4, 9.1
83, 8, 6.0, 6.2, 6.0, 5.5, 2.9, 8.1, 8.4, 8.2, 7.8, 8.4, 4.4, 5.9, 6.0, 6.1
83, 9, 5.4, 6.1, 6.1, 5.9, 3.8, 7.1, 7.7, 7.8, 7.6, 7.8, 4.1, 5.0, 5.4, 5.5
83,10, 4.4, 5.7, 6.2, 6.3, 5.0, 6.6, 7.5, 7.9, 8.0, 8.0, 4.9, 5.1, 6.3, 6.3
83,11, 3.2, 4.5, 5.1, 5.4, 4.7, 4.6, 5.6, 6.1, 6.4, 6.4, 4.1, 3.4, 4.7, 4.9
83,12, 2.3, 3.4, 3.9, 4.2, 3.8, 3.2, 4.0, 4.4, 4.7, 4.8, 3.1, 2.2, 3.3, 3.5
84, 1, 3.1, 4.6, 5.3, 5.8, 5.2, 4.8, 5.8, 6.4, 6.8, 6.8, 4.5, 3.5, 4.9, 5.3
84, 2, 4.0, 5.3, 5.9, 6.2, 5.1, 5.7, 6.8, 7.2, 7.4, 7.4, 4.8, 4.4, 5.8, 5.9
84, 3, 5.3, 6.3, 6.7, 6.6, 4.6, 7.4, 8.2, 8.4, 8.4, 8.5, 5.0, 5.6, 6.5, 6.5
84, 4, 6.6, 7.1, 7.0, 6.5, 3.7, 8.8, 9.3, 9.2, 8.8, 9.3, 5.3, 6.6, 6.9, 7.0
84, 5, 7.7, 7.8, 7.3, 6.4, 2.9,10.4,10.5,10.2, 9.6,10.6, 6.2, 8.1, 7.9, 8.3
84, 6, 7.8, 7.6, 7.0, 6.0, 2.5,10.5,10.4,10.0, 9.3,10.6, 6.0, 7.9, 7.3, 8.0
84, 7, 6.6, 6.5, 6.1, 5.3, 2.4, 8.2, 8.2, 7.8, 7.3, 8.3, 4.4, 5.5, 5.2, 5.6
84, 8, 6.4, 6.7, 6.4, 5.8, 3.0, 8.5, 8.8, 8.6, 8.2, 8.8, 4.8, 6.2, 6.2, 6.4
84, 9, 6.0, 6.9, 7.1, 6.8, 4.4, 8.6, 9.4, 9.5, 9.3, 9.5, 5.6, 6.9, 7.5, 7.6
84,10, 4.6, 5.9, 6.4, 6.6, 5.1, 6.7, 7.7, 8.1, 8.1, 8.2, 5.1, 5.2, 6.4, 6.5
84,11, 3.1, 4.4, 5.0, 5.3, 4.6, 4.6, 5.5, 6.0, 6.2, 6.3, 3.9, 3.2, 4.4, 4.6
84,12, 2.2, 3.1, 3.6, 3.8, 3.5, 3.0, 3.7, 4.1, 4.3, 4.3, 2.7, 1.9, 2.8, 3.1
85, 1, 2.9, 4.3, 5.0, 5.4, 4.9, 4.4, 5.4, 6.0, 6.3, 6.4, 4.3, 3.3, 4.7, 5.0
85, 2, 3.7, 4.9, 5.4, 5.5, 4.5, 5.3, 6.1, 6.5, 6.7, 6.7, 4.0, 3.7, 4.8, 4.9
85, 3, 5.1, 6.0, 6.3, 6.2, 4.4, 6.9, 7.6, 7.8, 7.7, 7.8, 4.2, 4.8, 5.5, 5.5
85, 4, 6.7, 7.2, 7.1, 6.6, 3.8, 9.0, 9.4, 9.4, 9.0, 9.5, 5.1, 6.5, 6.8, 6.9
85, 5, 7.5, 7.6, 7.1, 6.3, 3.0,10.0,10.1, 9.8, 9.2,10.2, 5.3, 7.0, 6.8, 7.2
85, 6, 8.0, 7.8, 7.2, 6.2, 2.5,10.6,10.6,10.1, 9.4,10.8, 6.2, 8.0, 7.5, 8.1
85, 7, 7.4, 7.3, 6.7, 5.9, 2.6,10.0,10.0, 9.6, 9.0,10.2, 5.4, 7.2, 6.8, 7.3
85, 8, 7.6, 8.0, 7.7, 6.9, 3.5,11.0,11.3,11.1,10.6,11.4, 6.5, 8.8, 8.8, 9.1
85, 9, 6.1, 6.9, 7.1, 6.8, 4.4, 8.8, 9.4, 9.6, 9.4, 9.6, 5.3, 6.7, 7.4, 7.4
85,10, 4.7, 6.0, 6.6, 6.7, 5.3, 7.1, 8.0, 8.4, 8.5, 8.5, 5.1, 5.4, 6.6, 6.7
85,11, 3.2, 4.3, 4.9, 5.2, 4.5, 4.6, 5.5, 5.9, 6.2, 6.2, 3.7, 3.2, 4.3, 4.5
85,12, 2.8, 4.3, 5.0, 5.5, 5.1, 4.4, 5.4, 6.0, 6.4, 6.5, 4.4, 3.3, 4.8, 5.2
86, 1, 3.0, 4.3, 5.0, 5.3, 4.8, 4.4, 5.4, 6.0, 6.3, 6.3, 4.1, 3.2, 4.5, 4.8
86, 2, 4.0, 5.3, 5.9, 6.1, 5.1, 5.9, 6.9, 7.3, 7.5, 7.5, 4.6, 4.4, 5.6, 5.8
86, 3, 5.3, 6.2, 6.5, 6.4, 4.5, 7.5, 8.3, 8.5, 8.4, 8.5, 4.7, 5.5, 6.3, 6.3
86, 4, 6.9, 7.4, 7.3, 6.8, 3.9, 9.9,10.3,10.3, 9.9,10.4, 5.5, 7.4, 7.7, 7.8
86, 5, 8.1, 8.1, 7.6, 6.7, 3.0,11.2,11.3,11.0,10.4,11.4, 6.4, 8.6, 8.3, 8.8
86, 6, 8.4, 8.1, 7.4, 6.3, 2.6,11.6,11.5,11.0,10.3,11.8, 6.8, 9.0, 8.4, 9.2
86, 7, 7.8, 7.6, 7.0, 6.1, 2.6,10.7,10.7,10.3, 9.7,10.9, 6.1, 8.2, 7.8, 8.3
86, 8, 7.0, 7.3, 7.0, 6.3, 3.3, 9.8,10.1, 9.9, 9.5,10.2, 5.5, 7.4, 7.4, 7.7
86, 9, 6.1, 7.0, 7.1, 6.8, 4.4, 8.9, 9.6, 9.7, 9.4, 9.7, 5.4, 6.9, 7.5, 7.5
86,10, 4.8, 6.1, 6.7, 6.8, 5.3, 7.2, 8.2, 8.6, 8.7, 8.7, 5.3, 5.6, 6.8, 6.8
86,11, 3.5, 5.0, 5.8, 6.2, 5.5, 5.5, 6.6, 7.2, 7.5, 7.5, 4.9, 4.2, 5.7, 6.0
86,12, 2.7, 4.0, 4.6, 5.0, 4.6, 4.0, 5.0, 5.5, 5.8, 5.9, 3.8, 2.9, 4.1, 4.5
87, 1, 3.0, 4.3, 5.0, 5.4, 4.9, 4.5, 5.5, 6.0, 6.3, 6.4, 4.1, 3.2, 4.5, 4.8
87, 2, 3.7, 4.8, 5.3, 5.4, 4.5, 5.3, 6.1, 6.4, 6.6, 6.6, 3.7, 3.6, 4.6, 4.7
87, 3, 5.2, 6.1, 6.4, 6.3, 4.4, 7.3, 8.1, 8.3, 8.2, 8.3, 4.4, 5.2, 6.0, 6.0
87, 4, 6.7, 7.2, 7.1, 6.6, 3.8, 9.3, 9.7, 9.6, 9.3, 9.7, 5.1, 6.7, 6.9, 7.1
87, 5, 7.5, 7.5, 7.0, 6.2, 2.9,10.1,10.2, 9.9, 9.4,10.4, 5.5, 7.3, 7.1, 7.5
87, 6, 8.3, 8.0, 7.3, 6.3, 2.5,11.4,11.3,10.9,10.1,11.6, 6.6, 8.8, 8.2, 9.0
87, 7, 8.1, 7.9, 7.3, 6.3, 2.7,11.3,11.2,10.8,10.2,11.5, 6.5, 8.8, 8.4, 9.0
87, 8, 7.3, 7.6, 7.3, 6.6, 3.4,10.4,10.7,10.5,10.0,10.7, 5.9, 8.1, 8.1, 8.4
87, 9, 6.2, 7.1, 7.3, 7.0, 4.6, 9.0, 9.8, 9.9, 9.7, 9.9, 5.6, 7.0, 7.7, 7.7
87,10, 4.5, 5.6, 6.1, 6.2, 4.8, 6.6, 7.5, 7.8, 7.9, 7.9, 4.6, 5.0, 6.1, 6.1
87,11, 3.3, 4.7, 5.4, 5.8, 5.1, 5.1, 6.1, 6.7, 7.0, 7.0, 4.5, 3.9, 5.2, 5.5
87,12, 2.7, 4.0, 4.7, 5.1, 4.7, 4.1, 5.1, 5.7, 6.0, 6.1, 4.0, 3.0, 4.4, 4.7
88, 1, 2.9, 4.1, 4.8, 5.1, 4.6, 4.3, 5.2, 5.7, 6.0, 6.0, 3.9, 3.1, 4.3, 4.6
88, 2, 4.2, 5.7, 6.3, 6.6, 5.5, 6.4, 7.5, 8.0, 8.2, 8.2, 5.2, 5.1, 6.5, 6.7
88, 3, 6.1, 7.3, 7.7, 7.6, 5.4, 9.3,10.2,10.5,10.4,10.5, 6.3, 7.7, 8.8, 8.8
88, 4, 6.2, 6.6, 6.5, 6.0, 3.5, 8.3, 8.7, 8.6, 8.3, 8.8, 4.4, 5.8, 6.0, 6.1
88, 5, 7.9, 7.9, 7.4, 6.5, 2.9,11.1,11.2,10.9,10.3,11.4, 6.6, 8.9, 8.6, 9.1
88, 6, 8.1, 7.8, 7.1, 6.1, 2.4,11.2,11.1,10.7,10.0,11.4, 6.6, 8.9, 8.4, 9.1
88, 7, 8.0, 7.8, 7.2, 6.2, 2.6,11.1,11.1,10.7,10.0,11.4, 6.8, 9.1, 8.7, 9.3
88, 8, 6.9, 7.3, 7.0, 6.3, 3.2, 9.7,10.0, 9.8, 9.4,10.1, 5.8, 7.7, 7.8, 8.0
88, 9, 6.1, 7.0, 7.2, 6.9, 4.5, 8.9, 9.6, 9.7, 9.5, 9.7, 5.8, 7.2, 7.9, 7.9
88,10, 4.8, 6.3, 6.8, 7.0, 5.5, 7.3, 8.4, 8.9, 9.0, 9.0, 5.8, 6.1, 7.4, 7.5
88,11, 3.2, 4.6, 5.3, 5.7, 5.0, 4.9, 5.9, 6.5, 6.7, 6.8, 4.5, 3.8, 5.2, 5.5
88,12, 2.8, 4.3, 5.1, 5.6, 5.3, 4.4, 5.6, 6.2, 6.6, 6.7, 4.9, 3.7, 5.3, 5.8
89, 1, 3.0, 4.6, 5.4, 5.8, 5.3, 4.9, 6.0, 6.6, 7.0, 7.1, 5.0, 4.0, 5.6, 6.0
89, 2, 3.9, 5.2, 5.8, 6.0, 4.9, 5.8, 6.8, 7.2, 7.4, 7.4, 4.5, 4.4, 5.6, 5.7
89, 3, 5.5, 6.6, 6.9, 6.9, 4.9, 8.0, 8.9, 9.1, 9.0, 9.1, 5.2, 6.2, 7.1, 7.1
89, 4, 7.1, 7.7, 7.6, 7.0, 4.0,10.0,10.5,10.4,10.1,10.6, 6.0, 7.9, 8.3, 8.4
89, 5, 7.6, 7.6, 7.1, 6.3, 2.8,10.6,10.7,10.4, 9.8,10.8, 6.0, 8.2, 7.9, 8.4
89, 6, 8.3, 8.0, 7.3, 6.2, 2.5,11.4,11.4,10.9,10.2,11.6, 6.9, 9.2, 8.6, 9.3
89, 7, 7.7, 7.6, 7.0, 6.0, 2.5,10.7,10.7,10.3, 9.7,10.9, 6.3, 8.5, 8.0, 8.6
89, 8, 7.3, 7.6, 7.3, 6.6, 3.4,10.4,10.8,10.6,10.1,10.8, 6.4, 8.7, 8.8, 9.0
89, 9, 6.2, 7.1, 7.3, 7.0, 4.5, 9.3,10.0,10.1, 9.9,10.1, 6.1, 7.8, 8.6, 8.6
89,10, 4.8, 6.2, 6.7, 6.9, 5.4, 7.3, 8.4, 8.8, 8.9, 8.9, 5.8, 6.2, 7.5, 7.6
89,11, 3.6, 5.3, 6.2, 6.6, 5.9, 5.8, 7.0, 7.7, 8.0, 8.1, 5.7, 4.8, 6.6, 6.9
89,12, 3.0, 4.7, 5.6, 6.1, 5.7, 4.8, 6.0, 6.7, 7.2, 7.3, 5.3, 4.0, 5.8, 6.3
90, 1, 3.0, 4.6, 5.3, 5.8, 5.3, 4.8, 5.9, 6.5, 6.8, 6.9, 4.8, 3.8, 5.3, 5.7
90, 2, 3.9, 5.1, 5.6, 5.8, 4.8, 5.6, 6.5, 6.9, 7.1, 7.1, 4.3, 4.1, 5.3, 5.4
90, 3, 5.3, 6.3, 6.6, 6.5, 4.6, 7.7, 8.4, 8.6, 8.5, 8.6, 4.8, 5.7, 6.5, 6.5
90, 4, 6.7, 7.2, 7.1, 6.6, 3.8, 9.2, 9.7, 9.6, 9.3, 9.7, 5.3, 6.9, 7.3, 7.4
90, 5, 8.0, 8.0, 7.5, 6.6, 3.0,11.0,11.1,10.8,10.2,11.3, 6.5, 8.7, 8.4, 8.9
90, 6, 8.7, 8.4, 7.6, 6.4, 2.5,12.3,12.2,11.7,10.9,12.5, 7.6,10.3, 9.6,10.4
90, 7, 8.1, 7.9, 7.3, 6.3, 2.6,11.1,11.1,10.7,10.0,11.3, 6.7, 8.9, 8.4, 9.1
90, 8, 7.3, 7.6, 7.4, 6.7, 3.4,10.2,10.5,10.3, 9.8,10.6, 6.2, 8.1, 8.2, 8.5
90, 9, 5.9, 6.8, 6.9, 6.6, 4.3, 8.3, 9.0, 9.1, 8.9, 9.1, 5.4, 6.6, 7.3, 7.3
90,10, 4.8, 6.2, 6.8, 7.0, 5.5, 7.3, 8.4, 8.8, 8.9, 8.9, 5.8, 6.1, 7.4, 7.5
90,11, 3.5, 5.0, 5.7, 6.1, 5.4, 5.3, 6.4, 7.0, 7.3, 7.3, 5.0, 4.2, 5.7, 6.0
90,12, 2.9, 4.6, 5.4, 5.9, 5.5, 4.6, 5.8, 6.4, 6.9, 7.0, 5.0, 3.7, 5.4, 5.8
