"City:    ","ROCK SPRINGS          "
"State:   ","WY"
"WBAN No: ", 24027
"Lat(N):  ", 41.60
"Long(W): ",109.07
"Elev(m): ",  2056
"Pres(mb):",   794
"Stn Type:","Secondary"
"MONTHLY SOLAR RADIATION (kWh/m2/day)"
"COLUMN A: Year"
"COLUMN B: Month"
"COLUMN C: Flat-Plate Collector Facing South at Fixed Tilt=0"
"COLUMN D: Flat-Plate Collector Facing South at Fixed Tilt=Lat-15"
"COLUMN E: Flat-Plate Collector Facing South at Fixed Tilt=Lat"
"COLUMN F: Flat-Plate Collector Facing South at Fixed Tilt=Lat+15"
"COLUMN G: Flat-Plate Collector Facing South at Fixed Tilt=90"
"COLUMN H: 1-Axis Tracking Flat-Plate Collector with North-South Axis, Axis Tilt=0"
"COLUMN I: 1-Axis Tracking Flat-Plate Collector with North-South Axis, Axis Tilt=Lat-15"
"COLUMN J: 1-Axis Tracking Flat-Plate Collector with North-South Axis, Axis Tilt=Lat"
"COLUMN K: 1-Axis Tracking Flat-Plate Collector with North-South Axis, Axis Tilt=Lat+15"
"COLUMN L: 2-Axis Tracking Flat-Plate Collector"
"COLUMN M: 1-Axis Tracking Concentrating Collector with East-West Horizontal Axis"
"COLUMN N: 1-Axis Tracking Concentrating Collector with North-South Horizontal Axis"
"COLUMN O: 1-Axis Tracking Concentrating Collector with North-South Axis, Axis Tilt=Lat"
"COLUMN P: 2-Axis Tracking Concentrating Collector"
"COL A","COL B","COL C","COL D","COL E","COL F","COL G","COL H","COL I","COL J","COL K","COL L","COL M","COL N","COL O","COL P"
61, 1, 2.4, 4.1, 4.8, 5.3, 5.1, 4.0, 5.3, 5.9, 6.2, 6.3, 4.2, 3.0, 4.6, 4.9
61, 2, 2.7, 3.7, 4.0, 4.1, 3.7, 3.8, 4.6, 4.8, 4.9, 4.9, 2.4, 2.2, 2.9, 3.0
61, 3, 4.1, 5.1, 5.3, 5.3, 4.2, 5.9, 6.7, 6.8, 6.8, 6.8, 3.3, 3.8, 4.5, 4.5
61, 4, 5.6, 6.2, 6.1, 5.7, 3.7, 7.8, 8.4, 8.3, 8.0, 8.4, 3.9, 5.2, 5.5, 5.6
61, 5, 6.6, 6.7, 6.3, 5.6, 3.1, 9.1, 9.3, 9.0, 8.5, 9.4, 4.7, 6.3, 6.2, 6.6
61, 6, 7.2, 7.0, 6.4, 5.5, 2.8,10.1,10.1, 9.8, 9.2,10.4, 5.4, 7.3, 6.9, 7.5
61, 7, 7.0, 6.9, 6.3, 5.5, 2.9, 9.9,10.0, 9.6, 9.1,10.2, 5.2, 7.1, 6.8, 7.3
61, 8, 6.0, 6.4, 6.1, 5.6, 3.4, 8.4, 8.8, 8.6, 8.2, 8.8, 4.5, 6.0, 6.1, 6.3
61, 9, 4.6, 5.4, 5.5, 5.3, 3.8, 6.5, 7.2, 7.3, 7.1, 7.3, 3.6, 4.4, 5.0, 5.1
61,10, 3.6, 4.8, 5.2, 5.3, 4.4, 5.4, 6.3, 6.6, 6.7, 6.7, 3.7, 3.8, 4.8, 4.8
61,11, 2.4, 3.8, 4.3, 4.6, 4.3, 3.8, 4.8, 5.2, 5.4, 5.5, 3.3, 2.6, 3.8, 4.0
61,12, 1.9, 3.2, 3.7, 4.0, 4.0, 3.0, 3.9, 4.4, 4.6, 4.7, 2.9, 1.9, 3.1, 3.3
62, 1, 2.4, 4.1, 4.8, 5.2, 5.1, 4.0, 5.2, 5.8, 6.1, 6.2, 3.9, 2.8, 4.3, 4.6
62, 2, 2.8, 4.0, 4.5, 4.7, 4.2, 4.2, 5.1, 5.4, 5.6, 5.6, 2.9, 2.5, 3.5, 3.6
62, 3, 4.7, 6.1, 6.5, 6.5, 5.6, 7.3, 8.3, 8.6, 8.6, 8.6, 4.4, 5.1, 6.1, 6.1
62, 4, 5.7, 6.3, 6.2, 5.8, 3.8, 8.2, 8.7, 8.7, 8.4, 8.8, 4.3, 5.8, 6.2, 6.2
62, 5, 6.1, 6.2, 5.8, 5.2, 3.0, 8.0, 8.2, 8.0, 7.5, 8.3, 3.7, 4.9, 4.9, 5.2
62, 6, 7.1, 6.9, 6.3, 5.4, 2.8, 9.8, 9.8, 9.5, 8.9,10.1, 5.2, 7.0, 6.6, 7.2
62, 7, 7.2, 7.2, 6.6, 5.8, 3.0,10.2,10.3, 9.9, 9.4,10.5, 5.6, 7.5, 7.2, 7.8
62, 8, 6.6, 7.1, 6.8, 6.2, 3.7, 9.6,10.1, 9.9, 9.5,10.1, 5.5, 7.5, 7.7, 7.9
62, 9, 5.6, 6.9, 7.0, 6.7, 4.8, 8.6, 9.6, 9.7, 9.5, 9.7, 5.6, 6.9, 7.8, 7.8
62,10, 4.1, 5.8, 6.3, 6.5, 5.4, 6.5, 7.7, 8.1, 8.3, 8.3, 5.2, 5.2, 6.6, 6.7
62,11, 2.5, 4.0, 4.5, 4.8, 4.4, 3.9, 5.0, 5.4, 5.7, 5.7, 3.5, 2.8, 4.1, 4.3
62,12, 2.1, 3.8, 4.4, 4.8, 4.6, 3.5, 4.7, 5.2, 5.6, 5.7, 3.9, 2.6, 4.2, 4.6
63, 1, 2.2, 3.6, 4.2, 4.5, 4.3, 3.4, 4.5, 4.9, 5.2, 5.3, 3.4, 2.4, 3.7, 4.0
63, 2, 3.1, 4.6, 5.1, 5.3, 4.6, 4.8, 5.9, 6.3, 6.4, 6.4, 3.8, 3.4, 4.7, 4.8
63, 3, 4.4, 5.6, 5.8, 5.8, 4.4, 6.7, 7.6, 7.7, 7.7, 7.8, 4.3, 5.0, 5.9, 5.9
63, 4, 4.9, 5.3, 5.1, 4.8, 3.1, 6.6, 7.0, 6.9, 6.6, 7.0, 2.9, 4.0, 4.2, 4.3
63, 5, 6.7, 6.8, 6.3, 5.6, 3.1, 9.3, 9.5, 9.2, 8.7, 9.6, 4.8, 6.5, 6.4, 6.8
63, 6, 7.2, 6.9, 6.3, 5.4, 2.8,10.0,10.0, 9.6, 9.1,10.3, 5.3, 7.2, 6.8, 7.4
63, 7, 6.9, 6.8, 6.3, 5.5, 2.9, 9.7, 9.8, 9.4, 8.9,10.0, 5.0, 6.9, 6.7, 7.1
63, 8, 5.6, 5.9, 5.7, 5.2, 3.2, 7.5, 7.8, 7.7, 7.3, 7.8, 3.6, 4.7, 4.8, 5.0
63, 9, 5.0, 6.0, 6.1, 5.9, 4.2, 7.3, 8.1, 8.2, 8.1, 8.3, 4.4, 5.4, 6.1, 6.1
63,10, 3.7, 5.0, 5.4, 5.5, 4.5, 5.5, 6.5, 6.8, 6.9, 6.9, 4.1, 4.1, 5.2, 5.2
63,11, 2.3, 3.6, 4.1, 4.3, 3.9, 3.5, 4.4, 4.8, 5.0, 5.0, 3.0, 2.2, 3.3, 3.5
63,12, 1.8, 3.1, 3.6, 3.9, 3.8, 2.8, 3.8, 4.2, 4.4, 4.5, 2.9, 1.9, 3.1, 3.3
64, 1, 2.1, 3.4, 4.0, 4.3, 4.1, 3.2, 4.2, 4.7, 4.9, 4.9, 3.0, 2.1, 3.3, 3.5
64, 2, 3.0, 4.4, 4.8, 5.1, 4.7, 4.6, 5.6, 6.0, 6.2, 6.2, 3.4, 3.0, 4.1, 4.2
64, 3, 4.2, 5.2, 5.4, 5.4, 4.4, 6.0, 6.8, 6.9, 6.9, 6.9, 3.3, 3.8, 4.5, 4.5
64, 4, 4.8, 5.2, 5.0, 4.6, 3.1, 6.3, 6.7, 6.6, 6.3, 6.7, 2.7, 3.6, 3.8, 3.8
64, 5, 6.3, 6.4, 6.0, 5.3, 3.0, 8.3, 8.5, 8.3, 7.8, 8.6, 4.0, 5.3, 5.2, 5.5
64, 6, 6.6, 6.4, 5.9, 5.1, 2.7, 8.7, 8.7, 8.4, 7.8, 8.9, 4.2, 5.5, 5.2, 5.7
64, 7, 7.5, 7.4, 6.9, 6.0, 3.1,10.5,10.6,10.3, 9.6,10.8, 5.8, 7.8, 7.5, 8.1
64, 8, 6.4, 6.9, 6.7, 6.1, 3.7, 9.1, 9.6, 9.4, 9.0, 9.6, 5.0, 6.6, 6.8, 7.0
64, 9, 5.5, 6.7, 6.9, 6.6, 4.7, 8.3, 9.2, 9.4, 9.2, 9.4, 5.3, 6.5, 7.3, 7.3
64,10, 3.9, 5.5, 6.0, 6.1, 5.1, 6.2, 7.3, 7.7, 7.8, 7.8, 4.8, 4.8, 6.1, 6.2
64,11, 2.2, 3.2, 3.5, 3.7, 3.4, 3.1, 3.8, 4.1, 4.2, 4.3, 2.2, 1.7, 2.5, 2.7
64,12, 1.7, 2.8, 3.3, 3.5, 3.4, 2.6, 3.4, 3.8, 4.0, 4.0, 2.4, 1.6, 2.5, 2.8
65, 1, 1.9, 3.0, 3.4, 3.6, 3.4, 2.8, 3.6, 3.9, 4.1, 4.2, 2.4, 1.6, 2.5, 2.7
65, 2, 3.0, 4.4, 4.8, 5.0, 4.4, 4.5, 5.5, 5.9, 6.0, 6.1, 3.4, 3.0, 4.1, 4.3
65, 3, 4.5, 5.8, 6.1, 6.0, 4.8, 6.7, 7.7, 7.9, 7.9, 7.9, 4.3, 4.8, 5.8, 5.8
65, 4, 5.0, 5.4, 5.3, 4.9, 3.3, 6.6, 7.0, 6.9, 6.6, 7.0, 3.0, 3.8, 4.0, 4.1
65, 5, 6.2, 6.3, 5.9, 5.2, 3.0, 8.1, 8.3, 8.0, 7.6, 8.4, 3.9, 5.2, 5.1, 5.4
65, 6, 6.8, 6.6, 6.1, 5.3, 2.8, 9.1, 9.1, 8.7, 8.1, 9.3, 4.5, 5.9, 5.6, 6.1
65, 7, 6.9, 6.9, 6.4, 5.5, 2.9, 9.4, 9.6, 9.2, 8.6, 9.7, 5.0, 6.6, 6.3, 6.8
65, 8, 6.5, 6.9, 6.7, 6.1, 3.7, 9.2, 9.6, 9.5, 9.0, 9.7, 5.1, 6.8, 7.0, 7.2
65, 9, 4.6, 5.4, 5.5, 5.3, 3.8, 6.5, 7.2, 7.2, 7.1, 7.2, 3.4, 4.2, 4.8, 4.8
65,10, 4.1, 5.8, 6.4, 6.5, 5.4, 6.5, 7.8, 8.2, 8.3, 8.3, 5.2, 5.2, 6.6, 6.7
65,11, 2.3, 3.5, 4.0, 4.2, 3.8, 3.5, 4.4, 4.7, 4.9, 4.9, 3.0, 2.3, 3.4, 3.6
65,12, 1.9, 3.2, 3.7, 4.0, 3.8, 2.8, 3.8, 4.3, 4.5, 4.6, 2.9, 1.9, 3.0, 3.3
66, 1, 2.0, 3.2, 3.7, 3.9, 3.7, 3.1, 4.0, 4.3, 4.5, 4.6, 2.7, 1.9, 3.0, 3.2
66, 2, 3.1, 4.5, 5.0, 5.2, 4.7, 4.7, 5.8, 6.1, 6.3, 6.3, 3.4, 3.1, 4.2, 4.3
66, 3, 4.4, 5.5, 5.8, 5.7, 4.4, 6.6, 7.5, 7.6, 7.6, 7.6, 4.0, 4.7, 5.5, 5.6
66, 4, 5.8, 6.4, 6.3, 5.9, 4.0, 8.2, 8.7, 8.7, 8.4, 8.8, 4.3, 5.6, 6.0, 6.1
66, 5, 6.8, 6.9, 6.5, 5.7, 3.2, 9.6, 9.8, 9.6, 9.0,10.0, 5.1, 6.9, 6.8, 7.2
66, 6, 7.3, 7.2, 6.5, 5.6, 2.9,10.1,10.1, 9.7, 9.1,10.4, 5.4, 7.3, 6.9, 7.5
66, 7, 7.1, 7.1, 6.5, 5.7, 3.0, 9.9,10.0, 9.7, 9.1,10.2, 5.3, 7.2, 6.9, 7.4
66, 8, 6.7, 7.1, 6.9, 6.2, 3.7, 9.6,10.1,10.0, 9.5,10.2, 5.4, 7.4, 7.6, 7.8
66, 9, 5.0, 6.0, 6.1, 5.9, 4.2, 7.4, 8.2, 8.3, 8.1, 8.3, 4.3, 5.3, 6.0, 6.1
66,10, 3.8, 5.3, 5.7, 5.8, 4.8, 5.8, 6.9, 7.3, 7.3, 7.3, 4.3, 4.3, 5.5, 5.6
66,11, 2.3, 3.7, 4.1, 4.4, 4.0, 3.5, 4.5, 4.9, 5.1, 5.1, 3.0, 2.3, 3.4, 3.6
66,12, 1.8, 3.0, 3.5, 3.8, 3.6, 2.7, 3.6, 4.0, 4.3, 4.3, 2.6, 1.7, 2.8, 3.0
67, 1, 1.9, 2.9, 3.3, 3.5, 3.3, 2.7, 3.5, 3.8, 4.0, 4.0, 2.2, 1.5, 2.4, 2.5
67, 2, 3.2, 4.8, 5.3, 5.6, 5.0, 5.0, 6.2, 6.6, 6.8, 6.8, 4.0, 3.5, 4.8, 4.9
67, 3, 4.1, 5.1, 5.3, 5.2, 4.1, 5.7, 6.5, 6.7, 6.6, 6.7, 3.3, 3.6, 4.4, 4.4
67, 4, 5.5, 6.1, 6.0, 5.6, 3.7, 7.7, 8.2, 8.2, 7.9, 8.3, 3.9, 5.1, 5.5, 5.6
67, 5, 5.9, 6.0, 5.7, 5.0, 2.9, 7.8, 8.0, 7.7, 7.3, 8.1, 3.5, 4.7, 4.6, 4.8
67, 6, 6.6, 6.5, 6.0, 5.2, 2.7, 8.6, 8.6, 8.3, 7.8, 8.8, 4.0, 5.3, 5.0, 5.4
67, 7, 7.2, 7.2, 6.7, 5.8, 3.1,10.0,10.1, 9.8, 9.2,10.3, 5.4, 7.2, 6.9, 7.4
67, 8, 6.5, 6.9, 6.7, 6.1, 3.6, 9.2, 9.6, 9.5, 9.1, 9.7, 5.1, 6.8, 7.0, 7.2
67, 9, 5.2, 6.2, 6.3, 6.1, 4.4, 7.7, 8.5, 8.6, 8.4, 8.6, 4.6, 5.7, 6.4, 6.4
67,10, 3.8, 5.3, 5.8, 5.9, 4.9, 5.8, 6.9, 7.3, 7.3, 7.3, 4.3, 4.2, 5.5, 5.5
67,11, 2.3, 3.6, 4.0, 4.2, 3.8, 3.4, 4.4, 4.7, 4.9, 4.9, 2.9, 2.3, 3.3, 3.5
67,12, 1.8, 2.8, 3.3, 3.5, 3.5, 2.6, 3.4, 3.7, 4.0, 4.0, 2.2, 1.4, 2.3, 2.5
68, 1, 2.2, 3.7, 4.4, 4.7, 4.7, 3.6, 4.7, 5.2, 5.5, 5.6, 3.5, 2.5, 3.8, 4.1
68, 2, 2.9, 4.1, 4.5, 4.7, 4.1, 4.3, 5.2, 5.5, 5.6, 5.6, 3.2, 2.8, 3.8, 3.9
68, 3, 4.4, 5.5, 5.8, 5.7, 4.5, 6.4, 7.3, 7.5, 7.4, 7.5, 3.9, 4.4, 5.3, 5.3
68, 4, 5.2, 5.7, 5.6, 5.2, 3.5, 7.1, 7.5, 7.4, 7.2, 7.5, 3.3, 4.4, 4.7, 4.8
68, 5, 6.4, 6.4, 6.1, 5.4, 3.1, 8.7, 8.9, 8.6, 8.2, 9.0, 4.2, 5.7, 5.6, 5.9
68, 6, 7.5, 7.3, 6.7, 5.7, 2.9,10.3,10.4,10.0, 9.4,10.6, 5.6, 7.5, 7.1, 7.7
68, 7, 7.3, 7.3, 6.7, 5.8, 3.1,10.1,10.2, 9.9, 9.3,10.4, 5.6, 7.4, 7.1, 7.6
68, 8, 5.8, 6.2, 6.0, 5.4, 3.3, 8.0, 8.4, 8.3, 7.9, 8.4, 4.0, 5.4, 5.6, 5.7
68, 9, 5.2, 6.3, 6.5, 6.2, 4.5, 7.8, 8.7, 8.8, 8.6, 8.8, 4.7, 5.9, 6.7, 6.7
68,10, 3.8, 5.3, 5.8, 5.9, 4.9, 5.8, 6.9, 7.3, 7.3, 7.3, 4.4, 4.3, 5.6, 5.7
68,11, 2.2, 3.5, 3.9, 4.1, 3.8, 3.4, 4.3, 4.6, 4.8, 4.8, 2.8, 2.2, 3.2, 3.3
68,12, 1.8, 2.9, 3.3, 3.6, 3.4, 2.6, 3.5, 3.8, 4.0, 4.1, 2.3, 1.6, 2.5, 2.7
69, 1, 1.9, 3.0, 3.4, 3.7, 3.4, 2.8, 3.6, 4.0, 4.2, 4.2, 2.3, 1.6, 2.5, 2.7
69, 2, 2.8, 4.0, 4.4, 4.5, 4.1, 4.1, 5.0, 5.3, 5.4, 5.4, 2.7, 2.4, 3.3, 3.4
69, 3, 4.5, 5.8, 6.1, 6.2, 5.2, 6.9, 7.8, 8.1, 8.1, 8.1, 4.1, 4.7, 5.6, 5.6
69, 4, 5.7, 6.3, 6.2, 5.8, 3.8, 8.1, 8.6, 8.6, 8.3, 8.6, 4.3, 5.7, 6.1, 6.2
69, 5, 7.0, 7.2, 6.7, 5.9, 3.3, 9.9,10.2, 9.9, 9.4,10.3, 5.3, 7.2, 7.1, 7.5
69, 6, 6.7, 6.5, 6.0, 5.2, 2.7, 8.8, 8.8, 8.4, 7.9, 9.0, 4.3, 5.7, 5.4, 5.9
69, 7, 7.4, 7.4, 6.8, 5.9, 3.1,10.4,10.6,10.2, 9.6,10.8, 5.8, 7.8, 7.5, 8.1
69, 8, 6.7, 7.2, 6.9, 6.2, 3.7, 9.6,10.0, 9.9, 9.4,10.1, 5.5, 7.3, 7.5, 7.7
69, 9, 5.3, 6.4, 6.5, 6.3, 4.5, 7.8, 8.7, 8.8, 8.6, 8.9, 4.8, 5.9, 6.7, 6.7
69,10, 3.3, 4.4, 4.7, 4.8, 3.9, 4.8, 5.6, 5.8, 5.9, 5.9, 3.2, 3.2, 4.1, 4.1
69,11, 2.6, 4.4, 5.0, 5.4, 4.9, 4.3, 5.6, 6.1, 6.3, 6.4, 4.2, 3.2, 4.7, 5.0
69,12, 1.9, 3.2, 3.8, 4.1, 3.9, 3.0, 4.0, 4.4, 4.7, 4.7, 3.0, 2.0, 3.2, 3.4
70, 1, 2.0, 3.1, 3.6, 3.9, 3.7, 3.0, 3.8, 4.2, 4.4, 4.5, 2.6, 1.8, 2.8, 3.0
70, 2, 3.2, 4.8, 5.3, 5.5, 4.8, 5.1, 6.2, 6.6, 6.8, 6.8, 4.2, 3.7, 5.1, 5.2
70, 3, 4.1, 5.1, 5.3, 5.3, 4.2, 5.8, 6.6, 6.8, 6.7, 6.8, 3.4, 3.8, 4.5, 4.5
70, 4, 5.3, 5.9, 5.8, 5.4, 3.6, 7.2, 7.7, 7.6, 7.3, 7.7, 3.5, 4.5, 4.9, 4.9
70, 5, 6.7, 6.8, 6.4, 5.6, 3.1, 9.2, 9.4, 9.2, 8.7, 9.6, 4.7, 6.4, 6.3, 6.6
70, 6, 7.4, 7.2, 6.6, 5.6, 2.8,10.3,10.3, 9.9, 9.3,10.6, 5.7, 7.7, 7.3, 7.9
70, 7, 7.2, 7.2, 6.6, 5.7, 3.0,10.2,10.3, 9.9, 9.3,10.5, 5.6, 7.5, 7.2, 7.8
70, 8, 6.5, 7.0, 6.7, 6.1, 3.6, 9.4, 9.8, 9.7, 9.2, 9.9, 5.1, 6.9, 7.1, 7.3
70, 9, 5.5, 6.7, 6.8, 6.6, 4.7, 8.4, 9.3, 9.5, 9.3, 9.5, 5.4, 6.8, 7.7, 7.7
70,10, 3.6, 4.9, 5.3, 5.4, 4.4, 5.5, 6.5, 6.8, 6.8, 6.8, 4.0, 4.1, 5.2, 5.2
70,11, 2.2, 3.3, 3.8, 4.0, 3.6, 3.2, 4.1, 4.4, 4.6, 4.6, 2.6, 2.0, 2.9, 3.0
70,12, 1.9, 3.4, 4.0, 4.4, 4.3, 3.2, 4.3, 4.7, 5.1, 5.1, 3.2, 2.2, 3.4, 3.7
71, 1, 1.9, 3.0, 3.4, 3.6, 3.4, 2.8, 3.6, 3.9, 4.1, 4.1, 2.2, 1.6, 2.4, 2.6
71, 2, 2.9, 4.2, 4.7, 4.8, 4.2, 4.4, 5.4, 5.7, 5.9, 5.9, 3.3, 3.0, 4.0, 4.1
71, 3, 4.3, 5.4, 5.7, 5.6, 4.4, 6.2, 7.1, 7.3, 7.2, 7.3, 3.7, 4.1, 4.9, 5.0
71, 4, 5.7, 6.4, 6.3, 5.9, 4.0, 8.0, 8.6, 8.6, 8.3, 8.7, 4.3, 5.6, 6.0, 6.0
71, 5, 6.3, 6.4, 6.0, 5.3, 3.0, 8.6, 8.8, 8.6, 8.1, 8.9, 4.3, 5.8, 5.7, 6.0
71, 6, 7.5, 7.3, 6.7, 5.7, 2.9,10.5,10.5,10.1, 9.5,10.8, 5.8, 7.8, 7.3, 8.0
71, 7, 7.5, 7.5, 6.9, 6.0, 3.1,10.7,10.8,10.4, 9.8,11.0, 6.1, 8.2, 7.9, 8.5
71, 8, 6.6, 7.1, 6.8, 6.2, 3.7, 9.5, 9.9, 9.8, 9.4,10.0, 5.3, 7.2, 7.4, 7.6
71, 9, 5.3, 6.4, 6.5, 6.2, 4.4, 8.0, 8.9, 9.0, 8.8, 9.0, 4.9, 6.3, 7.0, 7.1
71,10, 3.6, 4.8, 5.1, 5.2, 4.3, 5.2, 6.2, 6.4, 6.4, 6.5, 3.6, 3.6, 4.6, 4.6
71,11, 2.5, 3.9, 4.4, 4.7, 4.6, 3.9, 4.9, 5.3, 5.6, 5.6, 3.2, 2.5, 3.7, 3.8
71,12, 1.9, 3.3, 3.8, 4.2, 4.1, 3.0, 4.0, 4.4, 4.7, 4.8, 2.8, 1.9, 3.0, 3.3
72, 1, 2.2, 3.5, 4.1, 4.5, 4.4, 3.4, 4.4, 4.9, 5.2, 5.2, 3.0, 2.2, 3.3, 3.6
72, 2, 3.0, 4.4, 4.9, 5.1, 4.7, 4.6, 5.6, 5.9, 6.1, 6.1, 3.3, 2.9, 4.0, 4.1
72, 3, 4.5, 5.7, 6.0, 5.9, 4.6, 6.7, 7.6, 7.8, 7.8, 7.8, 4.1, 4.7, 5.6, 5.6
72, 4, 5.3, 5.8, 5.7, 5.3, 3.5, 7.3, 7.7, 7.6, 7.3, 7.7, 3.5, 4.6, 4.8, 4.9
72, 5, 6.7, 6.8, 6.4, 5.7, 3.2, 9.3, 9.6, 9.3, 8.8, 9.7, 4.8, 6.5, 6.4, 6.8
72, 6, 7.2, 7.0, 6.4, 5.6, 2.8, 9.8, 9.9, 9.5, 8.9,10.1, 5.1, 6.8, 6.5, 7.0
72, 7, 7.4, 7.3, 6.8, 5.9, 3.0,10.4,10.5,10.2, 9.6,10.8, 5.8, 7.8, 7.5, 8.1
72, 8, 6.3, 6.8, 6.6, 5.9, 3.6, 9.0, 9.4, 9.3, 8.8, 9.5, 5.0, 6.6, 6.8, 7.0
72, 9, 5.1, 6.2, 6.3, 6.1, 4.4, 7.5, 8.3, 8.4, 8.3, 8.4, 4.5, 5.5, 6.2, 6.2
72,10, 3.2, 4.2, 4.5, 4.6, 3.8, 4.5, 5.3, 5.5, 5.5, 5.5, 2.8, 2.8, 3.6, 3.6
72,11, 2.2, 3.3, 3.8, 4.0, 3.7, 3.2, 4.1, 4.4, 4.6, 4.6, 2.6, 2.0, 2.9, 3.0
72,12, 1.9, 3.3, 3.8, 4.2, 4.1, 3.0, 4.0, 4.5, 4.8, 4.8, 2.9, 1.9, 3.1, 3.3
73, 1, 2.2, 3.5, 4.1, 4.4, 4.3, 3.3, 4.3, 4.8, 5.0, 5.1, 2.8, 2.0, 3.1, 3.3
73, 2, 3.4, 5.1, 5.7, 6.0, 5.6, 5.4, 6.6, 7.1, 7.3, 7.3, 4.2, 3.7, 5.1, 5.2
73, 3, 4.2, 5.3, 5.5, 5.5, 4.6, 6.1, 6.9, 7.2, 7.2, 7.2, 3.5, 3.9, 4.7, 4.7
73, 4, 5.2, 5.7, 5.6, 5.3, 3.7, 6.9, 7.4, 7.3, 7.1, 7.4, 3.2, 4.1, 4.4, 4.4
73, 5, 7.1, 7.2, 6.7, 5.9, 3.3,10.1,10.3,10.0, 9.5,10.4, 5.6, 7.6, 7.5, 7.9
73, 6, 7.3, 7.1, 6.5, 5.6, 2.9,10.2,10.2, 9.8, 9.2,10.5, 5.4, 7.3, 6.9, 7.5
73, 7, 7.0, 6.9, 6.4, 5.6, 2.9, 9.6, 9.8, 9.4, 8.9, 9.9, 5.2, 7.0, 6.7, 7.2
73, 8, 6.7, 7.2, 7.0, 6.3, 3.8, 9.8,10.3,10.1, 9.7,10.4, 5.6, 7.6, 7.8, 8.0
73, 9, 5.0, 6.0, 6.1, 5.8, 4.2, 7.2, 8.0, 8.1, 7.9, 8.1, 4.3, 5.2, 6.0, 6.0
73,10, 3.8, 5.2, 5.7, 5.8, 4.8, 5.8, 6.8, 7.2, 7.2, 7.3, 4.3, 4.3, 5.5, 5.6
73,11, 2.2, 3.2, 3.6, 3.8, 3.5, 3.1, 3.9, 4.2, 4.4, 4.4, 2.3, 1.7, 2.6, 2.8
73,12, 1.8, 2.9, 3.4, 3.6, 3.5, 2.6, 3.5, 3.9, 4.1, 4.2, 2.5, 1.6, 2.6, 2.8
74, 1, 2.2, 3.5, 4.1, 4.4, 4.3, 3.3, 4.3, 4.8, 5.1, 5.1, 3.0, 2.1, 3.2, 3.5
74, 2, 3.2, 4.8, 5.4, 5.7, 5.3, 5.1, 6.3, 6.7, 7.0, 6.9, 3.9, 3.5, 4.8, 4.9
74, 3, 4.0, 4.9, 5.1, 5.1, 4.0, 5.6, 6.3, 6.5, 6.4, 6.5, 3.2, 3.5, 4.2, 4.2
74, 4, 5.2, 5.7, 5.6, 5.2, 3.4, 7.2, 7.6, 7.5, 7.3, 7.6, 3.4, 4.6, 4.8, 4.9
74, 5, 6.9, 7.0, 6.6, 5.8, 3.2, 9.6, 9.9, 9.6, 9.1,10.0, 5.2, 7.0, 6.9, 7.3
74, 6, 7.7, 7.5, 6.9, 5.9, 3.0,11.0,11.0,10.6, 9.9,11.3, 6.3, 8.5, 8.1, 8.8
74, 7, 7.4, 7.3, 6.8, 5.9, 3.1,10.4,10.5,10.1, 9.5,10.7, 5.7, 7.7, 7.4, 7.9
74, 8, 6.9, 7.4, 7.2, 6.5, 3.9,10.2,10.7,10.6,10.1,10.8, 6.0, 8.2, 8.4, 8.6
74, 9, 5.9, 7.2, 7.4, 7.1, 5.1, 9.2,10.2,10.4,10.2,10.4, 6.1, 7.7, 8.7, 8.7
74,10, 3.7, 5.0, 5.4, 5.5, 4.5, 5.5, 6.6, 6.8, 6.9, 6.9, 4.1, 4.1, 5.3, 5.3
74,11, 2.5, 4.1, 4.7, 5.0, 4.6, 4.0, 5.2, 5.6, 5.9, 5.9, 3.8, 2.9, 4.3, 4.5
74,12, 1.9, 3.3, 3.9, 4.2, 4.0, 3.0, 4.1, 4.5, 4.8, 4.9, 3.2, 2.2, 3.4, 3.7
75, 1, 2.1, 3.3, 3.8, 4.1, 4.0, 3.2, 4.1, 4.5, 4.8, 4.8, 2.8, 2.0, 3.1, 3.3
75, 2, 3.1, 4.4, 4.9, 5.1, 4.5, 4.7, 5.7, 6.1, 6.2, 6.2, 3.6, 3.2, 4.3, 4.4
75, 3, 3.9, 4.8, 5.0, 4.9, 3.8, 5.3, 6.1, 6.2, 6.1, 6.2, 2.9, 3.2, 3.8, 3.8
75, 4, 5.1, 5.6, 5.5, 5.1, 3.5, 6.9, 7.3, 7.3, 7.0, 7.4, 3.2, 4.2, 4.5, 4.5
75, 5, 6.4, 6.5, 6.2, 5.5, 3.2, 8.7, 8.9, 8.7, 8.2, 9.0, 4.3, 5.8, 5.7, 6.0
75, 6, 7.0, 6.8, 6.2, 5.3, 2.8, 9.6, 9.6, 9.2, 8.6, 9.8, 4.9, 6.6, 6.3, 6.8
75, 7, 7.3, 7.3, 6.8, 5.9, 3.1,10.2,10.4,10.0, 9.4,10.6, 5.7, 7.6, 7.3, 7.8
75, 8, 6.8, 7.3, 7.0, 6.3, 3.8, 9.9,10.4,10.3, 9.8,10.5, 5.7, 7.8, 7.9, 8.2
75, 9, 5.7, 6.9, 7.1, 6.8, 4.9, 8.8, 9.8, 9.9, 9.7, 9.9, 5.7, 7.1, 8.0, 8.1
75,10, 3.8, 5.3, 5.7, 5.8, 4.8, 5.9, 7.0, 7.3, 7.4, 7.4, 4.4, 4.4, 5.7, 5.7
75,11, 2.5, 3.9, 4.4, 4.7, 4.3, 3.9, 4.9, 5.3, 5.5, 5.6, 3.5, 2.7, 4.0, 4.2
75,12, 1.9, 3.3, 3.9, 4.3, 4.3, 3.1, 4.2, 4.7, 4.9, 5.0, 3.2, 2.1, 3.4, 3.7
76, 1, 2.2, 3.7, 4.2, 4.6, 4.5, 3.5, 4.6, 5.1, 5.4, 5.4, 3.2, 2.3, 3.5, 3.8
76, 2, 3.2, 4.7, 5.2, 5.5, 5.0, 5.0, 6.1, 6.5, 6.7, 6.7, 3.8, 3.4, 4.7, 4.8
76, 3, 4.6, 5.8, 6.1, 6.0, 4.6, 6.7, 7.6, 7.8, 7.8, 7.9, 4.4, 4.9, 5.8, 5.9
76, 4, 5.4, 5.9, 5.8, 5.4, 3.6, 7.4, 7.8, 7.8, 7.5, 7.9, 3.6, 4.8, 5.1, 5.2
76, 5, 6.4, 6.5, 6.1, 5.4, 3.0, 8.8, 9.0, 8.8, 8.3, 9.1, 4.4, 6.0, 5.9, 6.2
76, 6, 7.3, 7.1, 6.4, 5.5, 2.8,10.2,10.2, 9.8, 9.2,10.5, 5.5, 7.5, 7.1, 7.7
76, 7, 7.4, 7.4, 6.8, 5.9, 3.0,10.6,10.7,10.3, 9.7,10.9, 6.0, 8.1, 7.7, 8.3
76, 8, 6.5, 7.0, 6.7, 6.1, 3.7, 9.4, 9.8, 9.7, 9.2, 9.9, 5.2, 7.0, 7.2, 7.4
76, 9, 5.3, 6.5, 6.6, 6.4, 4.5, 8.0, 8.9, 9.0, 8.8, 9.0, 5.0, 6.2, 7.0, 7.0
76,10, 4.0, 5.7, 6.2, 6.3, 5.3, 6.4, 7.6, 8.0, 8.1, 8.1, 5.0, 5.0, 6.4, 6.5
76,11, 2.7, 4.4, 5.1, 5.4, 5.0, 4.4, 5.7, 6.2, 6.5, 6.5, 4.3, 3.3, 4.9, 5.2
76,12, 2.1, 3.8, 4.4, 4.8, 4.6, 3.5, 4.7, 5.2, 5.6, 5.7, 3.9, 2.6, 4.1, 4.5
77, 1, 2.2, 3.7, 4.3, 4.6, 4.4, 3.6, 4.7, 5.1, 5.4, 5.5, 3.4, 2.5, 3.8, 4.0
77, 2, 3.2, 4.7, 5.3, 5.5, 4.8, 4.9, 6.1, 6.5, 6.6, 6.6, 4.1, 3.6, 4.9, 5.0
77, 3, 4.2, 5.3, 5.6, 5.6, 4.6, 6.2, 7.1, 7.3, 7.3, 7.3, 3.6, 4.1, 4.9, 4.9
77, 4, 5.8, 6.5, 6.3, 5.9, 3.8, 8.4, 8.9, 8.9, 8.5, 9.0, 4.6, 6.1, 6.4, 6.5
77, 5, 6.3, 6.4, 6.0, 5.3, 3.0, 8.4, 8.6, 8.3, 7.9, 8.7, 4.0, 5.4, 5.3, 5.6
77, 6, 7.8, 7.5, 6.9, 5.9, 2.9,11.0,11.1,10.6,10.0,11.4, 6.3, 8.5, 8.0, 8.7
77, 7, 7.0, 6.9, 6.4, 5.6, 3.0, 9.7, 9.8, 9.4, 8.9,10.0, 5.2, 7.0, 6.7, 7.2
77, 8, 6.2, 6.6, 6.3, 5.7, 3.5, 8.7, 9.1, 8.9, 8.5, 9.1, 4.7, 6.3, 6.4, 6.6
77, 9, 5.3, 6.4, 6.5, 6.2, 4.4, 8.0, 8.8, 8.9, 8.7, 8.9, 4.8, 6.0, 6.8, 6.8
77,10, 4.0, 5.7, 6.2, 6.3, 5.2, 6.4, 7.7, 8.1, 8.1, 8.1, 5.1, 5.2, 6.6, 6.7
77,11, 2.3, 3.5, 4.0, 4.2, 3.8, 3.5, 4.3, 4.7, 4.9, 4.9, 2.8, 2.2, 3.2, 3.3
77,12, 1.7, 2.7, 3.1, 3.4, 3.2, 2.5, 3.3, 3.6, 3.8, 3.9, 2.2, 1.5, 2.3, 2.5
78, 1, 2.0, 2.9, 3.3, 3.5, 3.3, 2.8, 3.5, 3.8, 4.0, 4.1, 2.1, 1.5, 2.3, 2.5
78, 2, 2.8, 4.0, 4.5, 4.7, 4.3, 4.3, 5.2, 5.5, 5.6, 5.6, 2.8, 2.5, 3.4, 3.5
78, 3, 4.3, 5.3, 5.5, 5.4, 4.2, 6.2, 7.0, 7.2, 7.1, 7.2, 3.6, 4.3, 5.0, 5.0
78, 4, 5.2, 5.8, 5.6, 5.2, 3.4, 7.4, 7.9, 7.8, 7.5, 7.9, 3.5, 4.8, 5.1, 5.2
78, 5, 6.4, 6.5, 6.1, 5.4, 3.1, 8.7, 8.9, 8.6, 8.1, 9.0, 4.3, 5.8, 5.7, 6.0
78, 6, 7.4, 7.2, 6.6, 5.7, 2.9,10.3,10.3, 9.9, 9.3,10.6, 5.7, 7.6, 7.2, 7.8
78, 7, 7.6, 7.5, 6.9, 6.0, 3.1,10.9,11.1,10.7,10.1,11.3, 6.3, 8.6, 8.3, 8.9
78, 8, 6.5, 6.9, 6.7, 6.1, 3.6, 9.3, 9.8, 9.6, 9.2, 9.8, 5.2, 7.0, 7.2, 7.4
78, 9, 5.3, 6.4, 6.5, 6.3, 4.5, 8.0, 8.9, 9.0, 8.8, 9.0, 4.8, 6.0, 6.8, 6.8
78,10, 4.1, 5.9, 6.4, 6.5, 5.4, 6.7, 8.0, 8.4, 8.4, 8.5, 5.3, 5.5, 7.0, 7.0
78,11, 2.4, 3.7, 4.2, 4.4, 4.1, 3.6, 4.6, 4.9, 5.2, 5.2, 2.8, 2.2, 3.3, 3.4
78,12, 1.9, 3.1, 3.6, 4.0, 3.9, 2.9, 3.8, 4.3, 4.5, 4.6, 2.7, 1.8, 2.8, 3.1
79, 1, 2.2, 3.4, 3.9, 4.2, 4.1, 3.3, 4.2, 4.6, 4.8, 4.9, 2.6, 1.8, 2.8, 3.0
79, 2, 3.1, 4.4, 4.9, 5.2, 4.8, 4.6, 5.6, 6.0, 6.2, 6.2, 3.1, 2.7, 3.7, 3.8
79, 3, 4.2, 5.2, 5.5, 5.4, 4.3, 6.0, 6.8, 7.0, 6.9, 7.0, 3.5, 4.0, 4.8, 4.8
79, 4, 5.8, 6.4, 6.3, 5.9, 3.8, 8.2, 8.8, 8.7, 8.4, 8.8, 4.4, 5.8, 6.1, 6.2
79, 5, 6.1, 6.2, 5.8, 5.1, 2.9, 8.3, 8.4, 8.2, 7.7, 8.5, 3.9, 5.3, 5.2, 5.5
79, 6, 7.4, 7.3, 6.7, 5.7, 2.9,10.4,10.4,10.0, 9.4,10.7, 5.7, 7.6, 7.3, 7.9
79, 7, 7.3, 7.3, 6.8, 5.9, 3.1,10.2,10.3,10.0, 9.4,10.5, 5.6, 7.5, 7.2, 7.7
79, 8, 6.1, 6.5, 6.3, 5.7, 3.4, 8.7, 9.1, 8.9, 8.5, 9.1, 4.6, 6.2, 6.3, 6.5
79, 9, 5.7, 7.0, 7.1, 6.9, 4.9, 8.8, 9.8, 9.9, 9.7, 9.9, 5.7, 7.1, 8.0, 8.1
79,10, 3.7, 5.2, 5.6, 5.6, 4.7, 5.7, 6.8, 7.1, 7.1, 7.1, 4.2, 4.3, 5.4, 5.5
79,11, 2.5, 3.9, 4.5, 4.8, 4.4, 3.9, 5.0, 5.4, 5.6, 5.7, 3.5, 2.7, 4.0, 4.2
79,12, 1.9, 3.3, 3.8, 4.2, 4.1, 3.1, 4.1, 4.5, 4.8, 4.9, 3.0, 2.0, 3.2, 3.5
80, 1, 2.0, 3.1, 3.5, 3.8, 3.7, 3.0, 3.8, 4.2, 4.4, 4.4, 2.3, 1.7, 2.6, 2.7
80, 2, 3.0, 4.3, 4.7, 4.9, 4.6, 4.5, 5.5, 5.8, 6.0, 6.0, 3.1, 2.8, 3.8, 3.9
80, 3, 4.2, 5.1, 5.3, 5.3, 4.1, 5.8, 6.6, 6.8, 6.7, 6.8, 3.3, 3.7, 4.4, 4.4
80, 4, 5.6, 6.2, 6.1, 5.7, 3.8, 8.0, 8.6, 8.5, 8.2, 8.6, 4.1, 5.5, 5.9, 6.0
80, 5, 6.1, 6.1, 5.7, 5.1, 2.9, 8.1, 8.2, 8.0, 7.5, 8.3, 3.7, 4.9, 4.8, 5.1
80, 6, 7.9, 7.7, 7.0, 6.0, 3.0,11.3,11.4,10.9,10.3,11.7, 6.6, 8.9, 8.4, 9.2
80, 7, 7.4, 7.4, 6.8, 5.9, 3.1,10.5,10.7,10.3, 9.7,10.9, 6.0, 8.0, 7.7, 8.3
80, 8, 6.3, 6.8, 6.5, 5.9, 3.5, 9.0, 9.5, 9.3, 8.9, 9.5, 5.0, 6.7, 6.8, 7.1
80, 9, 5.1, 6.2, 6.3, 6.1, 4.4, 7.6, 8.5, 8.6, 8.4, 8.6, 4.6, 5.7, 6.4, 6.5
80,10, 3.9, 5.6, 6.1, 6.2, 5.2, 6.3, 7.4, 7.8, 7.9, 7.9, 4.9, 4.9, 6.3, 6.3
80,11, 2.4, 3.8, 4.3, 4.6, 4.2, 3.8, 4.8, 5.2, 5.4, 5.5, 3.3, 2.6, 3.8, 4.0
80,12, 1.9, 3.3, 3.8, 4.1, 3.9, 3.0, 4.0, 4.4, 4.7, 4.8, 3.0, 2.0, 3.2, 3.5
81, 1, 2.2, 3.8, 4.5, 4.8, 4.6, 3.6, 4.8, 5.3, 5.6, 5.7, 3.8, 2.7, 4.1, 4.4
81, 2, 3.1, 4.6, 5.1, 5.3, 4.7, 4.8, 5.9, 6.3, 6.4, 6.5, 3.7, 3.3, 4.5, 4.6
81, 3, 4.0, 4.9, 5.1, 5.0, 3.9, 5.6, 6.3, 6.5, 6.4, 6.5, 3.1, 3.5, 4.2, 4.2
81, 4, 5.6, 6.2, 6.1, 5.7, 3.7, 7.8, 8.3, 8.3, 8.0, 8.4, 4.0, 5.2, 5.6, 5.6
81, 5, 5.6, 5.7, 5.3, 4.7, 2.7, 7.2, 7.3, 7.1, 6.7, 7.4, 3.0, 4.0, 4.0, 4.2
81, 6, 7.4, 7.2, 6.6, 5.7, 2.9,10.3,10.3, 9.9, 9.3,10.6, 5.6, 7.5, 7.1, 7.7
81, 7, 7.1, 7.0, 6.5, 5.6, 3.0, 9.8, 9.9, 9.5, 9.0,10.1, 5.2, 7.0, 6.8, 7.3
81, 8, 6.5, 7.0, 6.7, 6.1, 3.7, 9.3, 9.7, 9.6, 9.1, 9.8, 5.2, 6.9, 7.1, 7.3
81, 9, 5.1, 6.1, 6.3, 6.0, 4.3, 7.5, 8.3, 8.4, 8.3, 8.5, 4.5, 5.6, 6.3, 6.3
81,10, 3.3, 4.5, 4.8, 4.8, 4.0, 4.8, 5.7, 5.9, 5.9, 6.0, 3.2, 3.2, 4.1, 4.1
81,11, 2.4, 3.8, 4.3, 4.5, 4.1, 3.8, 4.8, 5.1, 5.3, 5.4, 3.3, 2.6, 3.8, 4.0
81,12, 1.8, 2.9, 3.3, 3.6, 3.4, 2.6, 3.5, 3.8, 4.0, 4.1, 2.4, 1.6, 2.5, 2.7
82, 1, 2.0, 3.2, 3.7, 4.0, 3.8, 3.1, 4.0, 4.3, 4.6, 4.6, 2.5, 1.8, 2.7, 2.9
82, 2, 3.1, 4.6, 5.1, 5.3, 4.8, 4.8, 5.9, 6.3, 6.5, 6.5, 3.7, 3.3, 4.5, 4.6
82, 3, 4.0, 4.9, 5.1, 5.0, 3.8, 5.6, 6.3, 6.5, 6.4, 6.5, 3.1, 3.5, 4.2, 4.2
82, 4, 5.8, 6.4, 6.3, 5.8, 3.7, 8.4, 8.9, 8.8, 8.5, 8.9, 4.4, 6.0, 6.3, 6.4
82, 5, 6.4, 6.5, 6.1, 5.4, 3.0, 8.7, 8.9, 8.6, 8.2, 9.0, 4.2, 5.7, 5.6, 5.9
82, 6, 6.8, 6.7, 6.1, 5.3, 2.8, 9.1, 9.1, 8.8, 8.2, 9.3, 4.4, 5.9, 5.6, 6.1
82, 7, 7.0, 6.9, 6.4, 5.6, 3.0, 9.5, 9.6, 9.3, 8.7, 9.8, 4.9, 6.6, 6.3, 6.8
82, 8, 6.1, 6.6, 6.3, 5.8, 3.5, 8.3, 8.8, 8.6, 8.2, 8.8, 4.3, 5.6, 5.7, 5.9
82, 9, 4.3, 5.0, 5.0, 4.8, 3.4, 5.7, 6.3, 6.3, 6.1, 6.3, 2.9, 3.5, 3.9, 3.9
82,10, 3.3, 4.4, 4.7, 4.7, 3.8, 4.7, 5.5, 5.7, 5.7, 5.7, 2.9, 2.9, 3.7, 3.8
82,11, 2.2, 3.4, 3.8, 4.0, 3.6, 3.2, 4.1, 4.4, 4.6, 4.6, 2.6, 2.0, 2.9, 3.1
82,12, 1.7, 2.7, 3.1, 3.3, 3.0, 2.3, 3.1, 3.4, 3.6, 3.7, 2.1, 1.3, 2.2, 2.4
83, 1, 2.0, 3.2, 3.6, 3.9, 3.6, 2.8, 3.8, 4.1, 4.3, 4.4, 2.6, 1.7, 2.8, 3.0
83, 2, 2.7, 3.8, 4.1, 4.2, 3.6, 3.7, 4.5, 4.8, 4.9, 4.9, 2.6, 2.2, 3.1, 3.2
83, 3, 3.5, 4.2, 4.3, 4.1, 3.1, 4.4, 5.0, 5.1, 4.9, 5.1, 2.1, 2.2, 2.7, 2.7
83, 4, 4.9, 5.3, 5.2, 4.8, 3.2, 6.2, 6.6, 6.5, 6.2, 6.6, 2.7, 3.4, 3.7, 3.7
83, 5, 6.1, 6.2, 5.8, 5.1, 2.9, 8.0, 8.1, 7.9, 7.4, 8.2, 3.6, 4.8, 4.7, 5.0
83, 6, 6.8, 6.6, 6.1, 5.3, 2.8, 8.9, 8.9, 8.5, 8.0, 9.1, 4.3, 5.6, 5.3, 5.8
83, 7, 6.8, 6.8, 6.3, 5.5, 3.0, 9.1, 9.2, 8.9, 8.3, 9.4, 4.6, 6.1, 5.9, 6.3
83, 8, 6.2, 6.7, 6.4, 5.9, 3.6, 8.4, 8.8, 8.7, 8.3, 8.9, 4.3, 5.5, 5.7, 5.8
83, 9, 5.1, 6.1, 6.2, 6.0, 4.3, 7.4, 8.2, 8.3, 8.1, 8.3, 4.3, 5.3, 6.0, 6.0
83,10, 3.6, 5.0, 5.4, 5.5, 4.6, 5.3, 6.4, 6.7, 6.8, 6.8, 3.8, 3.7, 4.8, 4.9
83,11, 2.2, 3.2, 3.6, 3.8, 3.5, 3.0, 3.8, 4.1, 4.3, 4.3, 2.3, 1.7, 2.5, 2.6
83,12, 1.8, 2.6, 2.9, 3.1, 3.0, 2.3, 2.9, 3.2, 3.4, 3.4, 1.5, 0.9, 1.5, 1.7
84, 1, 2.4, 4.0, 4.6, 5.0, 4.9, 3.8, 4.9, 5.5, 5.8, 5.8, 3.4, 2.4, 3.7, 4.0
84, 2, 3.1, 4.4, 4.9, 5.2, 4.8, 4.7, 5.7, 6.1, 6.3, 6.2, 3.4, 3.0, 4.1, 4.2
84, 3, 3.9, 4.9, 5.1, 5.1, 4.3, 5.6, 6.3, 6.5, 6.5, 6.5, 3.0, 3.3, 4.0, 4.0
84, 4, 5.0, 5.5, 5.4, 5.0, 3.4, 6.7, 7.2, 7.1, 6.8, 7.2, 3.0, 4.0, 4.3, 4.4
84, 5, 6.6, 6.7, 6.3, 5.5, 3.1, 8.9, 9.1, 8.9, 8.4, 9.2, 4.5, 6.0, 5.9, 6.3
84, 6, 7.0, 6.8, 6.2, 5.3, 2.7, 9.5, 9.5, 9.2, 8.6, 9.8, 5.0, 6.7, 6.4, 6.9
84, 7, 7.2, 7.1, 6.6, 5.7, 3.0, 9.9,10.0, 9.6, 9.1,10.2, 5.5, 7.3, 7.0, 7.6
84, 8, 6.0, 6.5, 6.2, 5.7, 3.4, 8.6, 9.0, 8.8, 8.4, 9.0, 4.6, 6.2, 6.3, 6.5
84, 9, 5.0, 6.1, 6.2, 6.0, 4.3, 7.4, 8.3, 8.4, 8.2, 8.4, 4.6, 5.6, 6.3, 6.3
84,10, 3.3, 4.5, 4.8, 4.9, 4.1, 4.9, 5.8, 6.0, 6.1, 6.1, 3.3, 3.3, 4.3, 4.3
84,11, 2.3, 3.5, 4.0, 4.2, 3.8, 3.4, 4.3, 4.7, 4.8, 4.9, 2.9, 2.2, 3.2, 3.4
84,12, 1.9, 3.2, 3.7, 4.1, 4.1, 3.0, 3.9, 4.4, 4.7, 4.7, 2.9, 1.9, 3.0, 3.3
85, 1, 2.3, 3.8, 4.4, 4.8, 4.8, 3.7, 4.8, 5.3, 5.7, 5.7, 3.5, 2.5, 3.9, 4.2
85, 2, 3.1, 4.4, 5.0, 5.2, 4.9, 4.7, 5.7, 6.1, 6.3, 6.3, 3.3, 3.0, 4.0, 4.1
85, 3, 4.3, 5.5, 5.8, 5.8, 4.7, 6.4, 7.3, 7.5, 7.5, 7.6, 4.0, 4.5, 5.4, 5.4
85, 4, 5.7, 6.3, 6.3, 5.8, 3.8, 8.3, 8.8, 8.8, 8.5, 8.9, 4.4, 5.9, 6.3, 6.4
85, 5, 6.6, 6.7, 6.3, 5.5, 3.1, 9.0, 9.3, 9.0, 8.5, 9.4, 4.6, 6.3, 6.1, 6.5
85, 6, 7.3, 7.1, 6.5, 5.6, 2.8,10.1,10.1, 9.7, 9.1,10.4, 5.6, 7.4, 7.0, 7.6
85, 7, 6.9, 6.9, 6.4, 5.6, 3.0, 9.3, 9.4, 9.1, 8.5, 9.6, 5.0, 6.6, 6.3, 6.8
85, 8, 6.9, 7.5, 7.2, 6.5, 3.9,10.1,10.6,10.4,10.0,10.6, 5.9, 7.9, 8.1, 8.4
85, 9, 4.8, 5.8, 5.9, 5.6, 4.0, 7.0, 7.8, 7.8, 7.7, 7.9, 4.0, 5.0, 5.6, 5.6
85,10, 3.9, 5.5, 6.0, 6.1, 5.1, 6.0, 7.2, 7.6, 7.7, 7.7, 4.7, 4.7, 6.0, 6.1
85,11, 2.1, 3.2, 3.5, 3.8, 3.5, 3.1, 3.8, 4.2, 4.3, 4.3, 2.3, 1.8, 2.6, 2.7
85,12, 2.0, 3.6, 4.2, 4.6, 4.6, 3.3, 4.4, 5.0, 5.3, 5.4, 3.4, 2.2, 3.6, 3.9
86, 1, 2.1, 3.5, 4.1, 4.5, 4.4, 3.4, 4.4, 4.9, 5.2, 5.3, 3.2, 2.3, 3.5, 3.8
86, 2, 2.5, 3.4, 3.7, 3.7, 3.2, 3.6, 4.2, 4.4, 4.5, 4.5, 2.2, 2.1, 2.8, 2.8
86, 3, 4.4, 5.5, 5.7, 5.6, 4.3, 6.4, 7.3, 7.5, 7.4, 7.5, 3.9, 4.5, 5.3, 5.3
86, 4, 4.9, 5.3, 5.2, 4.8, 3.2, 6.6, 7.0, 6.9, 6.7, 7.0, 3.0, 4.0, 4.2, 4.3
86, 5, 6.7, 6.8, 6.3, 5.6, 3.1, 9.3, 9.5, 9.2, 8.7, 9.7, 4.9, 6.6, 6.5, 6.8
86, 6, 7.3, 7.1, 6.5, 5.6, 2.9, 9.9, 9.9, 9.6, 9.0,10.2, 5.3, 7.1, 6.7, 7.3
86, 7, 6.8, 6.8, 6.3, 5.5, 2.9, 9.3, 9.4, 9.1, 8.6, 9.6, 4.7, 6.4, 6.2, 6.6
86, 8, 6.3, 6.7, 6.4, 5.8, 3.5, 8.9, 9.3, 9.1, 8.7, 9.3, 4.8, 6.4, 6.6, 6.8
86, 9, 4.7, 5.6, 5.6, 5.4, 3.8, 6.8, 7.5, 7.5, 7.3, 7.5, 3.8, 4.8, 5.3, 5.4
86,10, 3.6, 5.0, 5.3, 5.4, 4.5, 5.4, 6.5, 6.8, 6.8, 6.8, 4.0, 4.0, 5.1, 5.2
86,11, 2.3, 3.5, 4.0, 4.2, 3.8, 3.4, 4.3, 4.7, 4.9, 4.9, 2.9, 2.2, 3.3, 3.5
86,12, 2.0, 3.5, 4.2, 4.5, 4.4, 3.2, 4.4, 4.9, 5.2, 5.3, 3.5, 2.3, 3.7, 4.1
87, 1, 2.2, 3.6, 4.2, 4.5, 4.4, 3.4, 4.5, 4.9, 5.2, 5.3, 3.0, 2.1, 3.3, 3.5
87, 2, 2.9, 4.1, 4.5, 4.7, 4.3, 4.2, 5.2, 5.5, 5.6, 5.6, 3.0, 2.6, 3.6, 3.7
87, 3, 4.0, 5.0, 5.3, 5.2, 4.2, 5.8, 6.6, 6.8, 6.7, 6.8, 3.3, 3.7, 4.4, 4.4
87, 4, 6.0, 6.8, 6.7, 6.2, 4.0, 8.7, 9.4, 9.3, 9.0, 9.4, 4.9, 6.4, 6.8, 6.9
87, 5, 6.2, 6.3, 5.9, 5.3, 3.0, 8.4, 8.6, 8.3, 7.9, 8.7, 4.1, 5.5, 5.4, 5.7
87, 6, 7.5, 7.3, 6.6, 5.7, 2.8,10.5,10.5,10.1, 9.5,10.8, 6.0, 8.0, 7.6, 8.3
87, 7, 6.5, 6.4, 5.9, 5.2, 2.8, 8.8, 8.9, 8.6, 8.1, 9.1, 4.5, 6.0, 5.8, 6.2
87, 8, 6.4, 6.9, 6.6, 6.0, 3.6, 9.3, 9.7, 9.6, 9.1, 9.8, 5.2, 7.0, 7.2, 7.4
87, 9, 5.6, 6.9, 7.1, 6.8, 4.9, 8.7, 9.7, 9.8, 9.6, 9.8, 5.7, 7.0, 8.0, 8.0
87,10, 3.9, 5.5, 6.0, 6.1, 5.1, 6.2, 7.3, 7.7, 7.8, 7.8, 4.8, 4.8, 6.2, 6.3
87,11, 2.4, 3.8, 4.3, 4.6, 4.3, 3.7, 4.8, 5.2, 5.4, 5.4, 3.4, 2.6, 3.8, 4.0
87,12, 2.0, 3.3, 3.9, 4.2, 4.1, 3.0, 4.1, 4.5, 4.8, 4.9, 3.0, 2.0, 3.2, 3.5
88, 1, 2.1, 3.3, 3.8, 4.2, 4.1, 3.2, 4.2, 4.6, 4.8, 4.8, 2.7, 2.0, 3.0, 3.2
88, 2, 3.3, 4.8, 5.4, 5.6, 4.9, 5.2, 6.4, 6.8, 6.9, 6.9, 4.3, 3.9, 5.3, 5.4
88, 3, 4.3, 5.4, 5.6, 5.6, 4.5, 6.2, 7.0, 7.2, 7.1, 7.2, 3.5, 3.9, 4.7, 4.7
88, 4, 5.8, 6.4, 6.3, 5.9, 3.8, 8.3, 8.9, 8.8, 8.5, 8.9, 4.5, 5.9, 6.3, 6.4
88, 5, 6.6, 6.6, 6.2, 5.4, 3.1, 9.1, 9.3, 9.0, 8.5, 9.4, 4.6, 6.3, 6.2, 6.6
88, 6, 7.4, 7.2, 6.6, 5.7, 2.9,10.2,10.2, 9.8, 9.2,10.5, 5.5, 7.3, 7.0, 7.6
88, 7, 7.2, 7.2, 6.6, 5.8, 3.0,10.1,10.2, 9.9, 9.3,10.4, 5.5, 7.4, 7.1, 7.6
88, 8, 6.5, 7.0, 6.7, 6.1, 3.7, 9.5,10.0, 9.8, 9.4,10.1, 5.4, 7.3, 7.5, 7.8
88, 9, 5.1, 6.2, 6.3, 6.1, 4.3, 7.6, 8.5, 8.6, 8.4, 8.6, 4.6, 5.7, 6.5, 6.5
88,10, 4.0, 5.7, 6.2, 6.3, 5.3, 6.3, 7.5, 7.9, 8.0, 8.0, 4.9, 4.9, 6.3, 6.4
88,11, 2.2, 3.4, 3.9, 4.1, 3.8, 3.4, 4.2, 4.6, 4.8, 4.8, 2.7, 2.1, 3.1, 3.3
88,12, 2.0, 3.6, 4.2, 4.6, 4.5, 3.3, 4.4, 4.9, 5.3, 5.4, 3.5, 2.3, 3.7, 4.0
89, 1, 2.3, 4.0, 4.7, 5.1, 5.0, 3.9, 5.2, 5.7, 6.0, 6.1, 4.0, 2.9, 4.4, 4.7
89, 2, 3.1, 4.3, 4.8, 5.0, 4.6, 4.5, 5.5, 5.8, 6.0, 6.0, 3.0, 2.6, 3.6, 3.7
89, 3, 4.0, 5.0, 5.2, 5.1, 4.0, 5.6, 6.3, 6.5, 6.4, 6.5, 3.1, 3.5, 4.2, 4.2
89, 4, 5.6, 6.3, 6.2, 5.7, 3.8, 7.8, 8.4, 8.3, 8.0, 8.4, 4.0, 5.2, 5.6, 5.7
89, 5, 6.7, 6.8, 6.4, 5.6, 3.1, 9.4, 9.6, 9.3, 8.8, 9.7, 5.0, 6.8, 6.7, 7.0
89, 6, 7.2, 7.1, 6.5, 5.6, 2.8, 9.9, 9.9, 9.6, 9.0,10.2, 5.5, 7.3, 6.9, 7.5
89, 7, 7.4, 7.3, 6.7, 5.8, 3.0,10.4,10.6,10.2, 9.6,10.8, 6.0, 8.1, 7.8, 8.4
89, 8, 6.2, 6.7, 6.4, 5.8, 3.5, 8.8, 9.3, 9.1, 8.7, 9.3, 4.7, 6.4, 6.6, 6.8
89, 9, 5.3, 6.4, 6.6, 6.3, 4.5, 8.0, 8.9, 9.0, 8.8, 9.0, 5.0, 6.2, 7.0, 7.0
89,10, 3.8, 5.2, 5.7, 5.7, 4.7, 5.8, 6.8, 7.2, 7.2, 7.2, 4.3, 4.3, 5.4, 5.5
89,11, 2.6, 4.3, 4.9, 5.2, 4.8, 4.2, 5.4, 5.9, 6.2, 6.3, 4.1, 3.2, 4.7, 4.9
89,12, 2.0, 3.5, 4.1, 4.5, 4.3, 3.2, 4.3, 4.8, 5.1, 5.2, 3.4, 2.3, 3.6, 3.9
90, 1, 2.0, 3.3, 3.8, 4.1, 3.8, 3.2, 4.1, 4.5, 4.7, 4.8, 2.9, 2.0, 3.2, 3.4
90, 2, 3.1, 4.6, 5.1, 5.3, 4.7, 4.8, 5.9, 6.3, 6.4, 6.4, 3.7, 3.3, 4.5, 4.6
90, 3, 4.2, 5.3, 5.6, 5.5, 4.2, 6.2, 7.0, 7.2, 7.1, 7.2, 3.8, 4.3, 5.1, 5.1
90, 4, 5.6, 6.2, 6.1, 5.7, 3.7, 7.9, 8.5, 8.4, 8.1, 8.5, 4.1, 5.5, 5.8, 5.9
90, 5, 6.6, 6.7, 6.3, 5.5, 3.1, 9.1, 9.3, 9.0, 8.5, 9.4, 4.7, 6.4, 6.3, 6.6
90, 6, 7.6, 7.4, 6.7, 5.8, 2.9,10.8,10.8,10.4, 9.8,11.1, 6.2, 8.4, 7.9, 8.6
90, 7, 7.0, 6.9, 6.4, 5.6, 2.9, 9.7, 9.8, 9.5, 8.9,10.0, 5.3, 7.1, 6.8, 7.3
90, 8, 6.4, 6.9, 6.6, 6.0, 3.6, 9.1, 9.5, 9.4, 8.9, 9.6, 5.1, 6.7, 6.9, 7.1
90, 9, 5.1, 6.2, 6.3, 6.1, 4.3, 7.5, 8.3, 8.4, 8.3, 8.4, 4.7, 5.7, 6.5, 6.5
90,10, 3.6, 5.0, 5.4, 5.5, 4.6, 5.6, 6.6, 6.9, 6.9, 7.0, 4.0, 4.0, 5.1, 5.2
90,11, 2.3, 3.6, 4.0, 4.3, 3.9, 3.5, 4.5, 4.8, 5.0, 5.0, 3.0, 2.3, 3.4, 3.6
90,12, 2.0, 3.6, 4.2, 4.6, 4.4, 3.3, 4.4, 4.9, 5.3, 5.3, 3.5, 2.3, 3.7, 4.1
