"City:    ","WINNEMUCCA            "
"State:   ","NV"
"WBAN No: ", 24128
"Lat(N):  ", 40.90
"Long(W): ",117.80
"Elev(m): ",  1323
"Pres(mb):",   869
"Stn Type:","Secondary"
"MONTHLY SOLAR RADIATION (kWh/m2/day)"
"COLUMN A: Year"
"COLUMN B: Month"
"COLUMN C: Flat-Plate Collector Facing South at Fixed Tilt=0"
"COLUMN D: Flat-Plate Collector Facing South at Fixed Tilt=Lat-15"
"COLUMN E: Flat-Plate Collector Facing South at Fixed Tilt=Lat"
"COLUMN F: Flat-Plate Collector Facing South at Fixed Tilt=Lat+15"
"COLUMN G: Flat-Plate Collector Facing South at Fixed Tilt=90"
"COLUMN H: 1-Axis Tracking Flat-Plate Collector with North-South Axis, Axis Tilt=0"
"COLUMN I: 1-Axis Tracking Flat-Plate Collector with North-South Axis, Axis Tilt=Lat-15"
"COLUMN J: 1-Axis Tracking Flat-Plate Collector with North-South Axis, Axis Tilt=Lat"
"COLUMN K: 1-Axis Tracking Flat-Plate Collector with North-South Axis, Axis Tilt=Lat+15"
"COLUMN L: 2-Axis Tracking Flat-Plate Collector"
"COLUMN M: 1-Axis Tracking Concentrating Collector with East-West Horizontal Axis"
"COLUMN N: 1-Axis Tracking Concentrating Collector with North-South Horizontal Axis"
"COLUMN O: 1-Axis Tracking Concentrating Collector with North-South Axis, Axis Tilt=Lat"
"COLUMN P: 2-Axis Tracking Concentrating Collector"
"COL A","COL B","COL C","COL D","COL E","COL F","COL G","COL H","COL I","COL J","COL K","COL L","COL M","COL N","COL O","COL P"
61, 1, 2.3, 3.9, 4.5, 4.9, 4.5, 3.8, 4.9, 5.4, 5.7, 5.8, 3.8, 2.8, 4.2, 4.5
61, 2, 2.5, 3.1, 3.3, 3.3, 2.8, 3.2, 3.7, 3.9, 3.9, 3.9, 1.7, 1.6, 2.1, 2.2
61, 3, 3.4, 4.0, 4.0, 3.9, 2.9, 4.4, 4.8, 4.9, 4.8, 4.9, 2.0, 2.3, 2.7, 2.7
61, 4, 5.6, 6.2, 6.1, 5.6, 3.6, 7.8, 8.3, 8.2, 7.9, 8.3, 4.0, 5.3, 5.6, 5.7
61, 5, 6.3, 6.4, 6.0, 5.3, 2.9, 8.6, 8.7, 8.5, 8.0, 8.9, 4.2, 5.8, 5.6, 6.0
61, 6, 7.4, 7.2, 6.6, 5.6, 2.8,10.3,10.3, 9.9, 9.3,10.6, 5.8, 7.7, 7.3, 7.9
61, 7, 7.6, 7.4, 6.9, 5.9, 3.0,10.7,10.8,10.5, 9.9,11.1, 6.2, 8.4, 8.0, 8.6
61, 8, 5.9, 6.3, 6.0, 5.5, 3.3, 8.1, 8.4, 8.3, 7.9, 8.5, 4.1, 5.5, 5.6, 5.8
61, 9, 5.3, 6.3, 6.4, 6.2, 4.4, 7.9, 8.7, 8.8, 8.6, 8.8, 4.8, 6.0, 6.7, 6.7
61,10, 3.7, 5.0, 5.4, 5.4, 4.4, 5.6, 6.5, 6.8, 6.8, 6.9, 3.9, 4.0, 5.0, 5.1
61,11, 2.5, 3.7, 4.2, 4.4, 4.0, 3.8, 4.7, 5.1, 5.3, 5.3, 3.2, 2.7, 3.8, 4.0
61,12, 1.8, 2.8, 3.2, 3.4, 3.2, 2.6, 3.3, 3.7, 3.9, 3.9, 2.3, 1.6, 2.5, 2.7
62, 1, 2.4, 3.9, 4.5, 4.9, 4.7, 3.8, 4.9, 5.4, 5.7, 5.8, 3.6, 2.6, 4.0, 4.3
62, 2, 2.5, 3.3, 3.6, 3.7, 3.3, 3.4, 4.0, 4.3, 4.3, 4.3, 2.0, 1.8, 2.4, 2.5
62, 3, 4.1, 4.9, 5.0, 4.9, 3.8, 5.7, 6.3, 6.4, 6.4, 6.5, 3.0, 3.6, 4.2, 4.2
62, 4, 5.9, 6.5, 6.4, 6.0, 3.8, 8.3, 8.9, 8.8, 8.5, 8.9, 4.6, 6.0, 6.4, 6.5
62, 5, 5.6, 5.6, 5.3, 4.7, 2.7, 7.2, 7.3, 7.1, 6.7, 7.4, 3.2, 4.2, 4.1, 4.4
62, 6, 7.6, 7.3, 6.7, 5.7, 2.8,10.6,10.6,10.2, 9.6,10.9, 6.0, 8.1, 7.6, 8.3
62, 7, 7.6, 7.5, 6.9, 6.0, 3.0,10.6,10.7,10.3, 9.7,10.9, 6.0, 8.1, 7.7, 8.3
62, 8, 6.9, 7.4, 7.2, 6.5, 3.8,10.2,10.6,10.5,10.0,10.7, 6.0, 8.1, 8.3, 8.5
62, 9, 5.7, 6.8, 7.0, 6.7, 4.7, 8.6, 9.5, 9.6, 9.4, 9.6, 5.6, 7.0, 7.9, 7.9
62,10, 3.8, 5.3, 5.7, 5.8, 4.9, 5.9, 6.9, 7.3, 7.4, 7.4, 4.5, 4.4, 5.7, 5.8
62,11, 2.4, 3.6, 4.1, 4.3, 3.8, 3.6, 4.5, 4.8, 5.0, 5.1, 3.1, 2.4, 3.5, 3.7
62,12, 2.0, 3.5, 4.1, 4.4, 4.2, 3.3, 4.3, 4.8, 5.1, 5.2, 3.5, 2.4, 3.8, 4.1
63, 1, 2.4, 4.2, 4.9, 5.3, 5.0, 4.1, 5.4, 6.0, 6.3, 6.4, 4.5, 3.3, 4.9, 5.3
63, 2, 2.7, 3.7, 4.0, 4.1, 3.5, 3.8, 4.5, 4.8, 4.9, 4.9, 2.6, 2.3, 3.2, 3.3
63, 3, 4.0, 4.9, 5.1, 5.0, 3.8, 5.7, 6.4, 6.6, 6.5, 6.6, 3.2, 3.7, 4.4, 4.4
63, 4, 4.8, 5.2, 5.0, 4.6, 3.0, 6.3, 6.7, 6.6, 6.3, 6.7, 2.7, 3.6, 3.8, 3.9
63, 5, 5.7, 5.7, 5.4, 4.7, 2.7, 7.5, 7.6, 7.3, 6.9, 7.7, 3.4, 4.5, 4.4, 4.7
63, 6, 6.3, 6.1, 5.6, 4.8, 2.5, 8.4, 8.3, 8.0, 7.5, 8.6, 4.0, 5.4, 5.1, 5.6
63, 7, 8.4, 8.3, 7.6, 6.6, 3.2,12.2,12.3,11.9,11.2,12.6, 7.5,10.2, 9.8,10.5
63, 8, 7.0, 7.5, 7.2, 6.5, 3.8,10.2,10.7,10.5,10.1,10.8, 6.1, 8.2, 8.3, 8.6
63, 9, 4.9, 5.8, 5.9, 5.7, 4.0, 7.1, 7.8, 7.9, 7.7, 7.9, 4.1, 5.1, 5.8, 5.8
63,10, 3.5, 4.6, 4.9, 5.0, 4.1, 4.9, 5.8, 6.1, 6.1, 6.1, 3.3, 3.2, 4.1, 4.2
63,11, 2.1, 3.1, 3.5, 3.6, 3.3, 3.0, 3.7, 4.0, 4.1, 4.2, 2.3, 1.7, 2.6, 2.7
63,12, 1.8, 2.9, 3.3, 3.6, 3.4, 2.7, 3.5, 3.9, 4.1, 4.1, 2.5, 1.7, 2.7, 2.9
64, 1, 2.0, 3.1, 3.5, 3.7, 3.5, 2.9, 3.7, 4.0, 4.2, 4.3, 2.3, 1.6, 2.5, 2.7
64, 2, 3.6, 5.4, 6.0, 6.3, 5.5, 5.8, 7.1, 7.6, 7.8, 7.8, 5.0, 4.5, 6.1, 6.3
64, 3, 4.2, 5.0, 5.2, 5.1, 3.9, 5.7, 6.4, 6.5, 6.4, 6.5, 3.1, 3.5, 4.1, 4.1
64, 4, 5.4, 6.0, 5.9, 5.4, 3.6, 7.5, 7.9, 7.9, 7.6, 7.9, 3.6, 4.8, 5.1, 5.2
64, 5, 6.3, 6.3, 5.9, 5.2, 2.9, 8.2, 8.4, 8.1, 7.6, 8.5, 3.9, 5.2, 5.1, 5.4
64, 6, 6.1, 5.9, 5.4, 4.6, 2.5, 7.9, 7.9, 7.6, 7.1, 8.1, 3.6, 4.9, 4.6, 5.0
64, 7, 8.0, 7.9, 7.3, 6.3, 3.1,11.4,11.5,11.1,10.4,11.7, 6.8, 9.1, 8.7, 9.4
64, 8, 7.0, 7.5, 7.2, 6.5, 3.8,10.1,10.6,10.5,10.0,10.7, 6.1, 8.1, 8.3, 8.5
64, 9, 5.8, 7.1, 7.3, 7.0, 4.9, 8.9, 9.9,10.1, 9.9,10.1, 5.9, 7.3, 8.2, 8.2
64,10, 4.0, 5.5, 5.9, 6.0, 4.9, 6.1, 7.2, 7.5, 7.6, 7.6, 4.7, 4.7, 6.0, 6.0
64,11, 2.2, 3.2, 3.6, 3.8, 3.5, 3.2, 4.0, 4.3, 4.4, 4.5, 2.5, 2.0, 2.8, 3.0
64,12, 1.6, 2.5, 2.8, 3.0, 2.8, 2.3, 2.9, 3.2, 3.3, 3.4, 1.9, 1.3, 2.0, 2.2
65, 1, 1.6, 2.2, 2.4, 2.5, 2.2, 2.0, 2.5, 2.6, 2.7, 2.7, 1.1, 0.8, 1.2, 1.3
65, 2, 3.1, 4.4, 4.9, 5.1, 4.4, 4.6, 5.6, 6.0, 6.1, 6.1, 3.5, 3.2, 4.3, 4.4
65, 3, 4.7, 5.9, 6.2, 6.1, 4.7, 6.8, 7.8, 8.0, 8.0, 8.1, 4.5, 5.0, 6.0, 6.0
65, 4, 4.8, 5.1, 5.0, 4.6, 3.0, 6.2, 6.6, 6.5, 6.2, 6.6, 2.5, 3.4, 3.6, 3.7
65, 5, 6.2, 6.3, 5.9, 5.2, 3.0, 8.2, 8.3, 8.1, 7.6, 8.4, 3.7, 5.0, 4.9, 5.2
65, 6, 6.9, 6.7, 6.2, 5.3, 2.7, 9.4, 9.3, 9.0, 8.4, 9.6, 4.9, 6.6, 6.2, 6.7
65, 7, 7.3, 7.3, 6.7, 5.8, 3.0,10.1,10.2, 9.8, 9.2,10.4, 5.7, 7.6, 7.3, 7.8
65, 8, 6.2, 6.7, 6.4, 5.8, 3.4, 8.9, 9.3, 9.1, 8.7, 9.3, 4.8, 6.5, 6.7, 6.9
65, 9, 5.4, 6.5, 6.6, 6.4, 4.5, 8.0, 8.9, 9.0, 8.8, 9.0, 4.9, 6.1, 6.9, 6.9
65,10, 4.2, 5.9, 6.4, 6.6, 5.5, 6.6, 7.9, 8.3, 8.4, 8.4, 5.3, 5.3, 6.8, 6.8
65,11, 2.2, 3.2, 3.6, 3.7, 3.3, 3.1, 3.8, 4.1, 4.3, 4.3, 2.4, 1.9, 2.8, 2.9
65,12, 1.9, 3.0, 3.5, 3.8, 3.6, 2.8, 3.7, 4.1, 4.3, 4.4, 2.7, 1.8, 2.9, 3.1
66, 1, 2.0, 3.1, 3.6, 3.8, 3.5, 3.0, 3.8, 4.2, 4.3, 4.4, 2.5, 1.9, 2.8, 3.0
66, 2, 2.8, 3.7, 4.1, 4.2, 3.7, 3.9, 4.6, 4.8, 4.9, 5.0, 2.5, 2.2, 3.0, 3.1
66, 3, 4.3, 5.3, 5.5, 5.3, 4.0, 6.3, 7.0, 7.1, 7.0, 7.1, 3.7, 4.4, 5.1, 5.2
66, 4, 6.0, 6.7, 6.6, 6.1, 3.9, 8.6, 9.2, 9.1, 8.8, 9.2, 4.7, 6.3, 6.7, 6.8
66, 5, 7.1, 7.2, 6.7, 5.9, 3.2, 9.7, 9.9, 9.7, 9.1,10.1, 5.3, 7.1, 6.9, 7.3
66, 6, 7.4, 7.2, 6.6, 5.6, 2.8,10.2,10.2, 9.8, 9.2,10.5, 5.7, 7.6, 7.2, 7.8
66, 7, 8.0, 7.9, 7.3, 6.3, 3.1,11.4,11.5,11.1,10.4,11.7, 6.8, 9.2, 8.8, 9.5
66, 8, 6.7, 7.2, 6.9, 6.3, 3.7, 9.8,10.2,10.0, 9.6,10.3, 5.6, 7.5, 7.7, 7.9
66, 9, 5.5, 6.6, 6.7, 6.4, 4.5, 8.2, 9.1, 9.2, 9.0, 9.2, 5.2, 6.4, 7.3, 7.3
66,10, 4.1, 5.6, 6.1, 6.2, 5.2, 6.3, 7.5, 7.9, 8.0, 8.0, 4.8, 4.9, 6.3, 6.3
66,11, 2.2, 3.2, 3.5, 3.6, 3.2, 3.0, 3.8, 4.0, 4.2, 4.2, 2.3, 1.8, 2.6, 2.7
66,12, 1.7, 2.7, 3.1, 3.3, 3.1, 2.4, 3.2, 3.5, 3.7, 3.7, 2.1, 1.4, 2.3, 2.5
67, 1, 1.9, 2.7, 3.0, 3.2, 2.9, 2.5, 3.2, 3.4, 3.6, 3.6, 1.9, 1.3, 2.0, 2.2
67, 2, 3.2, 4.7, 5.1, 5.3, 4.6, 4.9, 5.9, 6.3, 6.5, 6.5, 3.9, 3.5, 4.8, 4.9
67, 3, 3.9, 4.8, 5.0, 4.9, 3.8, 5.4, 6.0, 6.2, 6.1, 6.2, 2.9, 3.2, 3.9, 3.9
67, 4, 4.3, 4.6, 4.4, 4.1, 2.8, 5.3, 5.5, 5.4, 5.2, 5.6, 1.8, 2.3, 2.5, 2.5
67, 5, 6.5, 6.6, 6.2, 5.4, 3.0, 8.9, 9.0, 8.8, 8.3, 9.2, 4.5, 6.1, 6.0, 6.3
67, 6, 6.9, 6.7, 6.1, 5.3, 2.7, 9.3, 9.3, 8.9, 8.4, 9.5, 4.7, 6.3, 5.9, 6.5
67, 7, 7.4, 7.4, 6.8, 5.9, 3.0,10.3,10.4,10.0, 9.4,10.6, 5.7, 7.7, 7.3, 7.9
67, 8, 6.7, 7.1, 6.9, 6.2, 3.7, 9.3, 9.8, 9.6, 9.1, 9.8, 5.3, 6.9, 7.1, 7.3
67, 9, 5.2, 6.3, 6.4, 6.1, 4.3, 7.6, 8.4, 8.5, 8.3, 8.5, 4.6, 5.6, 6.3, 6.4
67,10, 3.8, 5.2, 5.7, 5.7, 4.7, 5.8, 6.8, 7.1, 7.2, 7.2, 4.2, 4.2, 5.4, 5.5
67,11, 2.3, 3.3, 3.7, 3.8, 3.4, 3.2, 4.0, 4.3, 4.4, 4.5, 2.5, 2.0, 2.9, 3.0
67,12, 1.9, 3.2, 3.7, 4.0, 3.8, 3.0, 3.9, 4.3, 4.6, 4.6, 2.9, 2.0, 3.1, 3.3
68, 1, 2.2, 3.6, 4.2, 4.5, 4.2, 3.4, 4.4, 4.9, 5.2, 5.2, 3.3, 2.4, 3.7, 3.9
68, 2, 2.8, 3.7, 4.0, 4.1, 3.5, 3.9, 4.6, 4.8, 4.9, 4.9, 2.5, 2.3, 3.1, 3.2
68, 3, 4.3, 5.2, 5.4, 5.3, 4.0, 6.1, 6.9, 7.0, 6.9, 7.0, 3.5, 4.1, 4.8, 4.8
68, 4, 5.7, 6.2, 6.1, 5.6, 3.5, 7.9, 8.4, 8.3, 8.0, 8.4, 4.1, 5.5, 5.8, 5.9
68, 5, 6.4, 6.5, 6.1, 5.3, 3.0, 8.7, 8.9, 8.6, 8.1, 9.0, 4.3, 5.8, 5.7, 6.0
68, 6, 7.3, 7.1, 6.5, 5.6, 2.8,10.1,10.0, 9.6, 9.0,10.3, 5.4, 7.3, 6.9, 7.5
68, 7, 7.6, 7.5, 6.9, 6.0, 3.0,10.6,10.7,10.3, 9.7,10.9, 6.0, 8.1, 7.7, 8.3
68, 8, 5.6, 5.9, 5.7, 5.2, 3.2, 7.5, 7.9, 7.7, 7.3, 7.9, 3.6, 4.9, 5.0, 5.1
68, 9, 5.6, 6.8, 7.0, 6.7, 4.8, 8.5, 9.4, 9.5, 9.3, 9.5, 5.4, 6.7, 7.6, 7.6
68,10, 3.8, 5.2, 5.7, 5.8, 4.8, 5.8, 6.9, 7.2, 7.3, 7.3, 4.3, 4.3, 5.5, 5.5
68,11, 1.9, 2.6, 2.8, 2.9, 2.5, 2.5, 3.0, 3.2, 3.2, 3.3, 1.6, 1.2, 1.8, 1.9
68,12, 1.7, 2.5, 2.9, 3.1, 2.9, 2.3, 3.0, 3.3, 3.4, 3.5, 1.8, 1.2, 1.9, 2.1
69, 1, 1.9, 2.9, 3.3, 3.5, 3.2, 2.7, 3.5, 3.8, 3.9, 4.0, 2.2, 1.5, 2.3, 2.5
69, 2, 2.5, 3.3, 3.5, 3.6, 3.1, 3.3, 3.9, 4.1, 4.1, 4.1, 1.7, 1.5, 2.0, 2.1
69, 3, 4.4, 5.4, 5.6, 5.5, 4.2, 6.3, 7.1, 7.3, 7.2, 7.3, 3.6, 4.3, 5.0, 5.0
69, 4, 6.0, 6.7, 6.5, 6.1, 3.9, 8.6, 9.1, 9.1, 8.7, 9.2, 4.7, 6.2, 6.6, 6.7
69, 5, 7.4, 7.5, 7.1, 6.2, 3.3,10.6,10.8,10.5, 9.9,10.9, 5.9, 8.0, 7.8, 8.3
69, 6, 6.3, 6.2, 5.7, 4.9, 2.6, 8.2, 8.2, 7.9, 7.4, 8.4, 3.8, 5.1, 4.8, 5.2
69, 7, 7.8, 7.7, 7.1, 6.1, 3.1,11.1,11.3,10.9,10.2,11.5, 6.6, 8.9, 8.5, 9.2
69, 8, 7.4, 7.9, 7.6, 6.9, 4.0,11.1,11.7,11.5,11.0,11.7, 6.8, 9.4, 9.6, 9.9
69, 9, 5.6, 6.7, 6.8, 6.6, 4.6, 8.4, 9.2, 9.4, 9.1, 9.4, 5.2, 6.5, 7.3, 7.3
69,10, 3.6, 4.9, 5.3, 5.4, 4.4, 5.5, 6.4, 6.7, 6.8, 6.8, 3.9, 4.0, 5.1, 5.1
69,11, 2.7, 4.4, 5.0, 5.3, 4.9, 4.4, 5.6, 6.1, 6.4, 6.4, 4.3, 3.4, 4.9, 5.2
69,12, 1.7, 2.5, 2.8, 3.0, 2.8, 2.3, 2.9, 3.2, 3.4, 3.4, 1.8, 1.3, 2.0, 2.1
70, 1, 1.8, 2.6, 2.9, 3.1, 2.8, 2.5, 3.1, 3.3, 3.5, 3.5, 1.7, 1.3, 1.9, 2.0
70, 2, 3.1, 4.4, 4.9, 5.0, 4.3, 4.7, 5.7, 6.0, 6.1, 6.1, 3.5, 3.3, 4.4, 4.5
70, 3, 4.3, 5.3, 5.5, 5.4, 4.1, 6.4, 7.2, 7.3, 7.2, 7.3, 3.7, 4.4, 5.2, 5.2
70, 4, 5.1, 5.6, 5.5, 5.1, 3.4, 6.9, 7.3, 7.3, 7.0, 7.3, 3.2, 4.2, 4.5, 4.6
70, 5, 6.7, 6.8, 6.3, 5.6, 3.0, 9.3, 9.5, 9.2, 8.7, 9.6, 4.9, 6.7, 6.5, 6.9
70, 6, 6.6, 6.4, 5.9, 5.1, 2.6, 8.9, 8.9, 8.5, 8.0, 9.1, 4.4, 6.0, 5.7, 6.2
70, 7, 7.5, 7.4, 6.9, 6.0, 3.0,10.5,10.6,10.3, 9.7,10.9, 6.0, 8.1, 7.8, 8.3
70, 8, 7.1, 7.6, 7.3, 6.6, 3.8,10.5,11.0,10.8,10.3,11.0, 6.3, 8.5, 8.7, 8.9
70, 9, 5.6, 6.8, 7.0, 6.7, 4.8, 8.6, 9.5, 9.7, 9.5, 9.7, 5.5, 6.9, 7.8, 7.8
70,10, 3.8, 5.1, 5.5, 5.6, 4.6, 5.8, 6.8, 7.1, 7.1, 7.1, 4.2, 4.4, 5.5, 5.6
70,11, 2.1, 2.8, 3.1, 3.2, 2.8, 2.8, 3.4, 3.6, 3.7, 3.7, 1.9, 1.5, 2.2, 2.3
70,12, 1.7, 2.5, 2.8, 3.0, 2.8, 2.3, 2.9, 3.2, 3.3, 3.4, 1.7, 1.1, 1.8, 2.0
71, 1, 2.1, 3.3, 3.7, 4.0, 3.6, 3.1, 4.0, 4.3, 4.5, 4.6, 2.8, 2.0, 3.0, 3.3
71, 2, 2.9, 4.1, 4.5, 4.6, 4.0, 4.3, 5.1, 5.4, 5.5, 5.6, 3.1, 2.8, 3.8, 3.9
71, 3, 4.0, 4.8, 4.9, 4.8, 3.6, 5.5, 6.1, 6.2, 6.1, 6.2, 2.9, 3.4, 4.0, 4.0
71, 4, 5.2, 5.7, 5.6, 5.2, 3.4, 7.1, 7.5, 7.4, 7.2, 7.5, 3.4, 4.4, 4.7, 4.8
71, 5, 6.0, 6.1, 5.7, 5.0, 2.8, 8.0, 8.1, 7.9, 7.4, 8.2, 3.6, 4.9, 4.8, 5.0
71, 6, 7.3, 7.1, 6.5, 5.6, 2.8,10.0,10.0, 9.6, 9.0,10.3, 5.6, 7.4, 7.0, 7.6
71, 7, 7.7, 7.6, 7.1, 6.1, 3.1,10.9,11.0,10.6, 9.9,11.2, 6.3, 8.5, 8.1, 8.7
71, 8, 6.8, 7.3, 7.0, 6.4, 3.7, 9.7,10.2,10.0, 9.6,10.2, 5.7, 7.5, 7.7, 7.9
71, 9, 5.6, 6.7, 6.8, 6.5, 4.5, 8.5, 9.4, 9.5, 9.3, 9.5, 5.4, 6.9, 7.8, 7.8
71,10, 3.9, 5.3, 5.7, 5.7, 4.7, 5.8, 6.9, 7.2, 7.3, 7.3, 4.3, 4.4, 5.6, 5.6
71,11, 2.4, 3.5, 3.9, 4.1, 3.7, 3.5, 4.4, 4.7, 4.9, 4.9, 2.9, 2.4, 3.4, 3.5
71,12, 1.8, 2.9, 3.4, 3.7, 3.6, 2.8, 3.6, 4.0, 4.2, 4.3, 2.5, 1.7, 2.7, 2.9
72, 1, 2.2, 3.6, 4.1, 4.4, 4.2, 3.5, 4.4, 4.9, 5.1, 5.2, 3.2, 2.3, 3.5, 3.8
72, 2, 2.9, 4.1, 4.4, 4.6, 3.9, 4.2, 5.1, 5.4, 5.5, 5.5, 3.0, 2.7, 3.6, 3.7
72, 3, 4.4, 5.4, 5.6, 5.5, 4.2, 6.3, 7.1, 7.3, 7.2, 7.3, 3.7, 4.3, 5.1, 5.1
72, 4, 5.6, 6.1, 5.9, 5.5, 3.5, 7.8, 8.2, 8.1, 7.8, 8.2, 4.1, 5.4, 5.7, 5.8
72, 5, 7.4, 7.5, 7.1, 6.2, 3.3,10.6,10.8,10.5, 9.9,10.9, 6.0, 8.2, 8.0, 8.4
72, 6, 7.3, 7.1, 6.5, 5.5, 2.8,10.1,10.1, 9.7, 9.1,10.4, 5.6, 7.5, 7.1, 7.7
72, 7, 7.9, 7.8, 7.2, 6.2, 3.1,11.2,11.3,10.9,10.3,11.6, 6.7, 9.0, 8.7, 9.3
72, 8, 7.1, 7.6, 7.3, 6.6, 3.8,10.4,10.9,10.7,10.2,11.0, 6.3, 8.4, 8.6, 8.9
72, 9, 5.1, 6.1, 6.2, 6.0, 4.2, 7.5, 8.3, 8.4, 8.2, 8.4, 4.5, 5.6, 6.3, 6.3
72,10, 3.5, 4.8, 5.2, 5.3, 4.3, 5.3, 6.2, 6.5, 6.6, 6.6, 3.8, 3.8, 4.8, 4.9
72,11, 2.1, 3.1, 3.4, 3.6, 3.2, 3.0, 3.7, 4.0, 4.1, 4.2, 2.3, 1.8, 2.6, 2.7
72,12, 1.8, 2.9, 3.3, 3.6, 3.4, 2.7, 3.5, 3.8, 4.1, 4.1, 2.3, 1.6, 2.5, 2.7
73, 1, 2.0, 3.1, 3.5, 3.7, 3.4, 2.9, 3.7, 4.0, 4.2, 4.3, 2.4, 1.7, 2.6, 2.8
73, 2, 2.8, 3.9, 4.2, 4.3, 3.7, 4.0, 4.8, 5.1, 5.1, 5.2, 2.8, 2.6, 3.5, 3.6
73, 3, 3.8, 4.6, 4.7, 4.6, 3.6, 5.3, 5.9, 6.0, 5.9, 6.0, 2.7, 3.2, 3.7, 3.8
73, 4, 5.7, 6.3, 6.2, 5.7, 3.6, 8.0, 8.5, 8.5, 8.1, 8.6, 4.2, 5.6, 6.0, 6.1
73, 5, 6.6, 6.7, 6.3, 5.6, 3.0, 9.0, 9.2, 8.9, 8.4, 9.3, 4.7, 6.3, 6.2, 6.5
73, 6, 7.8, 7.6, 6.9, 5.9, 2.9,10.8,10.8,10.4, 9.7,11.1, 6.3, 8.4, 7.9, 8.6
73, 7, 7.6, 7.5, 6.9, 6.0, 3.0,10.7,10.8,10.4, 9.8,11.0, 6.2, 8.3, 7.9, 8.5
73, 8, 6.8, 7.3, 7.0, 6.3, 3.7, 9.7,10.2,10.0, 9.6,10.2, 5.7, 7.6, 7.8, 8.0
73, 9, 5.6, 6.7, 6.8, 6.5, 4.6, 8.5, 9.3, 9.4, 9.2, 9.4, 5.3, 6.8, 7.6, 7.6
73,10, 3.7, 5.0, 5.4, 5.5, 4.5, 5.6, 6.6, 6.8, 6.9, 6.9, 4.0, 4.0, 5.2, 5.2
73,11, 1.9, 2.5, 2.7, 2.8, 2.4, 2.4, 2.9, 3.0, 3.1, 3.1, 1.3, 1.0, 1.5, 1.6
73,12, 1.7, 2.6, 3.0, 3.2, 2.9, 2.4, 3.1, 3.4, 3.6, 3.6, 2.1, 1.4, 2.2, 2.4
74, 1, 2.1, 3.3, 3.8, 4.1, 3.8, 3.2, 4.1, 4.5, 4.7, 4.8, 2.9, 2.1, 3.2, 3.4
74, 2, 3.0, 4.3, 4.8, 4.9, 4.3, 4.5, 5.5, 5.8, 6.0, 6.0, 3.5, 3.1, 4.3, 4.4
74, 3, 4.0, 4.8, 4.9, 4.8, 3.7, 5.4, 6.1, 6.2, 6.1, 6.2, 3.0, 3.4, 4.0, 4.0
74, 4, 5.4, 6.0, 5.9, 5.5, 3.5, 7.6, 8.1, 8.0, 7.7, 8.1, 3.8, 5.1, 5.4, 5.5
74, 5, 7.1, 7.3, 6.8, 6.0, 3.2,10.0,10.2, 9.9, 9.4,10.4, 5.4, 7.3, 7.2, 7.6
74, 6, 8.2, 8.0, 7.3, 6.2, 3.0,11.7,11.7,11.3,10.6,12.1, 7.1, 9.5, 9.0, 9.8
74, 7, 7.5, 7.4, 6.9, 5.9, 3.0,10.5,10.6,10.2, 9.6,10.8, 5.9, 8.0, 7.7, 8.2
74, 8, 7.0, 7.6, 7.3, 6.6, 3.9,10.4,10.8,10.7,10.2,10.9, 6.1, 8.2, 8.4, 8.7
74, 9, 6.3, 7.7, 7.9, 7.7, 5.4,10.1,11.2,11.3,11.1,11.3, 6.9, 8.8, 9.9, 9.9
74,10, 3.8, 5.2, 5.6, 5.6, 4.6, 5.8, 6.8, 7.2, 7.2, 7.2, 4.2, 4.4, 5.5, 5.6
74,11, 2.7, 4.3, 4.8, 5.2, 4.7, 4.1, 5.3, 5.8, 6.0, 6.1, 3.9, 3.0, 4.4, 4.7
74,12, 1.7, 2.7, 3.0, 3.2, 3.0, 2.5, 3.2, 3.5, 3.7, 3.7, 2.2, 1.5, 2.3, 2.5
75, 1, 2.2, 3.6, 4.1, 4.4, 4.2, 3.4, 4.4, 4.9, 5.1, 5.2, 3.1, 2.3, 3.4, 3.7
75, 2, 2.8, 3.7, 4.0, 4.1, 3.5, 3.8, 4.5, 4.8, 4.8, 4.8, 2.5, 2.2, 3.0, 3.1
75, 3, 3.6, 4.3, 4.4, 4.3, 3.2, 5.0, 5.5, 5.6, 5.5, 5.6, 2.4, 2.9, 3.3, 3.3
75, 4, 4.9, 5.2, 5.1, 4.7, 3.0, 6.3, 6.7, 6.6, 6.3, 6.7, 2.8, 3.7, 3.9, 3.9
75, 5, 6.8, 6.8, 6.3, 5.6, 3.0, 9.4, 9.6, 9.3, 8.7, 9.7, 5.0, 6.9, 6.7, 7.1
75, 6, 7.6, 7.3, 6.7, 5.8, 2.9,10.4,10.4, 9.9, 9.3,10.6, 5.8, 7.7, 7.3, 7.9
75, 7, 7.6, 7.5, 6.9, 6.0, 3.0,10.6,10.7,10.4, 9.8,10.9, 6.1, 8.2, 7.8, 8.4
75, 8, 6.6, 7.0, 6.8, 6.1, 3.6, 9.3, 9.8, 9.6, 9.1, 9.8, 5.3, 7.0, 7.2, 7.4
75, 9, 5.7, 6.9, 7.1, 6.8, 4.8, 8.8, 9.7, 9.8, 9.6, 9.8, 5.7, 7.1, 8.0, 8.0
75,10, 3.6, 4.8, 5.2, 5.3, 4.3, 5.3, 6.2, 6.5, 6.5, 6.6, 3.7, 3.7, 4.8, 4.8
75,11, 2.4, 3.5, 3.9, 4.1, 3.7, 3.5, 4.4, 4.7, 4.8, 4.9, 2.8, 2.3, 3.3, 3.5
75,12, 1.9, 3.2, 3.7, 4.0, 3.8, 3.0, 3.9, 4.3, 4.6, 4.7, 3.0, 2.1, 3.3, 3.5
76, 1, 2.3, 3.6, 4.2, 4.4, 4.1, 3.5, 4.5, 4.9, 5.2, 5.2, 3.3, 2.5, 3.7, 3.9
76, 2, 2.9, 4.0, 4.3, 4.4, 3.8, 4.1, 4.9, 5.2, 5.3, 5.3, 3.0, 2.6, 3.6, 3.7
76, 3, 4.6, 5.8, 6.1, 6.0, 4.6, 6.8, 7.7, 7.9, 7.8, 7.9, 4.3, 4.8, 5.8, 5.8
76, 4, 5.6, 6.1, 6.0, 5.5, 3.5, 7.7, 8.2, 8.1, 7.8, 8.2, 3.9, 5.2, 5.5, 5.6
76, 5, 7.1, 7.2, 6.7, 5.9, 3.2, 9.9,10.1, 9.8, 9.3,10.3, 5.4, 7.3, 7.2, 7.6
76, 6, 7.6, 7.4, 6.8, 5.8, 2.8,10.6,10.6,10.1, 9.5,10.8, 6.0, 8.1, 7.6, 8.3
76, 7, 7.4, 7.3, 6.8, 5.8, 2.9,10.5,10.6,10.2, 9.6,10.8, 6.0, 8.1, 7.8, 8.4
76, 8, 6.3, 6.8, 6.5, 5.9, 3.5, 8.9, 9.3, 9.1, 8.7, 9.3, 4.9, 6.5, 6.7, 6.9
76, 9, 5.2, 6.3, 6.4, 6.1, 4.3, 7.8, 8.6, 8.7, 8.5, 8.7, 4.8, 6.0, 6.7, 6.8
76,10, 4.1, 5.7, 6.2, 6.4, 5.3, 6.5, 7.7, 8.1, 8.1, 8.1, 5.1, 5.2, 6.5, 6.6
76,11, 2.8, 4.6, 5.3, 5.7, 5.2, 4.6, 5.9, 6.4, 6.7, 6.8, 4.6, 3.5, 5.2, 5.5
76,12, 2.3, 4.2, 5.0, 5.5, 5.3, 4.0, 5.4, 6.0, 6.4, 6.5, 4.7, 3.2, 5.0, 5.5
77, 1, 2.4, 3.9, 4.6, 4.9, 4.7, 3.9, 5.0, 5.5, 5.8, 5.8, 3.9, 2.9, 4.3, 4.6
77, 2, 3.2, 4.6, 5.1, 5.2, 4.5, 4.8, 5.8, 6.2, 6.3, 6.3, 3.8, 3.3, 4.5, 4.7
77, 3, 4.3, 5.2, 5.4, 5.3, 4.0, 6.1, 6.8, 7.0, 6.9, 7.0, 3.5, 4.0, 4.8, 4.8
77, 4, 6.1, 6.7, 6.6, 6.2, 3.9, 8.6, 9.2, 9.2, 8.8, 9.3, 4.8, 6.3, 6.8, 6.8
77, 5, 5.4, 5.4, 5.1, 4.5, 2.6, 6.9, 7.0, 6.7, 6.3, 7.1, 2.7, 3.7, 3.6, 3.8
77, 6, 7.3, 7.1, 6.5, 5.6, 2.8, 9.9, 9.9, 9.5, 8.9,10.1, 5.3, 7.0, 6.6, 7.2
77, 7, 7.9, 7.8, 7.2, 6.2, 3.1,11.4,11.5,11.1,10.4,11.7, 6.8, 9.2, 8.8, 9.5
77, 8, 6.2, 6.6, 6.3, 5.7, 3.4, 8.6, 8.9, 8.8, 8.4, 9.0, 4.6, 6.1, 6.3, 6.5
77, 9, 5.4, 6.4, 6.5, 6.2, 4.3, 8.0, 8.8, 8.9, 8.7, 8.9, 4.9, 6.2, 6.9, 7.0
77,10, 4.1, 5.8, 6.3, 6.4, 5.3, 6.6, 7.8, 8.1, 8.2, 8.2, 5.1, 5.3, 6.7, 6.8
77,11, 2.4, 3.7, 4.2, 4.4, 4.0, 3.7, 4.6, 5.0, 5.2, 5.2, 3.2, 2.5, 3.6, 3.8
77,12, 1.8, 2.8, 3.1, 3.4, 3.1, 2.5, 3.2, 3.6, 3.8, 3.8, 2.3, 1.5, 2.4, 2.6
78, 1, 1.8, 2.6, 2.9, 3.0, 2.7, 2.5, 3.1, 3.3, 3.4, 3.5, 1.8, 1.3, 2.0, 2.1
78, 2, 2.6, 3.4, 3.6, 3.7, 3.1, 3.5, 4.1, 4.3, 4.3, 4.3, 2.0, 1.9, 2.5, 2.6
78, 3, 3.7, 4.4, 4.5, 4.4, 3.3, 5.1, 5.6, 5.7, 5.6, 5.7, 2.6, 3.0, 3.5, 3.5
78, 4, 4.7, 5.0, 4.9, 4.5, 3.0, 6.1, 6.4, 6.3, 6.1, 6.4, 2.7, 3.5, 3.7, 3.8
78, 5, 7.1, 7.2, 6.7, 5.9, 3.2, 9.8,10.1, 9.8, 9.2,10.2, 5.3, 7.2, 7.0, 7.4
78, 6, 7.6, 7.4, 6.8, 5.8, 2.8,10.8,10.8,10.4, 9.7,11.1, 6.0, 8.2, 7.7, 8.4
78, 7, 7.7, 7.6, 7.1, 6.1, 3.1,11.0,11.1,10.7,10.1,11.3, 6.4, 8.6, 8.3, 8.9
78, 8, 6.9, 7.4, 7.1, 6.5, 3.8,10.0,10.5,10.3, 9.8,10.5, 5.8, 7.8, 7.9, 8.2
78, 9, 5.0, 5.9, 6.0, 5.8, 4.1, 7.2, 7.9, 8.0, 7.8, 8.0, 4.2, 5.2, 5.9, 5.9
78,10, 4.3, 6.2, 6.8, 6.9, 5.8, 7.1, 8.4, 8.9, 9.0, 9.0, 5.8, 5.9, 7.5, 7.6
78,11, 2.3, 3.5, 4.0, 4.2, 3.8, 3.5, 4.4, 4.7, 4.9, 4.9, 2.9, 2.3, 3.4, 3.5
78,12, 2.0, 3.5, 4.1, 4.5, 4.3, 3.3, 4.4, 4.9, 5.2, 5.3, 3.5, 2.4, 3.8, 4.1
79, 1, 2.0, 3.0, 3.4, 3.7, 3.4, 3.0, 3.7, 4.0, 4.2, 4.2, 2.3, 1.7, 2.6, 2.8
79, 2, 2.5, 3.1, 3.3, 3.4, 2.9, 3.2, 3.7, 3.9, 3.9, 3.9, 1.6, 1.4, 2.0, 2.0
79, 3, 4.3, 5.3, 5.6, 5.5, 4.3, 6.2, 7.0, 7.2, 7.1, 7.2, 3.7, 4.2, 5.0, 5.0
79, 4, 5.4, 6.0, 5.9, 5.4, 3.5, 7.5, 8.0, 7.9, 7.6, 8.0, 3.7, 4.8, 5.2, 5.2
79, 5, 7.0, 7.1, 6.6, 5.8, 3.1, 9.9,10.0, 9.7, 9.2,10.2, 5.4, 7.3, 7.1, 7.6
79, 6, 8.0, 7.7, 7.1, 6.0, 2.9,11.3,11.3,10.9,10.2,11.6, 6.6, 8.9, 8.5, 9.2
79, 7, 7.6, 7.5, 6.9, 5.9, 3.0,10.7,10.8,10.4, 9.8,11.0, 6.2, 8.4, 8.0, 8.6
79, 8, 6.3, 6.7, 6.4, 5.8, 3.4, 8.9, 9.3, 9.2, 8.7, 9.4, 4.8, 6.5, 6.6, 6.8
79, 9, 6.2, 7.6, 7.7, 7.5, 5.2, 9.7,10.8,11.0,10.7,10.9, 6.7, 8.4, 9.5, 9.5
79,10, 3.7, 5.0, 5.3, 5.4, 4.4, 5.5, 6.5, 6.8, 6.8, 6.8, 3.8, 3.9, 5.0, 5.0
79,11, 2.6, 4.1, 4.6, 4.9, 4.5, 4.0, 5.1, 5.5, 5.8, 5.8, 3.8, 2.9, 4.3, 4.5
79,12, 2.0, 3.4, 3.9, 4.3, 4.1, 3.2, 4.2, 4.6, 4.9, 5.0, 3.3, 2.3, 3.5, 3.9
80, 1, 1.9, 2.9, 3.2, 3.4, 3.1, 2.8, 3.5, 3.7, 3.9, 3.9, 2.2, 1.6, 2.4, 2.6
80, 2, 2.7, 3.6, 3.8, 3.9, 3.3, 3.6, 4.3, 4.5, 4.6, 4.6, 2.3, 2.0, 2.7, 2.8
80, 3, 4.3, 5.2, 5.4, 5.2, 3.9, 6.1, 6.8, 6.9, 6.9, 7.0, 3.4, 4.0, 4.7, 4.7
80, 4, 5.9, 6.6, 6.4, 6.0, 3.8, 8.5, 9.0, 9.0, 8.6, 9.1, 4.6, 6.2, 6.5, 6.6
80, 5, 6.0, 6.1, 5.7, 5.1, 2.8, 7.8, 8.0, 7.7, 7.3, 8.1, 3.7, 4.8, 4.8, 5.0
80, 6, 7.4, 7.2, 6.6, 5.6, 2.8,10.3,10.3, 9.9, 9.3,10.6, 5.7, 7.6, 7.2, 7.8
80, 7, 7.6, 7.5, 7.0, 6.0, 3.0,10.9,11.0,10.6,10.0,11.2, 6.3, 8.6, 8.2, 8.8
80, 8, 7.1, 7.6, 7.3, 6.6, 3.8,10.6,11.1,10.9,10.4,11.1, 6.4, 8.7, 8.8, 9.1
80, 9, 5.4, 6.5, 6.6, 6.4, 4.5, 8.1, 8.9, 9.0, 8.8, 9.0, 5.0, 6.3, 7.1, 7.1
80,10, 4.0, 5.5, 5.9, 6.1, 5.0, 6.2, 7.3, 7.7, 7.7, 7.8, 4.7, 4.9, 6.1, 6.2
80,11, 2.4, 3.6, 4.1, 4.3, 3.9, 3.6, 4.5, 4.8, 5.0, 5.1, 3.1, 2.4, 3.5, 3.7
80,12, 2.0, 3.4, 4.0, 4.3, 4.1, 3.2, 4.2, 4.7, 5.0, 5.1, 3.4, 2.3, 3.6, 3.9
81, 1, 2.0, 3.2, 3.7, 4.0, 3.7, 3.1, 4.0, 4.3, 4.6, 4.6, 2.8, 2.0, 3.1, 3.3
81, 2, 3.0, 4.2, 4.7, 4.8, 4.1, 4.4, 5.3, 5.6, 5.8, 5.8, 3.3, 2.9, 4.0, 4.1
81, 3, 3.9, 4.8, 5.0, 4.9, 3.8, 5.5, 6.2, 6.3, 6.3, 6.4, 3.1, 3.5, 4.2, 4.2
81, 4, 5.7, 6.3, 6.2, 5.8, 3.7, 8.0, 8.6, 8.5, 8.2, 8.6, 4.3, 5.7, 6.0, 6.1
81, 5, 6.3, 6.4, 6.0, 5.3, 2.9, 8.7, 8.9, 8.6, 8.1, 9.0, 4.4, 6.0, 5.9, 6.2
81, 6, 7.7, 7.5, 6.9, 5.9, 2.9,10.7,10.7,10.3, 9.6,11.0, 6.2, 8.2, 7.7, 8.4
81, 7, 8.3, 8.2, 7.6, 6.5, 3.2,12.1,12.2,11.8,11.1,12.5, 7.5,10.2, 9.8,10.5
81, 8, 7.2, 7.7, 7.4, 6.7, 3.9,10.7,11.2,11.0,10.5,11.2, 6.5, 8.8, 9.0, 9.3
81, 9, 5.6, 6.7, 6.9, 6.6, 4.6, 8.5, 9.4, 9.5, 9.3, 9.5, 5.4, 6.7, 7.5, 7.6
81,10, 3.5, 4.8, 5.2, 5.2, 4.3, 5.3, 6.2, 6.5, 6.6, 6.6, 3.8, 3.8, 4.8, 4.9
81,11, 2.3, 3.5, 3.9, 4.1, 3.7, 3.4, 4.3, 4.6, 4.8, 4.8, 2.9, 2.3, 3.3, 3.5
81,12, 1.6, 2.5, 2.9, 3.0, 2.8, 2.3, 3.0, 3.3, 3.4, 3.5, 2.0, 1.3, 2.1, 2.3
82, 1, 2.1, 3.3, 3.8, 4.0, 3.7, 3.1, 4.0, 4.4, 4.6, 4.6, 2.8, 2.0, 3.1, 3.3
82, 2, 2.9, 4.0, 4.3, 4.5, 3.8, 4.1, 4.9, 5.2, 5.3, 5.3, 3.0, 2.6, 3.5, 3.7
82, 3, 4.0, 4.8, 5.0, 4.9, 3.8, 5.5, 6.2, 6.3, 6.2, 6.3, 3.0, 3.4, 4.0, 4.0
82, 4, 6.0, 6.6, 6.5, 6.0, 3.9, 8.5, 9.1, 9.0, 8.7, 9.1, 4.7, 6.2, 6.6, 6.7
82, 5, 6.9, 7.0, 6.6, 5.8, 3.2, 9.5, 9.7, 9.4, 8.9, 9.8, 5.0, 6.7, 6.5, 6.9
82, 6, 6.7, 6.6, 6.1, 5.3, 2.7, 8.8, 8.8, 8.4, 7.9, 9.0, 4.5, 5.8, 5.5, 6.0
82, 7, 7.1, 7.1, 6.6, 5.7, 3.0, 9.6, 9.8, 9.4, 8.8, 9.9, 5.2, 6.9, 6.7, 7.1
82, 8, 6.6, 7.1, 6.8, 6.2, 3.6, 9.3, 9.7, 9.5, 9.1, 9.8, 5.1, 6.8, 6.9, 7.1
82, 9, 4.9, 5.7, 5.8, 5.5, 3.9, 6.8, 7.4, 7.5, 7.3, 7.5, 3.8, 4.6, 5.2, 5.2
82,10, 3.8, 5.1, 5.5, 5.6, 4.6, 5.5, 6.5, 6.8, 6.9, 6.9, 4.0, 3.9, 5.0, 5.1
82,11, 2.3, 3.5, 4.0, 4.2, 3.7, 3.4, 4.3, 4.6, 4.8, 4.8, 2.9, 2.2, 3.2, 3.4
82,12, 1.9, 3.0, 3.5, 3.7, 3.5, 2.7, 3.6, 4.0, 4.2, 4.2, 2.5, 1.6, 2.6, 2.9
83, 1, 1.9, 2.8, 3.2, 3.4, 3.1, 2.6, 3.3, 3.6, 3.8, 3.8, 2.1, 1.4, 2.2, 2.4
83, 2, 2.7, 3.7, 4.0, 4.1, 3.5, 3.7, 4.4, 4.7, 4.8, 4.8, 2.5, 2.1, 3.0, 3.0
83, 3, 3.5, 4.1, 4.2, 4.1, 3.1, 4.5, 5.0, 5.1, 5.0, 5.1, 2.0, 2.3, 2.7, 2.7
83, 4, 5.0, 5.5, 5.4, 5.1, 3.3, 6.6, 7.1, 7.0, 6.7, 7.1, 3.0, 3.9, 4.2, 4.2
83, 5, 7.1, 7.2, 6.7, 5.9, 3.2, 9.8,10.0, 9.7, 9.1,10.1, 5.3, 7.1, 6.9, 7.3
83, 6, 7.4, 7.3, 6.7, 5.7, 2.9,10.1,10.1, 9.7, 9.0,10.3, 5.5, 7.2, 6.8, 7.4
83, 7, 7.7, 7.6, 7.0, 6.0, 3.0,10.9,11.0,10.6,10.0,11.2, 6.3, 8.5, 8.2, 8.8
83, 8, 6.1, 6.6, 6.3, 5.8, 3.5, 8.3, 8.7, 8.6, 8.2, 8.8, 4.4, 5.7, 5.9, 6.1
83, 9, 5.4, 6.4, 6.6, 6.3, 4.4, 7.9, 8.7, 8.8, 8.6, 8.8, 4.9, 6.0, 6.8, 6.8
83,10, 3.8, 5.3, 5.7, 5.8, 4.8, 5.8, 6.9, 7.2, 7.3, 7.3, 4.3, 4.2, 5.4, 5.5
83,11, 2.1, 3.0, 3.3, 3.4, 3.0, 2.8, 3.5, 3.8, 3.9, 3.9, 2.1, 1.6, 2.3, 2.4
83,12, 1.4, 1.8, 1.9, 2.0, 1.8, 1.6, 1.9, 2.1, 2.1, 2.2, 0.8, 0.5, 0.8, 0.9
84, 1, 2.1, 3.2, 3.6, 3.9, 3.8, 3.1, 3.9, 4.3, 4.5, 4.5, 2.5, 1.8, 2.8, 2.9
84, 2, 3.1, 4.5, 4.9, 5.1, 4.5, 4.7, 5.7, 6.1, 6.2, 6.3, 3.7, 3.3, 4.4, 4.6
84, 3, 4.2, 5.2, 5.4, 5.3, 4.1, 6.0, 6.8, 6.9, 6.9, 7.0, 3.5, 3.9, 4.7, 4.7
84, 4, 5.3, 5.8, 5.7, 5.3, 3.4, 7.3, 7.7, 7.6, 7.3, 7.7, 3.6, 4.8, 5.1, 5.2
84, 5, 6.6, 6.6, 6.2, 5.5, 3.0, 8.9, 9.1, 8.8, 8.3, 9.2, 4.6, 6.1, 6.0, 6.3
84, 6, 7.3, 7.1, 6.5, 5.6, 2.8,10.0,10.0, 9.6, 9.0,10.3, 5.6, 7.4, 7.0, 7.6
84, 7, 7.5, 7.4, 6.8, 5.9, 3.0,10.4,10.5,10.1, 9.5,10.7, 6.0, 8.0, 7.6, 8.2
84, 8, 6.6, 7.1, 6.8, 6.2, 3.6, 9.5, 9.9, 9.8, 9.3,10.0, 5.4, 7.2, 7.4, 7.6
84, 9, 5.7, 6.9, 7.1, 6.8, 4.8, 8.6, 9.6, 9.7, 9.5, 9.7, 5.7, 7.1, 8.0, 8.0
84,10, 3.4, 4.5, 4.8, 4.9, 4.0, 4.9, 5.8, 6.1, 6.1, 6.1, 3.3, 3.4, 4.3, 4.3
84,11, 2.2, 3.2, 3.5, 3.7, 3.3, 3.1, 3.8, 4.1, 4.2, 4.3, 2.4, 1.9, 2.7, 2.8
84,12, 2.1, 3.6, 4.2, 4.6, 4.5, 3.4, 4.5, 5.0, 5.3, 5.4, 3.6, 2.4, 3.8, 4.2
85, 1, 2.3, 3.8, 4.4, 4.8, 4.6, 3.6, 4.7, 5.2, 5.5, 5.5, 3.4, 2.4, 3.7, 4.0
85, 2, 3.3, 4.7, 5.2, 5.4, 4.9, 5.1, 6.1, 6.4, 6.6, 6.6, 3.6, 3.3, 4.4, 4.5
85, 3, 4.3, 5.3, 5.5, 5.4, 4.2, 6.2, 7.0, 7.2, 7.1, 7.2, 3.7, 4.3, 5.0, 5.1
85, 4, 6.1, 6.9, 6.8, 6.3, 4.0, 8.8, 9.4, 9.4, 9.0, 9.5, 5.0, 6.6, 7.0, 7.1
85, 5, 6.9, 7.0, 6.6, 5.8, 3.2, 9.6, 9.8, 9.5, 9.0, 9.9, 5.1, 6.9, 6.8, 7.1
85, 6, 7.8, 7.6, 6.9, 5.9, 2.9,10.7,10.7,10.3, 9.6,11.0, 6.2, 8.1, 7.7, 8.4
85, 7, 7.1, 7.0, 6.5, 5.6, 2.9, 9.7, 9.8, 9.5, 8.9,10.0, 5.2, 7.0, 6.7, 7.2
85, 8, 7.3, 7.8, 7.4, 6.7, 3.9,10.7,11.2,11.0,10.5,11.3, 6.5, 8.9, 9.0, 9.3
85, 9, 5.0, 6.0, 6.1, 5.9, 4.2, 7.2, 8.0, 8.1, 7.9, 8.1, 4.3, 5.2, 5.9, 5.9
85,10, 3.8, 5.3, 5.7, 5.8, 4.8, 5.9, 7.0, 7.3, 7.4, 7.4, 4.4, 4.5, 5.7, 5.8
85,11, 2.4, 3.5, 4.0, 4.2, 4.0, 3.5, 4.3, 4.7, 4.9, 4.9, 2.8, 2.1, 3.1, 3.3
85,12, 1.8, 2.8, 3.3, 3.5, 3.3, 2.6, 3.4, 3.8, 4.0, 4.0, 2.4, 1.6, 2.6, 2.8
86, 1, 2.0, 3.0, 3.4, 3.6, 3.3, 2.8, 3.6, 3.9, 4.1, 4.1, 2.3, 1.7, 2.6, 2.8
86, 2, 2.7, 3.6, 3.9, 4.0, 3.4, 3.7, 4.4, 4.7, 4.7, 4.8, 2.5, 2.3, 3.1, 3.2
86, 3, 4.2, 5.1, 5.3, 5.2, 3.9, 5.9, 6.6, 6.8, 6.7, 6.8, 3.4, 3.9, 4.6, 4.6
86, 4, 5.5, 6.1, 6.0, 5.6, 3.5, 7.6, 8.1, 8.1, 7.7, 8.1, 4.0, 5.2, 5.5, 5.6
86, 5, 6.8, 6.9, 6.4, 5.7, 3.0, 9.3, 9.5, 9.2, 8.7, 9.6, 5.0, 6.7, 6.5, 6.9
86, 6, 8.1, 7.8, 7.2, 6.1, 3.0,11.3,11.3,10.8,10.1,11.6, 6.7, 8.9, 8.4, 9.1
86, 7, 7.8, 7.7, 7.1, 6.1, 3.0,11.0,11.1,10.7,10.1,11.3, 6.4, 8.7, 8.4, 9.0
86, 8, 7.0, 7.5, 7.2, 6.5, 3.8,10.1,10.6,10.4, 9.9,10.6, 6.1, 8.1, 8.3, 8.6
86, 9, 5.0, 5.9, 6.0, 5.8, 4.0, 7.3, 8.0, 8.1, 7.9, 8.1, 4.2, 5.2, 5.8, 5.9
86,10, 4.1, 5.7, 6.1, 6.3, 5.2, 6.4, 7.6, 8.0, 8.1, 8.1, 5.0, 5.2, 6.5, 6.6
86,11, 2.6, 4.0, 4.6, 4.9, 4.4, 4.1, 5.1, 5.6, 5.8, 5.8, 3.8, 3.0, 4.3, 4.5
86,12, 2.1, 3.6, 4.2, 4.5, 4.3, 3.3, 4.4, 4.9, 5.2, 5.3, 3.7, 2.5, 3.9, 4.2
87, 1, 2.1, 3.3, 3.7, 4.0, 3.7, 3.1, 4.0, 4.4, 4.6, 4.6, 2.8, 2.1, 3.1, 3.3
87, 2, 3.2, 4.5, 5.0, 5.2, 4.5, 4.8, 5.8, 6.1, 6.3, 6.3, 3.7, 3.4, 4.5, 4.6
87, 3, 4.1, 4.9, 5.0, 4.9, 3.7, 5.8, 6.4, 6.5, 6.4, 6.5, 3.1, 3.7, 4.3, 4.3
87, 4, 6.1, 6.8, 6.7, 6.2, 3.9, 8.8, 9.4, 9.3, 9.0, 9.4, 5.0, 6.6, 7.0, 7.1
87, 5, 6.3, 6.4, 6.0, 5.3, 3.0, 8.6, 8.8, 8.5, 8.0, 8.9, 4.4, 5.9, 5.8, 6.1
87, 6, 7.7, 7.5, 6.9, 5.9, 2.9,10.7,10.7,10.3, 9.7,11.0, 6.1, 8.1, 7.7, 8.3
87, 7, 7.6, 7.5, 6.9, 6.0, 3.0,10.7,10.8,10.4, 9.8,11.0, 6.2, 8.4, 8.0, 8.6
87, 8, 7.2, 7.7, 7.4, 6.7, 3.9,10.5,11.0,10.9,10.4,11.1, 6.3, 8.5, 8.7, 9.0
87, 9, 5.9, 7.2, 7.4, 7.2, 5.1, 9.1,10.1,10.3,10.1,10.3, 6.1, 7.5, 8.5, 8.5
87,10, 4.1, 5.6, 6.1, 6.2, 5.1, 6.3, 7.5, 7.8, 7.9, 7.9, 4.9, 5.0, 6.3, 6.3
87,11, 2.4, 3.6, 4.1, 4.3, 3.9, 3.6, 4.5, 4.9, 5.1, 5.1, 3.1, 2.4, 3.5, 3.7
87,12, 1.9, 3.1, 3.5, 3.8, 3.7, 2.9, 3.8, 4.2, 4.4, 4.5, 2.8, 1.9, 3.0, 3.2
88, 1, 2.2, 3.4, 3.9, 4.1, 3.9, 3.2, 4.1, 4.5, 4.7, 4.8, 2.8, 1.9, 3.0, 3.2
88, 2, 3.6, 5.5, 6.1, 6.4, 5.6, 5.9, 7.3, 7.8, 8.0, 8.0, 5.2, 4.8, 6.4, 6.6
88, 3, 4.8, 6.1, 6.4, 6.3, 4.7, 7.2, 8.2, 8.4, 8.3, 8.4, 4.7, 5.4, 6.4, 6.4
88, 4, 5.3, 5.8, 5.7, 5.3, 3.4, 7.2, 7.6, 7.6, 7.3, 7.7, 3.6, 4.7, 5.0, 5.0
88, 5, 6.7, 6.7, 6.3, 5.6, 3.0, 9.1, 9.3, 9.1, 8.6, 9.4, 4.8, 6.4, 6.3, 6.7
88, 6, 7.3, 7.1, 6.5, 5.6, 2.8, 9.9, 9.9, 9.5, 8.9,10.1, 5.4, 7.1, 6.7, 7.3
88, 7, 7.9, 7.8, 7.2, 6.2, 3.1,11.3,11.4,11.0,10.4,11.6, 6.8, 9.1, 8.8, 9.4
88, 8, 7.1, 7.7, 7.4, 6.7, 3.9,10.6,11.1,11.0,10.5,11.2, 6.5, 8.8, 9.0, 9.3
88, 9, 5.7, 6.9, 7.1, 6.8, 4.8, 8.7, 9.7, 9.8, 9.6, 9.8, 5.7, 7.1, 8.0, 8.0
88,10, 4.2, 6.0, 6.5, 6.7, 5.5, 6.7, 8.0, 8.4, 8.6, 8.6, 5.4, 5.5, 6.9, 7.0
88,11, 2.0, 2.9, 3.2, 3.3, 3.0, 2.8, 3.4, 3.7, 3.8, 3.8, 2.1, 1.6, 2.3, 2.5
88,12, 2.0, 3.4, 4.0, 4.3, 4.2, 3.2, 4.2, 4.7, 5.0, 5.0, 3.3, 2.3, 3.6, 3.9
89, 1, 2.4, 3.9, 4.6, 5.0, 4.9, 3.9, 5.0, 5.5, 5.9, 5.9, 3.7, 2.7, 4.1, 4.3
89, 2, 3.0, 4.2, 4.7, 4.9, 4.4, 4.5, 5.4, 5.7, 5.9, 5.9, 3.2, 2.9, 3.9, 4.0
89, 3, 3.8, 4.7, 4.8, 4.7, 3.5, 5.2, 5.9, 6.0, 5.9, 6.0, 2.9, 3.2, 3.9, 3.9
89, 4, 6.0, 6.7, 6.6, 6.1, 3.9, 8.6, 9.2, 9.1, 8.8, 9.2, 4.7, 6.2, 6.6, 6.7
89, 5, 6.9, 7.0, 6.6, 5.8, 3.1, 9.6, 9.8, 9.6, 9.0,10.0, 5.2, 7.0, 6.9, 7.3
89, 6, 7.8, 7.6, 6.9, 5.9, 2.9,10.8,10.8,10.4, 9.7,11.1, 6.2, 8.3, 7.8, 8.5
89, 7, 8.1, 8.1, 7.4, 6.4, 3.2,11.6,11.8,11.4,10.7,12.0, 7.0, 9.4, 9.0, 9.7
89, 8, 7.0, 7.5, 7.2, 6.5, 3.8,10.3,10.8,10.6,10.1,10.8, 6.1, 8.2, 8.4, 8.6
89, 9, 5.6, 6.7, 6.8, 6.6, 4.6, 8.4, 9.3, 9.4, 9.2, 9.4, 5.4, 6.7, 7.6, 7.6
89,10, 3.8, 5.2, 5.6, 5.7, 4.6, 5.8, 6.8, 7.2, 7.2, 7.2, 4.3, 4.4, 5.6, 5.6
89,11, 2.8, 4.4, 5.1, 5.4, 4.9, 4.4, 5.7, 6.2, 6.4, 6.5, 4.3, 3.5, 5.0, 5.3
89,12, 2.2, 4.0, 4.8, 5.2, 5.0, 3.8, 5.1, 5.7, 6.0, 6.1, 4.3, 3.0, 4.7, 5.1
90, 1, 2.0, 3.1, 3.5, 3.7, 3.4, 3.0, 3.8, 4.1, 4.3, 4.3, 2.5, 1.9, 2.8, 3.0
90, 2, 3.3, 4.7, 5.2, 5.4, 4.9, 4.9, 6.0, 6.4, 6.6, 6.6, 3.8, 3.4, 4.6, 4.7
90, 3, 4.4, 5.4, 5.6, 5.5, 4.1, 6.6, 7.4, 7.5, 7.4, 7.5, 4.0, 4.8, 5.6, 5.6
90, 4, 5.1, 5.6, 5.5, 5.1, 3.3, 7.0, 7.4, 7.4, 7.1, 7.5, 3.4, 4.5, 4.8, 4.8
90, 5, 6.1, 6.2, 5.8, 5.1, 2.9, 8.4, 8.6, 8.3, 7.9, 8.7, 4.1, 5.7, 5.6, 5.9
90, 6, 7.8, 7.5, 6.9, 5.9, 2.9,10.8,10.8,10.4, 9.7,11.1, 6.1, 8.2, 7.8, 8.4
90, 7, 7.4, 7.3, 6.8, 5.8, 3.0,10.4,10.6,10.2, 9.6,10.8, 5.9, 8.1, 7.8, 8.3
90, 8, 6.6, 7.1, 6.8, 6.2, 3.6, 9.6,10.0, 9.9, 9.4,10.1, 5.6, 7.4, 7.6, 7.8
90, 9, 5.8, 7.0, 7.1, 6.9, 4.8, 8.8, 9.7, 9.8, 9.6, 9.8, 5.7, 7.1, 7.9, 8.0
90,10, 4.1, 5.8, 6.3, 6.4, 5.3, 6.5, 7.7, 8.1, 8.2, 8.2, 5.1, 5.2, 6.6, 6.7
90,11, 2.5, 3.8, 4.4, 4.6, 4.2, 3.8, 4.8, 5.2, 5.4, 5.5, 3.4, 2.7, 3.9, 4.1
90,12, 2.1, 3.7, 4.3, 4.7, 4.6, 3.5, 4.6, 5.1, 5.5, 5.6, 3.7, 2.5, 4.0, 4.3
