"City:    ","PENDLETON             "
"State:   ","OR"
"WBAN No: ", 24155
"Lat(N):  ", 45.68
"Long(W): ",118.85
"Elev(m): ",   456
"Pres(mb):",   963
"Stn Type:","Secondary"
"MONTHLY SOLAR RADIATION (kWh/m2/day)"
"COLUMN A: Year"
"COLUMN B: Month"
"COLUMN C: Flat-Plate Collector Facing South at Fixed Tilt=0"
"COLUMN D: Flat-Plate Collector Facing South at Fixed Tilt=Lat-15"
"COLUMN E: Flat-Plate Collector Facing South at Fixed Tilt=Lat"
"COLUMN F: Flat-Plate Collector Facing South at Fixed Tilt=Lat+15"
"COLUMN G: Flat-Plate Collector Facing South at Fixed Tilt=90"
"COLUMN H: 1-Axis Tracking Flat-Plate Collector with North-South Axis, Axis Tilt=0"
"COLUMN I: 1-Axis Tracking Flat-Plate Collector with North-South Axis, Axis Tilt=Lat-15"
"COLUMN J: 1-Axis Tracking Flat-Plate Collector with North-South Axis, Axis Tilt=Lat"
"COLUMN K: 1-Axis Tracking Flat-Plate Collector with North-South Axis, Axis Tilt=Lat+15"
"COLUMN L: 2-Axis Tracking Flat-Plate Collector"
"COLUMN M: 1-Axis Tracking Concentrating Collector with East-West Horizontal Axis"
"COLUMN N: 1-Axis Tracking Concentrating Collector with North-South Horizontal Axis"
"COLUMN O: 1-Axis Tracking Concentrating Collector with North-South Axis, Axis Tilt=Lat"
"COLUMN P: 2-Axis Tracking Concentrating Collector"
"COL A","COL B","COL C","COL D","COL E","COL F","COL G","COL H","COL I","COL J","COL K","COL L","COL M","COL N","COL O","COL P"
61, 1, 1.2, 1.6, 1.7, 1.7, 1.5, 1.4, 1.7, 1.8, 1.8, 1.8, 0.6, 0.4, 0.7, 0.7
61, 2, 1.7, 2.1, 2.2, 2.1, 1.8, 2.0, 2.3, 2.4, 2.3, 2.4, 0.8, 0.7, 1.0, 1.0
61, 3, 2.9, 3.5, 3.5, 3.4, 2.6, 3.8, 4.3, 4.3, 4.2, 4.3, 1.6, 1.9, 2.3, 2.3
61, 4, 4.4, 4.8, 4.7, 4.3, 3.1, 5.7, 6.1, 6.1, 5.8, 6.2, 2.6, 3.3, 3.6, 3.7
61, 5, 5.4, 5.4, 5.0, 4.4, 2.8, 7.1, 7.3, 7.0, 6.6, 7.4, 3.1, 4.3, 4.2, 4.5
61, 6, 7.6, 7.5, 6.8, 5.8, 3.3,10.8,10.9,10.5, 9.9,11.2, 6.4, 8.5, 8.1, 8.9
61, 7, 7.9, 7.9, 7.3, 6.3, 3.6,11.4,11.7,11.3,10.7,11.9, 7.0, 9.3, 9.1, 9.8
61, 8, 6.0, 6.6, 6.3, 5.7, 3.7, 8.7, 9.2, 9.1, 8.6, 9.3, 4.9, 6.5, 6.7, 6.9
61, 9, 4.9, 6.1, 6.2, 6.0, 4.5, 7.5, 8.4, 8.5, 8.3, 8.5, 4.6, 5.7, 6.5, 6.6
61,10, 2.9, 4.2, 4.4, 4.5, 3.8, 4.5, 5.4, 5.6, 5.6, 5.6, 3.1, 3.1, 4.1, 4.1
61,11, 1.9, 3.0, 3.4, 3.5, 3.3, 2.8, 3.6, 3.9, 4.0, 4.1, 2.3, 1.7, 2.6, 2.8
61,12, 1.1, 1.6, 1.8, 1.8, 1.7, 1.4, 1.8, 1.9, 2.0, 2.0, 0.8, 0.5, 0.9, 0.9
62, 1, 1.4, 2.2, 2.4, 2.5, 2.3, 1.9, 2.5, 2.7, 2.8, 2.8, 1.4, 1.0, 1.6, 1.7
62, 2, 2.1, 3.0, 3.2, 3.2, 2.8, 2.8, 3.5, 3.7, 3.7, 3.7, 1.9, 1.6, 2.3, 2.3
62, 3, 3.3, 4.0, 4.1, 4.0, 3.1, 4.5, 5.1, 5.1, 5.0, 5.1, 2.4, 2.7, 3.3, 3.3
62, 4, 5.1, 5.8, 5.7, 5.3, 3.7, 7.1, 7.7, 7.7, 7.4, 7.8, 3.8, 4.9, 5.3, 5.4
62, 5, 5.2, 5.2, 4.8, 4.3, 2.7, 6.7, 6.8, 6.6, 6.2, 6.9, 2.8, 3.8, 3.8, 4.0
62, 6, 7.4, 7.3, 6.6, 5.7, 3.2,10.6,10.7,10.3, 9.6,11.0, 5.9, 8.0, 7.7, 8.3
62, 7, 7.5, 7.5, 6.9, 6.0, 3.5,10.7,11.0,10.6,10.0,11.2, 6.2, 8.3, 8.1, 8.7
62, 8, 5.8, 6.4, 6.1, 5.6, 3.7, 8.4, 8.9, 8.8, 8.4, 8.9, 4.5, 6.1, 6.4, 6.6
62, 9, 4.9, 6.2, 6.3, 6.0, 4.5, 7.5, 8.5, 8.6, 8.4, 8.6, 4.8, 5.9, 6.8, 6.8
62,10, 2.8, 4.0, 4.2, 4.3, 3.7, 4.1, 4.9, 5.2, 5.2, 5.2, 2.9, 2.7, 3.6, 3.7
62,11, 1.5, 2.1, 2.2, 2.3, 2.0, 1.9, 2.3, 2.5, 2.5, 2.5, 1.2, 0.9, 1.4, 1.4
62,12, 1.1, 1.6, 1.7, 1.8, 1.6, 1.3, 1.7, 1.8, 1.9, 1.9, 0.9, 0.5, 0.9, 1.0
63, 1, 1.5, 2.5, 2.9, 3.0, 2.9, 2.2, 3.0, 3.3, 3.4, 3.5, 2.0, 1.3, 2.2, 2.3
63, 2, 2.0, 2.6, 2.8, 2.8, 2.3, 2.5, 3.0, 3.2, 3.1, 3.2, 1.4, 1.2, 1.6, 1.7
63, 3, 3.2, 4.1, 4.2, 4.1, 3.3, 4.5, 5.1, 5.2, 5.2, 5.3, 2.5, 2.7, 3.3, 3.4
63, 4, 3.8, 4.0, 3.9, 3.6, 2.5, 4.7, 4.9, 4.8, 4.6, 4.9, 1.7, 2.2, 2.4, 2.4
63, 5, 6.3, 6.4, 5.9, 5.2, 3.2, 8.6, 8.8, 8.6, 8.1, 9.0, 4.5, 6.0, 5.9, 6.3
63, 6, 6.5, 6.3, 5.8, 5.0, 3.0, 8.5, 8.6, 8.2, 7.7, 8.8, 4.2, 5.6, 5.3, 5.8
63, 7, 7.2, 7.2, 6.6, 5.7, 3.3,10.2,10.4,10.1, 9.5,10.6, 5.8, 7.8, 7.6, 8.2
63, 8, 6.3, 6.9, 6.7, 6.0, 3.9, 9.3, 9.9, 9.7, 9.3, 9.9, 5.3, 7.1, 7.4, 7.6
63, 9, 4.7, 5.9, 6.0, 5.8, 4.4, 7.1, 8.0, 8.1, 7.9, 8.1, 4.4, 5.3, 6.2, 6.2
63,10, 2.9, 4.2, 4.4, 4.4, 3.8, 4.2, 5.1, 5.3, 5.3, 5.4, 3.0, 2.7, 3.7, 3.8
63,11, 1.5, 2.2, 2.3, 2.4, 2.2, 1.9, 2.5, 2.6, 2.7, 2.7, 1.3, 0.9, 1.4, 1.5
63,12, 1.0, 1.4, 1.5, 1.5, 1.4, 1.2, 1.5, 1.6, 1.6, 1.6, 0.6, 0.3, 0.6, 0.7
64, 1, 1.2, 1.8, 2.0, 2.1, 1.9, 1.6, 2.0, 2.2, 2.3, 2.3, 1.2, 0.7, 1.2, 1.3
64, 2, 2.5, 3.9, 4.3, 4.4, 3.9, 3.8, 4.8, 5.1, 5.2, 5.2, 3.2, 2.6, 3.8, 3.9
64, 3, 3.1, 3.7, 3.8, 3.6, 2.8, 4.1, 4.6, 4.6, 4.5, 4.6, 1.9, 2.2, 2.6, 2.6
64, 4, 4.5, 5.0, 4.9, 4.5, 3.2, 6.1, 6.5, 6.4, 6.2, 6.5, 2.7, 3.6, 3.9, 4.0
64, 5, 5.9, 6.0, 5.6, 4.9, 3.1, 7.9, 8.1, 7.8, 7.4, 8.2, 3.8, 5.1, 5.0, 5.3
64, 6, 6.0, 5.9, 5.4, 4.7, 2.8, 7.8, 7.8, 7.5, 7.0, 8.0, 3.7, 4.8, 4.6, 5.0
64, 7, 6.8, 6.8, 6.3, 5.4, 3.2, 9.3, 9.5, 9.2, 8.6, 9.7, 5.0, 6.7, 6.5, 7.0
64, 8, 5.8, 6.4, 6.1, 5.5, 3.7, 8.2, 8.7, 8.5, 8.1, 8.8, 4.5, 5.8, 6.1, 6.3
64, 9, 4.8, 6.0, 6.1, 5.9, 4.5, 7.1, 8.1, 8.2, 8.0, 8.2, 4.5, 5.3, 6.2, 6.2
64,10, 3.1, 4.6, 4.9, 5.0, 4.2, 4.7, 5.8, 6.1, 6.1, 6.2, 3.6, 3.4, 4.6, 4.6
64,11, 1.3, 1.7, 1.8, 1.8, 1.6, 1.5, 1.9, 2.0, 2.0, 2.0, 0.8, 0.6, 0.9, 0.9
64,12, 1.0, 1.5, 1.6, 1.7, 1.6, 1.3, 1.6, 1.8, 1.8, 1.8, 0.8, 0.5, 0.9, 0.9
65, 1, 1.3, 1.8, 2.0, 2.0, 1.9, 1.5, 2.0, 2.1, 2.2, 2.2, 0.9, 0.5, 0.9, 1.0
65, 2, 2.1, 2.8, 3.0, 3.0, 2.6, 2.7, 3.3, 3.5, 3.5, 3.5, 1.7, 1.4, 2.0, 2.1
65, 3, 3.9, 5.2, 5.4, 5.4, 4.4, 5.8, 6.8, 7.0, 6.9, 7.0, 3.8, 4.0, 5.0, 5.0
65, 4, 4.7, 5.2, 5.0, 4.6, 3.2, 6.3, 6.7, 6.6, 6.3, 6.7, 2.9, 3.7, 4.0, 4.1
65, 5, 6.0, 6.2, 5.8, 5.2, 3.2, 8.0, 8.3, 8.0, 7.5, 8.4, 3.9, 5.1, 5.1, 5.4
65, 6, 7.2, 7.1, 6.5, 5.6, 3.2, 9.7, 9.8, 9.4, 8.8,10.1, 5.3, 6.9, 6.6, 7.2
65, 7, 7.3, 7.3, 6.7, 5.8, 3.4,10.3,10.5,10.1, 9.6,10.7, 5.9, 7.8, 7.6, 8.2
65, 8, 6.1, 6.6, 6.3, 5.7, 3.7, 8.8, 9.3, 9.1, 8.7, 9.4, 4.9, 6.5, 6.8, 7.0
65, 9, 4.8, 6.1, 6.2, 6.0, 4.5, 7.3, 8.3, 8.4, 8.2, 8.4, 4.6, 5.4, 6.3, 6.4
65,10, 3.1, 4.6, 4.9, 5.0, 4.3, 4.7, 5.8, 6.1, 6.1, 6.1, 3.5, 3.2, 4.3, 4.4
65,11, 1.4, 2.0, 2.1, 2.1, 1.9, 1.7, 2.2, 2.3, 2.3, 2.3, 1.0, 0.7, 1.1, 1.2
65,12, 1.1, 1.6, 1.8, 1.8, 1.7, 1.4, 1.8, 1.9, 2.0, 2.0, 0.9, 0.6, 1.0, 1.0
66, 1, 1.3, 1.8, 1.9, 2.0, 1.8, 1.5, 1.9, 2.1, 2.1, 2.1, 0.9, 0.5, 0.9, 1.0
66, 2, 2.0, 2.6, 2.8, 2.7, 2.3, 2.5, 3.0, 3.1, 3.1, 3.1, 1.3, 1.1, 1.6, 1.6
66, 3, 3.6, 4.5, 4.6, 4.5, 3.5, 5.0, 5.8, 5.8, 5.7, 5.8, 2.8, 3.2, 3.9, 3.9
66, 4, 5.2, 5.9, 5.8, 5.4, 3.8, 7.2, 7.9, 7.8, 7.5, 7.9, 3.8, 4.9, 5.3, 5.4
66, 5, 6.2, 6.4, 6.0, 5.3, 3.3, 8.4, 8.7, 8.5, 8.0, 8.8, 4.2, 5.6, 5.6, 5.9
66, 6, 6.2, 6.0, 5.5, 4.8, 2.8, 8.1, 8.1, 7.8, 7.3, 8.3, 3.6, 4.8, 4.6, 5.0
66, 7, 7.4, 7.4, 6.9, 5.9, 3.5,10.5,10.7,10.3, 9.7,10.9, 6.0, 8.0, 7.8, 8.4
66, 8, 6.3, 6.8, 6.6, 5.9, 3.9, 9.0, 9.6, 9.4, 8.9, 9.6, 5.1, 6.7, 6.9, 7.2
66, 9, 4.8, 6.0, 6.1, 5.9, 4.4, 7.1, 8.1, 8.2, 8.0, 8.2, 4.5, 5.3, 6.2, 6.2
66,10, 3.0, 4.3, 4.6, 4.6, 3.9, 4.4, 5.4, 5.6, 5.7, 5.7, 3.2, 3.0, 4.0, 4.1
66,11, 1.6, 2.4, 2.7, 2.7, 2.5, 2.2, 2.8, 3.0, 3.1, 3.1, 1.6, 1.1, 1.8, 1.9
66,12, 1.0, 1.5, 1.6, 1.7, 1.5, 1.3, 1.6, 1.7, 1.8, 1.8, 0.8, 0.5, 0.8, 0.9
67, 1, 1.3, 1.8, 1.9, 2.0, 1.8, 1.6, 2.0, 2.1, 2.2, 2.2, 1.0, 0.6, 1.0, 1.1
67, 2, 2.2, 3.3, 3.5, 3.6, 3.1, 3.2, 3.9, 4.2, 4.2, 4.2, 2.2, 1.9, 2.7, 2.8
67, 3, 3.1, 3.8, 3.8, 3.7, 3.0, 4.0, 4.6, 4.6, 4.5, 4.7, 1.9, 2.0, 2.5, 2.5
67, 4, 4.4, 4.8, 4.7, 4.4, 3.1, 5.7, 6.1, 6.0, 5.8, 6.1, 2.5, 3.1, 3.4, 3.5
67, 5, 6.0, 6.1, 5.7, 5.0, 3.1, 8.2, 8.4, 8.1, 7.7, 8.5, 3.8, 5.2, 5.2, 5.5
67, 6, 7.2, 7.0, 6.4, 5.5, 3.2, 9.9,10.0, 9.6, 9.0,10.3, 5.3, 7.1, 6.8, 7.3
67, 7, 7.8, 7.8, 7.2, 6.2, 3.6,11.3,11.6,11.2,10.6,11.8, 6.7, 9.0, 8.8, 9.4
67, 8, 6.8, 7.6, 7.3, 6.6, 4.3,10.2,10.9,10.7,10.3,11.0, 6.2, 8.1, 8.5, 8.8
67, 9, 5.1, 6.6, 6.7, 6.4, 4.9, 7.9, 9.0, 9.2, 9.0, 9.2, 5.2, 6.3, 7.3, 7.3
67,10, 2.8, 4.0, 4.2, 4.3, 3.6, 4.0, 4.9, 5.1, 5.1, 5.1, 2.7, 2.5, 3.3, 3.4
67,11, 1.7, 2.7, 2.9, 3.0, 2.8, 2.4, 3.1, 3.3, 3.5, 3.5, 1.9, 1.4, 2.2, 2.3
67,12, 1.2, 1.9, 2.1, 2.2, 2.1, 1.6, 2.1, 2.3, 2.4, 2.5, 1.3, 0.8, 1.3, 1.5
68, 1, 1.3, 2.0, 2.1, 2.2, 2.0, 1.7, 2.2, 2.3, 2.4, 2.5, 1.1, 0.7, 1.2, 1.3
68, 2, 2.2, 3.0, 3.1, 3.1, 2.7, 2.9, 3.5, 3.6, 3.7, 3.7, 1.8, 1.6, 2.2, 2.2
68, 3, 3.5, 4.4, 4.5, 4.4, 3.5, 4.7, 5.4, 5.5, 5.4, 5.6, 2.6, 2.7, 3.4, 3.4
68, 4, 5.1, 5.7, 5.6, 5.2, 3.6, 7.0, 7.6, 7.5, 7.2, 7.6, 3.6, 4.6, 5.0, 5.1
68, 5, 6.1, 6.2, 5.9, 5.2, 3.3, 8.1, 8.4, 8.1, 7.7, 8.5, 3.9, 5.2, 5.2, 5.5
68, 6, 7.0, 6.8, 6.3, 5.4, 3.1, 9.4, 9.5, 9.2, 8.6, 9.8, 4.9, 6.5, 6.2, 6.8
68, 7, 7.7, 7.7, 7.2, 6.2, 3.6,11.1,11.4,11.0,10.3,11.6, 6.6, 8.8, 8.5, 9.2
68, 8, 5.1, 5.5, 5.3, 4.8, 3.2, 7.0, 7.3, 7.2, 6.8, 7.4, 3.3, 4.3, 4.5, 4.7
68, 9, 4.5, 5.6, 5.7, 5.5, 4.2, 6.6, 7.5, 7.6, 7.4, 7.6, 4.0, 4.7, 5.5, 5.5
68,10, 2.8, 4.0, 4.3, 4.3, 3.6, 4.1, 5.0, 5.2, 5.2, 5.2, 2.8, 2.6, 3.5, 3.5
68,11, 1.4, 2.0, 2.2, 2.2, 2.0, 1.8, 2.3, 2.4, 2.4, 2.5, 1.1, 0.8, 1.2, 1.3
68,12, 1.1, 1.6, 1.7, 1.8, 1.6, 1.3, 1.7, 1.9, 1.9, 1.9, 0.8, 0.5, 0.8, 0.9
69, 1, 1.4, 1.9, 2.0, 2.1, 2.0, 1.7, 2.1, 2.2, 2.2, 2.3, 0.6, 0.4, 0.7, 0.7
69, 2, 2.0, 2.6, 2.7, 2.7, 2.3, 2.5, 2.9, 3.0, 3.0, 3.0, 1.0, 0.8, 1.2, 1.2
69, 3, 3.8, 4.8, 5.0, 4.9, 3.9, 5.5, 6.3, 6.4, 6.3, 6.4, 3.2, 3.6, 4.4, 4.4
69, 4, 4.9, 5.5, 5.4, 5.0, 3.5, 6.6, 7.1, 7.0, 6.7, 7.1, 3.3, 4.1, 4.5, 4.6
69, 5, 6.4, 6.6, 6.2, 5.4, 3.3, 9.0, 9.3, 9.0, 8.5, 9.4, 4.7, 6.3, 6.3, 6.7
69, 6, 7.0, 6.9, 6.3, 5.4, 3.1, 9.6, 9.7, 9.4, 8.8,10.0, 5.1, 6.8, 6.5, 7.1
69, 7, 7.7, 7.8, 7.2, 6.2, 3.5,11.3,11.6,11.2,10.6,11.8, 6.7, 9.1, 8.9, 9.5
69, 8, 7.0, 7.8, 7.5, 6.8, 4.4,10.8,11.5,11.3,10.8,11.5, 6.6, 8.9, 9.2, 9.5
69, 9, 4.4, 5.4, 5.4, 5.1, 3.8, 6.3, 7.1, 7.1, 6.9, 7.1, 3.6, 4.3, 4.9, 5.0
69,10, 3.0, 4.4, 4.7, 4.8, 4.1, 4.5, 5.5, 5.8, 5.8, 5.9, 3.3, 3.0, 4.1, 4.2
69,11, 1.7, 2.8, 3.0, 3.2, 2.9, 2.5, 3.3, 3.5, 3.6, 3.6, 2.0, 1.4, 2.3, 2.4
69,12, 1.1, 1.4, 1.5, 1.5, 1.4, 1.2, 1.5, 1.6, 1.6, 1.7, 0.6, 0.3, 0.6, 0.7
70, 1, 1.4, 2.0, 2.2, 2.3, 2.2, 1.8, 2.3, 2.4, 2.5, 2.5, 1.0, 0.6, 1.1, 1.1
70, 2, 2.2, 3.1, 3.3, 3.3, 2.9, 3.1, 3.7, 3.9, 3.9, 4.0, 1.9, 1.7, 2.4, 2.4
70, 3, 3.6, 4.6, 4.7, 4.6, 3.7, 5.0, 5.8, 5.9, 5.8, 5.9, 2.7, 3.0, 3.7, 3.7
70, 4, 4.4, 4.9, 4.7, 4.4, 3.1, 5.7, 6.1, 6.1, 5.8, 6.2, 2.5, 3.1, 3.4, 3.5
70, 5, 6.8, 7.0, 6.5, 5.7, 3.5, 9.4, 9.8, 9.5, 8.9, 9.9, 5.2, 6.9, 6.8, 7.3
70, 6, 6.7, 6.6, 6.0, 5.2, 3.0, 9.1, 9.1, 8.8, 8.2, 9.4, 4.7, 6.2, 5.9, 6.4
70, 7, 7.4, 7.4, 6.9, 5.9, 3.4,10.5,10.7,10.3, 9.7,10.9, 6.1, 8.1, 7.8, 8.4
70, 8, 7.1, 7.9, 7.6, 6.9, 4.4,10.9,11.6,11.5,11.0,11.7, 6.8, 9.1, 9.5, 9.8
70, 9, 4.6, 5.8, 5.9, 5.6, 4.3, 6.9, 7.8, 7.9, 7.7, 7.9, 4.2, 5.0, 5.9, 5.9
70,10, 3.1, 4.6, 5.0, 5.0, 4.3, 4.8, 5.9, 6.2, 6.3, 6.3, 3.7, 3.5, 4.7, 4.8
70,11, 1.6, 2.5, 2.7, 2.8, 2.5, 2.3, 2.9, 3.1, 3.2, 3.2, 1.7, 1.3, 1.9, 2.0
70,12, 1.2, 1.8, 2.0, 2.1, 2.0, 1.5, 2.1, 2.3, 2.3, 2.4, 1.2, 0.7, 1.2, 1.4
71, 1, 1.4, 2.2, 2.4, 2.5, 2.3, 1.9, 2.5, 2.7, 2.8, 2.8, 1.4, 0.9, 1.5, 1.6
71, 2, 2.2, 3.2, 3.5, 3.5, 3.1, 3.1, 3.8, 4.1, 4.1, 4.2, 2.2, 1.7, 2.5, 2.6
71, 3, 3.3, 4.1, 4.1, 4.0, 3.2, 4.4, 5.0, 5.1, 5.0, 5.1, 2.2, 2.5, 3.0, 3.0
71, 4, 4.9, 5.5, 5.4, 5.0, 3.5, 6.7, 7.2, 7.1, 6.8, 7.2, 3.2, 4.1, 4.5, 4.6
71, 5, 6.3, 6.5, 6.1, 5.4, 3.3, 8.6, 8.9, 8.6, 8.1, 9.0, 4.4, 5.9, 5.9, 6.2
71, 6, 6.2, 6.0, 5.5, 4.8, 2.8, 8.0, 8.1, 7.7, 7.2, 8.3, 3.6, 4.8, 4.6, 5.0
71, 7, 7.6, 7.7, 7.1, 6.1, 3.5,11.0,11.2,10.9,10.2,11.4, 6.5, 8.7, 8.5, 9.1
71, 8, 6.6, 7.3, 7.0, 6.3, 4.1, 9.9,10.6,10.4, 9.9,10.6, 5.8, 7.8, 8.1, 8.4
71, 9, 4.7, 5.8, 5.8, 5.6, 4.2, 6.9, 7.8, 7.9, 7.7, 7.9, 4.2, 5.1, 5.9, 5.9
71,10, 3.0, 4.3, 4.7, 4.7, 4.0, 4.5, 5.5, 5.8, 5.8, 5.8, 3.2, 3.1, 4.1, 4.1
71,11, 1.6, 2.5, 2.7, 2.8, 2.5, 2.2, 2.8, 3.0, 3.1, 3.1, 1.6, 1.1, 1.8, 1.9
71,12, 1.2, 1.8, 2.0, 2.1, 1.9, 1.5, 2.0, 2.2, 2.3, 2.3, 1.0, 0.6, 1.1, 1.2
72, 1, 1.4, 2.0, 2.2, 2.2, 2.1, 1.7, 2.2, 2.4, 2.5, 2.5, 1.1, 0.7, 1.2, 1.3
72, 2, 2.0, 2.6, 2.7, 2.7, 2.3, 2.6, 3.0, 3.1, 3.1, 3.1, 1.0, 0.9, 1.2, 1.2
72, 3, 3.4, 4.1, 4.2, 4.1, 3.2, 4.6, 5.2, 5.3, 5.2, 5.3, 2.3, 2.6, 3.2, 3.2
72, 4, 5.0, 5.6, 5.5, 5.1, 3.5, 6.9, 7.4, 7.3, 7.0, 7.4, 3.3, 4.3, 4.7, 4.8
72, 5, 6.7, 6.9, 6.5, 5.7, 3.5, 9.5, 9.8, 9.6, 9.0,10.0, 5.1, 6.9, 6.9, 7.3
72, 6, 6.9, 6.7, 6.2, 5.3, 3.1, 9.4, 9.5, 9.1, 8.6, 9.7, 4.8, 6.4, 6.2, 6.7
72, 7, 7.2, 7.2, 6.7, 5.8, 3.4,10.1,10.3,10.0, 9.4,10.5, 5.7, 7.6, 7.4, 7.9
72, 8, 6.5, 7.2, 6.9, 6.3, 4.1, 9.9,10.5,10.3, 9.9,10.6, 5.8, 7.9, 8.2, 8.4
72, 9, 4.7, 5.9, 6.0, 5.7, 4.3, 7.0, 7.9, 8.0, 7.8, 8.0, 4.2, 5.0, 5.8, 5.9
72,10, 3.0, 4.5, 4.8, 4.8, 4.1, 4.7, 5.7, 6.0, 6.0, 6.0, 3.4, 3.3, 4.4, 4.4
72,11, 1.5, 2.2, 2.3, 2.4, 2.2, 1.9, 2.4, 2.6, 2.7, 2.7, 1.3, 0.9, 1.4, 1.5
72,12, 1.3, 2.1, 2.4, 2.5, 2.5, 1.8, 2.5, 2.7, 2.8, 2.9, 1.5, 0.9, 1.5, 1.7
73, 1, 1.4, 2.1, 2.3, 2.4, 2.2, 1.9, 2.4, 2.6, 2.7, 2.7, 1.3, 0.9, 1.4, 1.5
73, 2, 2.2, 3.1, 3.3, 3.3, 2.9, 3.0, 3.6, 3.8, 3.8, 3.9, 1.7, 1.4, 2.0, 2.1
73, 3, 3.5, 4.4, 4.6, 4.4, 3.5, 4.8, 5.6, 5.7, 5.6, 5.7, 2.6, 2.9, 3.5, 3.5
73, 4, 5.4, 6.2, 6.0, 5.6, 3.9, 7.8, 8.4, 8.4, 8.1, 8.5, 4.2, 5.4, 5.9, 6.0
73, 5, 6.8, 7.0, 6.6, 5.8, 3.5, 9.6, 9.9, 9.6, 9.1,10.1, 5.2, 7.0, 7.0, 7.3
73, 6, 6.7, 6.6, 6.1, 5.2, 3.1, 9.0, 9.1, 8.7, 8.2, 9.3, 4.5, 6.0, 5.7, 6.2
73, 7, 8.0, 8.0, 7.4, 6.4, 3.6,11.6,11.9,11.5,10.9,12.2, 7.1, 9.5, 9.3, 9.9
73, 8, 6.7, 7.4, 7.1, 6.4, 4.2, 9.9,10.6,10.4, 9.9,10.6, 5.9, 7.9, 8.2, 8.5
73, 9, 4.6, 5.7, 5.8, 5.5, 4.1, 6.8, 7.6, 7.7, 7.5, 7.7, 4.1, 4.9, 5.7, 5.7
73,10, 2.8, 4.0, 4.2, 4.2, 3.5, 4.2, 5.0, 5.2, 5.2, 5.2, 2.7, 2.7, 3.5, 3.6
73,11, 1.4, 1.8, 1.9, 1.9, 1.7, 1.6, 1.9, 2.0, 2.0, 2.0, 0.6, 0.4, 0.6, 0.7
73,12, 1.1, 1.6, 1.8, 1.8, 1.7, 1.4, 1.8, 1.9, 2.0, 2.0, 0.9, 0.5, 0.9, 1.0
74, 1, 1.4, 2.2, 2.4, 2.5, 2.4, 1.9, 2.5, 2.7, 2.8, 2.8, 1.4, 0.9, 1.5, 1.6
74, 2, 2.1, 3.1, 3.3, 3.4, 3.0, 2.9, 3.7, 3.9, 3.9, 3.9, 2.1, 1.6, 2.4, 2.5
74, 3, 3.3, 4.2, 4.3, 4.2, 3.3, 4.5, 5.2, 5.3, 5.2, 5.3, 2.5, 2.7, 3.3, 3.3
74, 4, 4.5, 5.0, 4.9, 4.5, 3.1, 6.0, 6.4, 6.3, 6.0, 6.4, 2.8, 3.5, 3.8, 3.9
74, 5, 6.1, 6.3, 5.9, 5.2, 3.3, 8.2, 8.5, 8.2, 7.8, 8.6, 4.2, 5.5, 5.5, 5.8
74, 6, 7.7, 7.5, 6.9, 5.9, 3.3,10.9,11.0,10.6,10.0,11.3, 6.4, 8.5, 8.1, 8.9
74, 7, 7.2, 7.2, 6.7, 5.8, 3.4,10.0,10.2, 9.9, 9.3,10.4, 5.7, 7.6, 7.4, 7.9
74, 8, 6.5, 7.2, 6.9, 6.3, 4.1, 9.5,10.1,10.0, 9.5,10.2, 5.6, 7.3, 7.7, 7.9
74, 9, 5.4, 6.9, 7.1, 6.8, 5.2, 8.6, 9.8, 9.9, 9.7, 9.9, 5.8, 7.0, 8.1, 8.2
74,10, 3.3, 4.9, 5.3, 5.3, 4.6, 5.2, 6.4, 6.7, 6.7, 6.7, 4.1, 3.9, 5.2, 5.3
74,11, 1.5, 2.1, 2.3, 2.3, 2.1, 1.9, 2.4, 2.5, 2.6, 2.6, 1.2, 0.9, 1.4, 1.4
74,12, 1.2, 2.0, 2.3, 2.4, 2.3, 1.7, 2.3, 2.5, 2.7, 2.7, 1.6, 0.9, 1.6, 1.8
75, 1, 1.4, 2.1, 2.3, 2.4, 2.3, 1.9, 2.4, 2.6, 2.7, 2.7, 1.1, 0.8, 1.3, 1.3
75, 2, 2.1, 2.9, 3.0, 3.1, 2.7, 2.8, 3.4, 3.5, 3.5, 3.5, 1.5, 1.3, 1.8, 1.8
75, 3, 3.4, 4.3, 4.4, 4.3, 3.4, 4.6, 5.2, 5.3, 5.2, 5.3, 2.4, 2.5, 3.1, 3.2
75, 4, 4.9, 5.5, 5.3, 4.9, 3.4, 6.7, 7.2, 7.1, 6.8, 7.2, 3.2, 4.1, 4.5, 4.6
75, 5, 6.4, 6.5, 6.1, 5.4, 3.3, 8.8, 9.0, 8.8, 8.3, 9.2, 4.4, 6.0, 5.9, 6.3
75, 6, 6.7, 6.5, 6.0, 5.1, 3.0, 8.9, 9.0, 8.7, 8.1, 9.3, 4.5, 6.0, 5.7, 6.2
75, 7, 7.0, 7.0, 6.5, 5.6, 3.3, 9.6, 9.9, 9.5, 8.9,10.1, 5.3, 7.0, 6.9, 7.3
75, 8, 6.3, 6.9, 6.6, 5.9, 3.9, 9.2, 9.8, 9.6, 9.2, 9.9, 5.3, 7.1, 7.3, 7.6
75, 9, 5.6, 7.2, 7.4, 7.1, 5.4, 8.9,10.1,10.3,10.1,10.3, 6.1, 7.4, 8.6, 8.6
75,10, 2.5, 3.2, 3.3, 3.3, 2.8, 3.2, 3.8, 3.9, 3.9, 3.9, 1.7, 1.6, 2.2, 2.2
75,11, 1.6, 2.4, 2.6, 2.7, 2.4, 2.2, 2.7, 2.9, 3.0, 3.0, 1.5, 1.1, 1.7, 1.7
75,12, 1.1, 1.7, 1.9, 2.0, 1.9, 1.5, 1.9, 2.1, 2.2, 2.2, 1.0, 0.6, 1.0, 1.1
76, 1, 1.4, 2.2, 2.5, 2.6, 2.4, 1.9, 2.5, 2.8, 2.8, 2.9, 1.6, 1.0, 1.7, 1.8
76, 2, 2.2, 3.2, 3.4, 3.5, 3.0, 3.1, 3.8, 4.0, 4.1, 4.1, 2.1, 1.7, 2.5, 2.6
76, 3, 3.4, 4.4, 4.5, 4.4, 3.5, 4.8, 5.5, 5.6, 5.5, 5.6, 2.6, 2.8, 3.5, 3.5
76, 4, 5.0, 5.7, 5.5, 5.1, 3.6, 6.8, 7.4, 7.3, 7.0, 7.4, 3.3, 4.3, 4.7, 4.7
76, 5, 6.7, 6.9, 6.5, 5.7, 3.5, 9.3, 9.6, 9.4, 8.9, 9.8, 5.0, 6.7, 6.7, 7.0
76, 6, 7.0, 6.9, 6.3, 5.4, 3.1, 9.6, 9.7, 9.4, 8.8,10.0, 5.1, 6.7, 6.4, 7.0
76, 7, 7.1, 7.2, 6.7, 5.8, 3.4,10.0,10.3, 9.9, 9.3,10.5, 5.7, 7.6, 7.4, 7.9
76, 8, 5.5, 6.0, 5.8, 5.2, 3.5, 7.6, 8.1, 7.9, 7.6, 8.1, 3.8, 5.0, 5.3, 5.4
76, 9, 5.0, 6.4, 6.6, 6.3, 4.8, 7.8, 8.9, 9.0, 8.8, 9.0, 5.1, 6.1, 7.2, 7.2
76,10, 3.3, 5.0, 5.4, 5.5, 4.7, 5.2, 6.4, 6.8, 6.8, 6.8, 4.1, 3.9, 5.2, 5.3
76,11, 1.6, 2.5, 2.7, 2.8, 2.6, 2.2, 2.8, 3.0, 3.1, 3.2, 1.7, 1.1, 1.8, 1.9
76,12, 1.3, 2.2, 2.5, 2.6, 2.5, 1.8, 2.5, 2.8, 2.9, 3.0, 1.7, 1.0, 1.8, 1.9
77, 1, 1.4, 2.0, 2.1, 2.2, 2.0, 1.7, 2.2, 2.3, 2.4, 2.4, 0.9, 0.6, 1.0, 1.0
77, 2, 2.2, 3.1, 3.3, 3.3, 2.9, 3.0, 3.7, 3.8, 3.9, 3.9, 1.9, 1.5, 2.2, 2.3
77, 3, 3.3, 4.0, 4.1, 3.9, 3.1, 4.3, 4.9, 5.0, 4.9, 5.0, 2.1, 2.3, 2.8, 2.8
77, 4, 5.6, 6.4, 6.3, 5.9, 4.1, 8.0, 8.7, 8.7, 8.4, 8.8, 4.5, 5.7, 6.2, 6.3
77, 5, 5.6, 5.7, 5.3, 4.7, 3.0, 7.3, 7.4, 7.2, 6.8, 7.6, 3.0, 4.1, 4.1, 4.3
77, 6, 7.3, 7.2, 6.6, 5.7, 3.2,10.2,10.3, 9.9, 9.3,10.6, 5.6, 7.4, 7.1, 7.7
77, 7, 7.2, 7.2, 6.7, 5.8, 3.4,10.3,10.5,10.1, 9.6,10.7, 5.8, 7.8, 7.6, 8.1
77, 8, 6.2, 6.8, 6.5, 5.9, 3.8, 9.0, 9.5, 9.4, 8.9, 9.6, 5.1, 6.7, 6.9, 7.2
77, 9, 4.4, 5.3, 5.4, 5.1, 3.8, 6.3, 7.0, 7.1, 6.9, 7.1, 3.6, 4.3, 5.0, 5.0
77,10, 3.2, 4.7, 5.1, 5.1, 4.4, 4.9, 6.1, 6.4, 6.4, 6.4, 3.8, 3.6, 4.8, 4.8
77,11, 1.7, 2.5, 2.7, 2.8, 2.5, 2.2, 2.9, 3.0, 3.1, 3.2, 1.5, 1.0, 1.7, 1.7
77,12, 1.2, 1.7, 1.9, 1.9, 1.8, 1.4, 1.9, 2.0, 2.1, 2.1, 0.8, 0.4, 0.8, 0.9
78, 1, 1.3, 1.8, 1.9, 1.9, 1.7, 1.5, 1.9, 2.0, 2.1, 2.1, 0.7, 0.5, 0.8, 0.8
78, 2, 1.9, 2.4, 2.5, 2.5, 2.1, 2.2, 2.6, 2.7, 2.7, 2.8, 1.0, 0.8, 1.2, 1.2
78, 3, 3.6, 4.6, 4.8, 4.7, 3.7, 5.0, 5.8, 5.9, 5.8, 5.9, 2.8, 3.0, 3.8, 3.8
78, 4, 4.5, 5.0, 4.8, 4.5, 3.1, 6.1, 6.5, 6.4, 6.1, 6.5, 2.6, 3.4, 3.7, 3.8
78, 5, 6.1, 6.2, 5.8, 5.1, 3.2, 8.3, 8.5, 8.2, 7.8, 8.6, 3.8, 5.2, 5.1, 5.4
78, 6, 7.0, 6.8, 6.3, 5.4, 3.1, 9.5, 9.6, 9.2, 8.6, 9.8, 5.0, 6.6, 6.3, 6.9
78, 7, 7.3, 7.3, 6.8, 5.8, 3.4,10.3,10.5,10.2, 9.6,10.7, 5.8, 7.8, 7.7, 8.2
78, 8, 5.7, 6.1, 5.8, 5.3, 3.5, 7.8, 8.3, 8.1, 7.7, 8.3, 4.1, 5.4, 5.6, 5.8
78, 9, 4.2, 5.1, 5.1, 4.9, 3.7, 5.7, 6.4, 6.5, 6.3, 6.5, 3.0, 3.5, 4.1, 4.1
78,10, 3.5, 5.3, 5.8, 5.9, 5.1, 5.7, 7.0, 7.4, 7.4, 7.4, 4.5, 4.4, 5.8, 5.9
78,11, 1.8, 2.6, 2.8, 2.9, 2.7, 2.4, 3.0, 3.2, 3.3, 3.3, 1.5, 1.1, 1.7, 1.8
78,12, 1.4, 2.5, 2.8, 3.1, 3.0, 2.1, 2.9, 3.2, 3.4, 3.5, 2.0, 1.2, 2.1, 2.3
79, 1, 1.5, 2.1, 2.3, 2.4, 2.3, 1.9, 2.3, 2.5, 2.6, 2.6, 0.7, 0.5, 0.8, 0.8
79, 2, 1.8, 2.2, 2.3, 2.3, 1.9, 2.1, 2.4, 2.5, 2.5, 2.5, 0.6, 0.5, 0.8, 0.8
79, 3, 3.8, 5.1, 5.2, 5.1, 4.1, 5.7, 6.6, 6.7, 6.7, 6.8, 3.5, 3.8, 4.7, 4.7
79, 4, 4.8, 5.4, 5.3, 4.8, 3.4, 6.4, 6.9, 6.9, 6.6, 7.0, 3.0, 3.8, 4.1, 4.2
79, 5, 6.4, 6.6, 6.2, 5.4, 3.3, 8.9, 9.2, 8.9, 8.4, 9.3, 4.5, 6.1, 6.0, 6.3
79, 6, 7.5, 7.4, 6.8, 5.8, 3.3,10.6,10.7,10.4, 9.7,11.0, 6.0, 8.0, 7.6, 8.3
79, 7, 7.8, 7.8, 7.2, 6.2, 3.6,11.3,11.6,11.2,10.6,11.8, 6.7, 9.0, 8.8, 9.4
79, 8, 6.2, 6.7, 6.5, 5.8, 3.8, 8.9, 9.4, 9.2, 8.8, 9.5, 4.9, 6.5, 6.7, 7.0
79, 9, 5.1, 6.6, 6.7, 6.5, 4.9, 7.9, 9.0, 9.1, 8.9, 9.1, 5.2, 6.2, 7.2, 7.2
79,10, 3.0, 4.2, 4.5, 4.5, 3.8, 4.4, 5.3, 5.6, 5.6, 5.6, 3.0, 3.0, 3.9, 4.0
79,11, 1.6, 2.2, 2.4, 2.5, 2.2, 2.0, 2.5, 2.7, 2.7, 2.8, 1.2, 0.9, 1.4, 1.4
79,12, 1.1, 1.7, 1.8, 1.9, 1.7, 1.4, 1.8, 2.0, 2.0, 2.0, 0.9, 0.6, 0.9, 1.0
80, 1, 1.5, 2.3, 2.5, 2.7, 2.5, 2.0, 2.7, 2.9, 3.0, 3.0, 1.4, 1.0, 1.6, 1.7
80, 2, 2.0, 2.4, 2.5, 2.5, 2.1, 2.3, 2.7, 2.8, 2.7, 2.8, 0.9, 0.7, 1.1, 1.1
80, 3, 3.3, 4.0, 4.1, 4.0, 3.2, 4.4, 5.0, 5.1, 5.0, 5.1, 2.0, 2.3, 2.8, 2.8
80, 4, 5.2, 5.9, 5.8, 5.4, 3.8, 7.2, 7.8, 7.8, 7.5, 7.9, 3.8, 4.7, 5.2, 5.3
80, 5, 6.1, 6.2, 5.8, 5.2, 3.2, 8.1, 8.4, 8.1, 7.6, 8.5, 3.9, 5.1, 5.1, 5.4
80, 6, 6.3, 6.1, 5.6, 4.8, 2.9, 8.3, 8.3, 8.0, 7.5, 8.6, 3.9, 5.2, 4.9, 5.3
80, 7, 7.3, 7.4, 6.8, 5.9, 3.5,10.4,10.6,10.3, 9.7,10.8, 6.0, 7.9, 7.8, 8.3
80, 8, 6.5, 7.2, 6.9, 6.2, 4.1, 9.7,10.3,10.1, 9.7,10.4, 5.7, 7.6, 7.9, 8.2
80, 9, 4.7, 5.9, 6.0, 5.8, 4.4, 7.1, 8.0, 8.1, 7.9, 8.1, 4.4, 5.3, 6.1, 6.1
80,10, 3.1, 4.5, 4.8, 4.8, 4.1, 4.8, 5.8, 6.0, 6.0, 6.0, 3.5, 3.4, 4.5, 4.5
80,11, 1.5, 2.0, 2.1, 2.1, 1.9, 1.8, 2.2, 2.3, 2.3, 2.3, 1.0, 0.6, 1.0, 1.1
80,12, 1.2, 1.8, 2.0, 2.0, 1.9, 1.5, 2.0, 2.1, 2.2, 2.2, 1.0, 0.6, 1.1, 1.2
81, 1, 1.3, 1.7, 1.8, 1.8, 1.6, 1.5, 1.8, 1.9, 1.9, 2.0, 0.7, 0.4, 0.8, 0.8
81, 2, 2.2, 3.1, 3.3, 3.3, 2.9, 3.0, 3.7, 3.9, 3.9, 3.9, 2.0, 1.7, 2.4, 2.4
81, 3, 3.8, 5.1, 5.3, 5.2, 4.2, 5.5, 6.5, 6.7, 6.6, 6.7, 3.6, 3.7, 4.7, 4.7
81, 4, 4.9, 5.6, 5.4, 5.0, 3.5, 6.6, 7.1, 7.1, 6.8, 7.2, 3.2, 3.9, 4.3, 4.4
81, 5, 6.0, 6.2, 5.8, 5.1, 3.2, 8.0, 8.2, 8.0, 7.5, 8.4, 3.8, 5.0, 4.9, 5.2
81, 6, 6.5, 6.4, 5.8, 5.0, 3.0, 8.8, 8.8, 8.5, 7.9, 9.1, 4.3, 5.7, 5.4, 5.9
81, 7, 7.8, 7.8, 7.2, 6.2, 3.5,11.5,11.8,11.4,10.7,12.0, 7.1, 9.5, 9.3, 9.9
81, 8, 6.8, 7.6, 7.3, 6.6, 4.3,10.3,10.9,10.8,10.3,11.0, 6.3, 8.3, 8.7, 8.9
81, 9, 4.9, 6.2, 6.3, 6.0, 4.5, 7.6, 8.6, 8.7, 8.5, 8.7, 4.8, 5.8, 6.8, 6.8
81,10, 3.0, 4.4, 4.7, 4.8, 4.1, 4.5, 5.6, 5.8, 5.9, 5.9, 3.4, 3.2, 4.3, 4.3
81,11, 1.8, 2.9, 3.2, 3.3, 3.0, 2.6, 3.4, 3.7, 3.8, 3.8, 2.3, 1.6, 2.6, 2.7
81,12, 1.1, 1.7, 1.9, 1.9, 1.8, 1.4, 1.9, 2.0, 2.1, 2.1, 1.0, 0.6, 1.0, 1.1
82, 1, 1.4, 2.1, 2.3, 2.4, 2.2, 1.8, 2.3, 2.5, 2.6, 2.6, 1.2, 0.7, 1.3, 1.4
82, 2, 2.2, 3.1, 3.3, 3.4, 3.0, 2.9, 3.6, 3.8, 3.9, 3.9, 1.9, 1.5, 2.3, 2.3
82, 3, 3.5, 4.4, 4.5, 4.4, 3.5, 4.9, 5.6, 5.7, 5.6, 5.7, 2.7, 3.0, 3.7, 3.7
82, 4, 5.2, 5.9, 5.8, 5.3, 3.7, 7.4, 8.0, 7.9, 7.6, 8.0, 3.9, 5.1, 5.5, 5.6
82, 5, 6.3, 6.4, 6.0, 5.3, 3.3, 8.6, 8.9, 8.6, 8.1, 9.0, 4.2, 5.7, 5.6, 5.9
82, 6, 6.5, 6.5, 5.9, 5.1, 3.0, 8.6, 8.7, 8.3, 7.8, 8.9, 4.3, 5.6, 5.3, 5.8
82, 7, 7.0, 7.1, 6.6, 5.7, 3.4, 9.7, 9.9, 9.6, 9.0,10.1, 5.3, 6.9, 6.8, 7.2
82, 8, 6.2, 6.8, 6.6, 6.0, 3.9, 8.9, 9.4, 9.3, 8.9, 9.5, 5.0, 6.5, 6.8, 7.0
82, 9, 4.3, 5.3, 5.4, 5.2, 3.9, 6.1, 6.9, 6.9, 6.7, 6.9, 3.4, 3.9, 4.6, 4.6
82,10, 2.8, 3.9, 4.1, 4.1, 3.5, 3.9, 4.7, 4.9, 4.9, 5.0, 2.6, 2.4, 3.2, 3.2
82,11, 1.5, 2.1, 2.3, 2.4, 2.1, 1.9, 2.4, 2.6, 2.6, 2.6, 1.3, 0.9, 1.4, 1.5
82,12, 1.0, 1.5, 1.6, 1.7, 1.6, 1.2, 1.6, 1.8, 1.8, 1.8, 0.9, 0.5, 0.9, 1.0
83, 1, 1.1, 1.6, 1.7, 1.8, 1.6, 1.3, 1.7, 1.8, 1.9, 1.9, 0.9, 0.5, 0.9, 1.0
83, 2, 1.9, 2.5, 2.6, 2.6, 2.2, 2.3, 2.7, 2.9, 2.9, 2.9, 1.2, 0.9, 1.4, 1.4
83, 3, 3.1, 3.9, 3.9, 3.8, 3.0, 4.0, 4.6, 4.7, 4.6, 4.7, 2.0, 2.1, 2.6, 2.6
83, 4, 5.3, 6.0, 5.9, 5.4, 3.8, 7.1, 7.7, 7.7, 7.3, 7.8, 3.6, 4.5, 4.9, 4.9
83, 5, 6.5, 6.7, 6.2, 5.5, 3.4, 8.7, 9.0, 8.8, 8.3, 9.2, 4.5, 5.9, 5.8, 6.2
83, 6, 6.4, 6.4, 5.9, 5.1, 3.0, 8.5, 8.6, 8.2, 7.7, 8.8, 3.9, 5.2, 4.9, 5.4
83, 7, 6.7, 6.7, 6.3, 5.4, 3.3, 8.9, 9.1, 8.8, 8.2, 9.3, 4.6, 5.9, 5.8, 6.2
83, 8, 5.7, 6.2, 6.0, 5.4, 3.6, 7.9, 8.3, 8.2, 7.8, 8.4, 4.1, 5.3, 5.5, 5.7
83, 9, 4.8, 6.2, 6.3, 6.1, 4.6, 7.3, 8.3, 8.4, 8.2, 8.4, 4.6, 5.4, 6.3, 6.3
83,10, 3.0, 4.3, 4.6, 4.6, 3.9, 4.3, 5.3, 5.5, 5.5, 5.6, 3.1, 2.8, 3.8, 3.8
83,11, 1.4, 1.9, 2.0, 2.1, 1.8, 1.7, 2.1, 2.2, 2.3, 2.3, 1.0, 0.7, 1.1, 1.1
83,12, 1.1, 1.5, 1.7, 1.7, 1.6, 1.3, 1.7, 1.8, 1.9, 1.9, 0.7, 0.4, 0.7, 0.8
84, 1, 1.4, 2.1, 2.4, 2.5, 2.3, 1.9, 2.5, 2.7, 2.8, 2.8, 1.5, 1.0, 1.6, 1.7
84, 2, 2.0, 2.8, 3.0, 3.0, 2.5, 2.6, 3.2, 3.3, 3.3, 3.4, 1.5, 1.3, 1.8, 1.9
84, 3, 3.2, 4.0, 4.1, 4.0, 3.2, 4.3, 4.9, 5.0, 4.9, 5.0, 2.2, 2.3, 2.9, 3.0
84, 4, 4.6, 5.1, 4.9, 4.6, 3.2, 6.1, 6.5, 6.4, 6.2, 6.6, 2.7, 3.5, 3.8, 3.9
84, 5, 5.8, 5.9, 5.5, 4.9, 3.1, 7.6, 7.8, 7.5, 7.1, 7.9, 3.5, 4.6, 4.5, 4.8
84, 6, 6.6, 6.4, 5.9, 5.1, 3.0, 8.8, 8.9, 8.6, 8.0, 9.1, 4.5, 6.0, 5.7, 6.2
84, 7, 7.6, 7.7, 7.1, 6.1, 3.5,11.0,11.2,10.8,10.2,11.4, 6.4, 8.5, 8.3, 8.9
84, 8, 6.6, 7.4, 7.1, 6.5, 4.2, 9.7,10.4,10.2, 9.7,10.4, 5.9, 7.6, 8.0, 8.2
84, 9, 4.5, 5.7, 5.7, 5.5, 4.2, 6.5, 7.4, 7.5, 7.3, 7.5, 3.9, 4.6, 5.3, 5.3
84,10, 2.9, 4.1, 4.4, 4.4, 3.8, 4.2, 5.1, 5.3, 5.3, 5.4, 2.9, 2.6, 3.6, 3.6
84,11, 1.4, 2.1, 2.3, 2.3, 2.1, 1.9, 2.4, 2.5, 2.6, 2.6, 1.3, 0.9, 1.4, 1.5
84,12, 1.1, 1.8, 2.0, 2.1, 2.0, 1.5, 2.0, 2.2, 2.3, 2.3, 1.1, 0.6, 1.1, 1.3
85, 1, 1.2, 1.5, 1.5, 1.5, 1.3, 1.3, 1.5, 1.5, 1.5, 1.5, 0.4, 0.3, 0.4, 0.4
85, 2, 2.4, 3.6, 3.9, 4.0, 3.6, 3.5, 4.3, 4.6, 4.7, 4.7, 2.3, 2.0, 2.8, 2.9
85, 3, 3.7, 4.9, 5.1, 5.0, 4.1, 5.4, 6.3, 6.5, 6.4, 6.5, 3.5, 3.7, 4.6, 4.6
85, 4, 5.3, 6.1, 6.0, 5.5, 3.9, 7.5, 8.1, 8.1, 7.8, 8.2, 4.0, 5.1, 5.6, 5.6
85, 5, 6.3, 6.6, 6.2, 5.4, 3.4, 8.6, 8.9, 8.7, 8.2, 9.0, 4.5, 5.8, 5.8, 6.1
85, 6, 7.5, 7.3, 6.7, 5.7, 3.3,10.5,10.6,10.2, 9.6,10.9, 5.9, 7.9, 7.5, 8.2
85, 7, 7.6, 7.6, 7.1, 6.1, 3.5,11.0,11.2,10.8,10.2,11.4, 6.3, 8.5, 8.2, 8.9
85, 8, 6.2, 6.8, 6.6, 6.0, 4.0, 8.9, 9.5, 9.4, 8.9, 9.6, 5.0, 6.6, 6.9, 7.1
85, 9, 4.3, 5.4, 5.5, 5.3, 4.1, 6.1, 7.0, 7.1, 6.9, 7.1, 3.6, 4.2, 4.9, 5.0
85,10, 2.8, 3.9, 4.1, 4.1, 3.5, 3.9, 4.8, 5.0, 5.0, 5.0, 2.7, 2.5, 3.4, 3.4
85,11, 1.6, 2.5, 2.7, 2.8, 2.7, 2.3, 2.9, 3.1, 3.2, 3.2, 1.5, 1.1, 1.7, 1.8
85,12, 1.2, 1.6, 1.8, 1.8, 1.8, 1.5, 1.8, 1.9, 2.0, 2.0, 0.5, 0.3, 0.5, 0.5
86, 1, 1.4, 2.0, 2.2, 2.2, 2.1, 1.7, 2.2, 2.3, 2.4, 2.5, 1.0, 0.6, 1.1, 1.2
86, 2, 2.0, 2.5, 2.7, 2.7, 2.3, 2.4, 2.9, 3.0, 3.0, 3.0, 1.1, 0.9, 1.4, 1.4
86, 3, 3.4, 4.3, 4.4, 4.3, 3.4, 4.7, 5.4, 5.5, 5.4, 5.5, 2.5, 2.7, 3.3, 3.3
86, 4, 5.1, 5.8, 5.7, 5.3, 3.7, 7.2, 7.8, 7.8, 7.5, 7.9, 3.7, 4.8, 5.2, 5.3
86, 5, 6.2, 6.3, 5.9, 5.2, 3.2, 8.4, 8.6, 8.3, 7.8, 8.7, 4.2, 5.6, 5.5, 5.8
86, 6, 7.5, 7.4, 6.8, 5.8, 3.3,10.3,10.4,10.0, 9.4,10.7, 5.8, 7.6, 7.3, 7.9
86, 7, 7.1, 7.1, 6.6, 5.7, 3.3, 9.9,10.2, 9.8, 9.2,10.4, 5.6, 7.4, 7.2, 7.8
86, 8, 6.6, 7.3, 7.0, 6.3, 4.1, 9.8,10.4,10.2, 9.8,10.5, 5.8, 7.7, 8.0, 8.2
86, 9, 4.3, 5.3, 5.4, 5.1, 3.8, 6.2, 7.0, 7.0, 6.8, 7.0, 3.5, 4.2, 4.8, 4.8
86,10, 3.6, 5.5, 6.0, 6.1, 5.2, 5.8, 7.3, 7.6, 7.7, 7.7, 4.9, 4.7, 6.2, 6.3
86,11, 1.5, 2.1, 2.3, 2.3, 2.1, 1.9, 2.4, 2.5, 2.6, 2.6, 1.2, 0.9, 1.4, 1.5
86,12, 1.0, 1.4, 1.4, 1.4, 1.3, 1.2, 1.4, 1.5, 1.5, 1.5, 0.5, 0.3, 0.5, 0.5
87, 1, 1.4, 2.2, 2.5, 2.6, 2.5, 2.0, 2.5, 2.8, 2.9, 2.9, 1.4, 0.9, 1.5, 1.6
87, 2, 2.2, 3.2, 3.5, 3.5, 3.1, 3.0, 3.8, 4.0, 4.1, 4.1, 2.2, 1.7, 2.5, 2.6
87, 3, 3.5, 4.3, 4.3, 4.2, 3.3, 4.8, 5.4, 5.5, 5.3, 5.5, 2.5, 2.8, 3.4, 3.4
87, 4, 5.2, 6.0, 5.9, 5.4, 3.8, 7.3, 7.9, 7.8, 7.5, 7.9, 3.8, 4.8, 5.2, 5.3
87, 5, 6.3, 6.6, 6.2, 5.4, 3.4, 8.8, 9.1, 8.8, 8.3, 9.2, 4.5, 6.0, 6.0, 6.3
87, 6, 7.2, 7.1, 6.5, 5.5, 3.2,10.0,10.1, 9.7, 9.1,10.4, 5.3, 7.1, 6.8, 7.4
87, 7, 6.7, 6.7, 6.2, 5.4, 3.2, 9.1, 9.3, 9.0, 8.4, 9.5, 4.8, 6.4, 6.3, 6.7
87, 8, 6.7, 7.4, 7.2, 6.5, 4.2,10.1,10.8,10.6,10.2,10.9, 6.1, 8.1, 8.4, 8.7
87, 9, 5.4, 7.0, 7.2, 6.9, 5.3, 8.6, 9.8, 9.9, 9.7, 9.9, 5.8, 7.0, 8.1, 8.1
87,10, 3.6, 5.6, 6.1, 6.2, 5.3, 5.9, 7.4, 7.8, 7.8, 7.8, 5.0, 4.7, 6.3, 6.4
87,11, 1.6, 2.6, 2.8, 3.0, 2.7, 2.3, 3.0, 3.3, 3.3, 3.4, 1.9, 1.3, 2.1, 2.2
87,12, 1.1, 1.6, 1.7, 1.8, 1.6, 1.4, 1.7, 1.9, 1.9, 1.9, 0.8, 0.5, 0.9, 0.9
88, 1, 1.4, 2.0, 2.3, 2.3, 2.2, 1.8, 2.3, 2.5, 2.5, 2.6, 1.2, 0.7, 1.3, 1.4
88, 2, 2.7, 4.3, 4.8, 4.9, 4.4, 4.2, 5.4, 5.8, 5.9, 5.9, 3.5, 3.0, 4.2, 4.3
88, 3, 3.7, 4.7, 4.9, 4.8, 3.8, 5.3, 6.1, 6.2, 6.2, 6.3, 3.1, 3.4, 4.3, 4.3
88, 4, 4.8, 5.5, 5.3, 4.9, 3.5, 6.6, 7.2, 7.1, 6.8, 7.2, 3.4, 4.3, 4.7, 4.8
88, 5, 6.3, 6.4, 6.1, 5.3, 3.3, 8.5, 8.8, 8.5, 8.0, 8.9, 4.3, 5.7, 5.7, 6.0
88, 6, 6.7, 6.5, 6.0, 5.1, 3.0, 9.1, 9.2, 8.8, 8.3, 9.5, 4.8, 6.4, 6.1, 6.6
88, 7, 7.4, 7.5, 6.9, 6.0, 3.5,10.6,10.8,10.5, 9.9,11.0, 6.1, 8.1, 7.9, 8.5
88, 8, 6.8, 7.6, 7.3, 6.7, 4.3,10.4,11.1,11.0,10.5,11.2, 6.3, 8.4, 8.8, 9.1
88, 9, 5.1, 6.5, 6.6, 6.3, 4.8, 7.8, 8.9, 9.0, 8.8, 9.0, 5.2, 6.2, 7.2, 7.2
88,10, 3.4, 5.1, 5.5, 5.6, 4.8, 5.3, 6.6, 6.9, 7.0, 7.0, 4.3, 4.0, 5.4, 5.4
88,11, 1.5, 2.4, 2.7, 2.8, 2.5, 2.2, 2.8, 3.0, 3.1, 3.2, 1.7, 1.2, 1.9, 2.0
88,12, 1.2, 1.9, 2.1, 2.3, 2.1, 1.6, 2.2, 2.4, 2.5, 2.5, 1.3, 0.8, 1.4, 1.5
89, 1, 1.4, 2.2, 2.4, 2.5, 2.3, 1.8, 2.5, 2.7, 2.8, 2.8, 1.5, 0.9, 1.6, 1.7
89, 2, 2.4, 3.6, 3.9, 4.1, 3.7, 3.5, 4.4, 4.7, 4.8, 4.8, 2.5, 2.1, 3.0, 3.1
89, 3, 3.3, 4.1, 4.1, 4.0, 3.2, 4.3, 5.0, 5.0, 4.9, 5.1, 2.2, 2.4, 2.9, 2.9
89, 4, 4.9, 5.6, 5.5, 5.1, 3.6, 6.8, 7.3, 7.3, 7.0, 7.4, 3.5, 4.4, 4.8, 4.9
89, 5, 6.1, 6.2, 5.8, 5.2, 3.2, 8.4, 8.6, 8.4, 7.9, 8.8, 4.1, 5.5, 5.5, 5.8
89, 6, 7.3, 7.2, 6.6, 5.6, 3.2,10.3,10.4,10.0, 9.4,10.7, 5.7, 7.7, 7.3, 8.0
89, 7, 7.5, 7.5, 7.0, 6.0, 3.5,10.9,11.1,10.8,10.1,11.4, 6.3, 8.6, 8.3, 8.9
89, 8, 6.1, 6.7, 6.4, 5.8, 3.8, 8.7, 9.3, 9.1, 8.7, 9.3, 4.9, 6.4, 6.7, 6.9
89, 9, 5.1, 6.5, 6.6, 6.3, 4.8, 7.9, 9.0, 9.1, 8.9, 9.1, 5.2, 6.4, 7.4, 7.4
89,10, 3.0, 4.4, 4.7, 4.7, 4.0, 4.5, 5.5, 5.8, 5.8, 5.8, 3.2, 3.0, 4.1, 4.1
89,11, 1.6, 2.6, 2.8, 3.0, 2.7, 2.3, 3.0, 3.3, 3.4, 3.4, 1.9, 1.3, 2.1, 2.2
89,12, 1.2, 1.9, 2.2, 2.3, 2.1, 1.6, 2.2, 2.4, 2.5, 2.5, 1.2, 0.7, 1.3, 1.4
90, 1, 1.2, 1.7, 1.9, 1.9, 1.7, 1.5, 1.9, 2.0, 2.1, 2.1, 0.9, 0.6, 0.9, 1.0
90, 2, 2.2, 3.1, 3.3, 3.3, 2.9, 3.0, 3.7, 3.9, 3.9, 3.9, 2.0, 1.8, 2.5, 2.5
90, 3, 4.0, 5.3, 5.5, 5.4, 4.3, 6.0, 7.0, 7.2, 7.1, 7.2, 3.8, 4.3, 5.2, 5.2
90, 4, 5.2, 6.0, 5.9, 5.5, 3.9, 7.4, 8.1, 8.0, 7.7, 8.1, 4.0, 5.1, 5.6, 5.7
90, 5, 5.9, 6.2, 5.8, 5.1, 3.2, 7.8, 8.1, 7.9, 7.4, 8.2, 3.9, 5.1, 5.1, 5.3
90, 6, 6.9, 6.8, 6.3, 5.4, 3.1, 9.4, 9.5, 9.1, 8.6, 9.8, 4.9, 6.5, 6.2, 6.8
90, 7, 7.4, 7.4, 6.8, 5.9, 3.4,10.6,10.8,10.4, 9.8,11.0, 6.1, 8.2, 8.0, 8.5
90, 8, 6.1, 6.6, 6.3, 5.7, 3.7, 8.7, 9.2, 9.0, 8.6, 9.3, 4.9, 6.4, 6.7, 6.9
90, 9, 5.5, 7.1, 7.2, 7.0, 5.3, 8.8,10.0,10.2,10.0,10.2, 6.0, 7.3, 8.5, 8.6
90,10, 2.8, 4.1, 4.4, 4.4, 3.7, 4.1, 5.1, 5.3, 5.3, 5.3, 3.0, 2.7, 3.7, 3.7
90,11, 1.6, 2.4, 2.6, 2.7, 2.5, 2.2, 2.8, 3.0, 3.1, 3.1, 1.6, 1.1, 1.8, 1.9
90,12, 1.2, 2.0, 2.3, 2.5, 2.4, 1.8, 2.4, 2.6, 2.7, 2.8, 1.5, 0.9, 1.5, 1.7
