"City:    ","EUGENE                "
"State:   ","OR"
"WBAN No: ", 24221
"Lat(N):  ", 44.12
"Long(W): ",123.22
"Elev(m): ",   109
"Pres(mb):",  1004
"Stn Type:","Primary"
"MONTHLY SOLAR RADIATION (kWh/m2/day)"
"COLUMN A: Year"
"COLUMN B: Month"
"COLUMN C: Flat-Plate Collector Facing South at Fixed Tilt=0"
"COLUMN D: Flat-Plate Collector Facing South at Fixed Tilt=Lat-15"
"COLUMN E: Flat-Plate Collector Facing South at Fixed Tilt=Lat"
"COLUMN F: Flat-Plate Collector Facing South at Fixed Tilt=Lat+15"
"COLUMN G: Flat-Plate Collector Facing South at Fixed Tilt=90"
"COLUMN H: 1-Axis Tracking Flat-Plate Collector with North-South Axis, Axis Tilt=0"
"COLUMN I: 1-Axis Tracking Flat-Plate Collector with North-South Axis, Axis Tilt=Lat-15"
"COLUMN J: 1-Axis Tracking Flat-Plate Collector with North-South Axis, Axis Tilt=Lat"
"COLUMN K: 1-Axis Tracking Flat-Plate Collector with North-South Axis, Axis Tilt=Lat+15"
"COLUMN L: 2-Axis Tracking Flat-Plate Collector"
"COLUMN M: 1-Axis Tracking Concentrating Collector with East-West Horizontal Axis"
"COLUMN N: 1-Axis Tracking Concentrating Collector with North-South Horizontal Axis"
"COLUMN O: 1-Axis Tracking Concentrating Collector with North-South Axis, Axis Tilt=Lat"
"COLUMN P: 2-Axis Tracking Concentrating Collector"
"COL A","COL B","COL C","COL D","COL E","COL F","COL G","COL H","COL I","COL J","COL K","COL L","COL M","COL N","COL O","COL P"
61, 1, 1.4, 2.1, 2.3, 2.4, 2.2, 1.9, 2.4, 2.6, 2.6, 2.7, 1.4, 0.9, 1.5, 1.6
61, 2, 1.7, 1.9, 1.9, 1.8, 1.5, 1.8, 2.0, 2.0, 2.0, 2.0, 0.5, 0.4, 0.6, 0.6
61, 3, 2.7, 3.0, 2.9, 2.8, 2.1, 3.1, 3.4, 3.4, 3.3, 3.4, 1.1, 1.3, 1.5, 1.5
61, 4, 4.4, 4.8, 4.7, 4.3, 3.0, 5.5, 5.9, 5.8, 5.6, 5.9, 2.4, 3.0, 3.3, 3.3
61, 5, 4.9, 4.9, 4.6, 4.1, 2.5, 5.9, 6.0, 5.8, 5.4, 6.1, 2.3, 2.9, 2.9, 3.1
61, 6, 6.7, 6.5, 6.0, 5.1, 2.8, 9.1, 9.2, 8.8, 8.3, 9.4, 4.9, 6.6, 6.3, 6.8
61, 7, 7.2, 7.2, 6.6, 5.7, 3.2, 9.9,10.1, 9.8, 9.2,10.3, 5.7, 7.6, 7.3, 7.8
61, 8, 5.9, 6.3, 6.0, 5.4, 3.5, 8.1, 8.5, 8.4, 8.0, 8.6, 4.4, 5.8, 6.0, 6.2
61, 9, 4.6, 5.6, 5.7, 5.4, 4.1, 6.6, 7.4, 7.5, 7.3, 7.5, 3.8, 4.6, 5.3, 5.3
61,10, 2.8, 3.7, 3.9, 3.9, 3.2, 3.8, 4.6, 4.7, 4.7, 4.7, 2.4, 2.3, 3.1, 3.1
61,11, 1.7, 2.5, 2.7, 2.8, 2.5, 2.3, 2.9, 3.0, 3.1, 3.1, 1.6, 1.2, 1.8, 1.9
61,12, 1.1, 1.5, 1.6, 1.6, 1.5, 1.2, 1.6, 1.7, 1.7, 1.8, 0.8, 0.5, 0.8, 0.9
62, 1, 1.6, 2.5, 2.9, 3.0, 2.8, 2.3, 3.0, 3.3, 3.4, 3.4, 1.9, 1.3, 2.1, 2.3
62, 2, 1.9, 2.4, 2.5, 2.5, 2.1, 2.4, 2.8, 2.9, 2.9, 2.9, 1.3, 1.1, 1.6, 1.6
62, 3, 3.1, 3.7, 3.7, 3.6, 2.8, 3.9, 4.4, 4.4, 4.3, 4.4, 2.0, 2.1, 2.6, 2.6
62, 4, 4.6, 5.0, 4.9, 4.5, 3.1, 5.9, 6.3, 6.2, 5.9, 6.3, 2.7, 3.4, 3.7, 3.7
62, 5, 4.6, 4.5, 4.2, 3.8, 2.4, 5.4, 5.5, 5.3, 4.9, 5.5, 1.9, 2.4, 2.4, 2.5
62, 6, 6.9, 6.7, 6.1, 5.3, 2.9, 9.3, 9.4, 9.0, 8.4, 9.6, 4.9, 6.5, 6.2, 6.7
62, 7, 7.3, 7.3, 6.7, 5.8, 3.3,10.4,10.5,10.2, 9.6,10.8, 5.8, 7.8, 7.6, 8.1
62, 8, 5.5, 5.9, 5.7, 5.2, 3.4, 7.5, 8.0, 7.8, 7.4, 8.0, 3.9, 5.1, 5.4, 5.5
62, 9, 4.6, 5.5, 5.6, 5.3, 3.9, 6.5, 7.2, 7.3, 7.1, 7.3, 3.8, 4.5, 5.2, 5.2
62,10, 2.4, 3.0, 3.1, 3.1, 2.5, 3.1, 3.5, 3.6, 3.6, 3.6, 1.5, 1.5, 1.9, 2.0
62,11, 1.4, 1.9, 2.0, 2.0, 1.8, 1.8, 2.1, 2.2, 2.2, 2.2, 1.0, 0.7, 1.1, 1.1
62,12, 1.1, 1.6, 1.7, 1.7, 1.6, 1.4, 1.7, 1.8, 1.9, 1.9, 0.8, 0.5, 0.9, 0.9
63, 1, 1.6, 2.5, 2.8, 3.0, 2.8, 2.3, 3.0, 3.3, 3.4, 3.4, 2.0, 1.3, 2.1, 2.3
63, 2, 1.8, 2.2, 2.3, 2.3, 1.9, 2.2, 2.5, 2.6, 2.5, 2.6, 1.0, 0.9, 1.2, 1.2
63, 3, 2.9, 3.5, 3.6, 3.5, 2.8, 3.8, 4.3, 4.3, 4.3, 4.4, 1.8, 2.0, 2.5, 2.5
63, 4, 3.5, 3.6, 3.5, 3.2, 2.2, 3.9, 4.1, 4.0, 3.8, 4.1, 1.2, 1.5, 1.6, 1.6
63, 5, 5.8, 5.8, 5.4, 4.8, 2.8, 7.6, 7.8, 7.6, 7.1, 7.9, 3.8, 5.0, 4.9, 5.3
63, 6, 5.6, 5.4, 4.9, 4.3, 2.5, 7.0, 6.9, 6.7, 6.2, 7.1, 2.9, 3.9, 3.7, 4.0
63, 7, 6.0, 6.0, 5.5, 4.8, 2.9, 7.8, 7.9, 7.6, 7.1, 8.0, 3.5, 4.7, 4.6, 4.9
63, 8, 5.8, 6.2, 5.9, 5.3, 3.4, 8.0, 8.4, 8.3, 7.9, 8.5, 4.3, 5.7, 5.8, 6.0
63, 9, 4.4, 5.3, 5.3, 5.1, 3.8, 6.1, 6.8, 6.9, 6.7, 6.9, 3.5, 4.2, 4.8, 4.8
63,10, 2.4, 3.0, 3.1, 3.1, 2.5, 2.9, 3.4, 3.5, 3.5, 3.6, 1.6, 1.4, 1.9, 1.9
63,11, 1.3, 1.6, 1.7, 1.7, 1.5, 1.5, 1.8, 1.9, 1.9, 1.9, 0.7, 0.5, 0.8, 0.9
63,12, 1.1, 1.5, 1.6, 1.6, 1.4, 1.3, 1.6, 1.7, 1.7, 1.7, 0.7, 0.4, 0.7, 0.8
64, 1, 1.1, 1.5, 1.5, 1.5, 1.4, 1.3, 1.5, 1.6, 1.6, 1.7, 0.6, 0.4, 0.7, 0.7
64, 2, 2.3, 3.2, 3.5, 3.5, 3.0, 3.2, 3.9, 4.1, 4.2, 4.2, 2.2, 1.9, 2.7, 2.7
64, 3, 2.8, 3.2, 3.2, 3.1, 2.4, 3.5, 3.8, 3.8, 3.7, 3.8, 1.3, 1.5, 1.8, 1.8
64, 4, 4.4, 4.8, 4.7, 4.3, 3.0, 5.7, 6.1, 6.0, 5.7, 6.1, 2.6, 3.3, 3.5, 3.6
64, 5, 5.2, 5.2, 4.9, 4.3, 2.7, 6.4, 6.6, 6.3, 5.9, 6.7, 2.6, 3.4, 3.3, 3.5
64, 6, 5.4, 5.2, 4.8, 4.1, 2.5, 6.5, 6.5, 6.2, 5.8, 6.7, 2.5, 3.3, 3.1, 3.4
64, 7, 6.2, 6.2, 5.7, 5.0, 2.9, 8.2, 8.3, 8.0, 7.5, 8.5, 4.0, 5.3, 5.1, 5.5
64, 8, 5.4, 5.8, 5.6, 5.0, 3.3, 7.2, 7.6, 7.4, 7.0, 7.6, 3.6, 4.6, 4.8, 4.9
64, 9, 4.4, 5.4, 5.5, 5.2, 3.9, 6.2, 7.0, 7.1, 6.9, 7.1, 3.7, 4.3, 4.9, 5.0
64,10, 2.8, 3.8, 4.0, 4.0, 3.3, 3.8, 4.6, 4.8, 4.8, 4.8, 2.6, 2.4, 3.2, 3.3
64,11, 1.3, 1.6, 1.6, 1.6, 1.4, 1.5, 1.7, 1.8, 1.8, 1.8, 0.6, 0.5, 0.8, 0.8
64,12, 1.0, 1.2, 1.3, 1.3, 1.2, 1.1, 1.3, 1.4, 1.4, 1.4, 0.5, 0.3, 0.5, 0.6
65, 1, 1.2, 1.5, 1.5, 1.5, 1.3, 1.3, 1.5, 1.6, 1.6, 1.6, 0.4, 0.3, 0.4, 0.5
65, 2, 2.2, 2.9, 3.1, 3.1, 2.6, 2.8, 3.4, 3.5, 3.5, 3.6, 1.7, 1.4, 2.0, 2.0
65, 3, 4.0, 5.2, 5.4, 5.4, 4.3, 5.7, 6.6, 6.8, 6.7, 6.8, 3.6, 3.7, 4.7, 4.7
65, 4, 4.2, 4.5, 4.4, 4.0, 2.8, 5.1, 5.4, 5.3, 5.0, 5.4, 1.9, 2.3, 2.6, 2.6
65, 5, 5.9, 5.9, 5.6, 4.9, 3.0, 7.9, 8.1, 7.8, 7.4, 8.2, 3.6, 4.9, 4.8, 5.1
65, 6, 6.5, 6.3, 5.8, 5.0, 2.9, 8.4, 8.4, 8.1, 7.6, 8.6, 4.1, 5.3, 5.1, 5.5
65, 7, 7.2, 7.1, 6.6, 5.7, 3.2,10.0,10.1, 9.8, 9.2,10.4, 5.5, 7.4, 7.2, 7.7
65, 8, 5.5, 5.9, 5.7, 5.1, 3.3, 7.4, 7.8, 7.6, 7.3, 7.8, 3.6, 4.8, 4.9, 5.1
65, 9, 4.9, 6.1, 6.2, 5.9, 4.4, 7.1, 8.0, 8.1, 7.9, 8.1, 4.4, 5.2, 6.0, 6.0
65,10, 2.7, 3.5, 3.7, 3.7, 3.0, 3.6, 4.2, 4.4, 4.3, 4.4, 2.0, 1.9, 2.6, 2.6
65,11, 1.5, 1.9, 2.0, 2.0, 1.7, 1.7, 2.0, 2.1, 2.1, 2.1, 0.8, 0.6, 0.9, 0.9
65,12, 1.1, 1.5, 1.5, 1.5, 1.4, 1.3, 1.5, 1.6, 1.6, 1.6, 0.6, 0.3, 0.6, 0.6
66, 1, 1.3, 1.6, 1.6, 1.6, 1.4, 1.4, 1.7, 1.7, 1.8, 1.8, 0.6, 0.4, 0.6, 0.7
66, 2, 2.1, 2.7, 2.8, 2.8, 2.4, 2.5, 3.0, 3.1, 3.2, 3.2, 1.4, 1.1, 1.6, 1.6
66, 3, 3.1, 3.6, 3.6, 3.4, 2.6, 3.8, 4.2, 4.2, 4.1, 4.3, 1.6, 1.8, 2.2, 2.2
66, 4, 5.0, 5.6, 5.5, 5.1, 3.5, 6.8, 7.3, 7.2, 6.9, 7.3, 3.3, 4.2, 4.6, 4.7
66, 5, 6.2, 6.3, 5.9, 5.2, 3.1, 8.2, 8.4, 8.2, 7.7, 8.6, 3.9, 5.2, 5.2, 5.4
66, 6, 6.7, 6.6, 6.0, 5.2, 3.0, 8.6, 8.6, 8.3, 7.7, 8.9, 4.2, 5.4, 5.1, 5.6
66, 7, 6.7, 6.7, 6.2, 5.4, 3.1, 9.1, 9.3, 8.9, 8.4, 9.4, 4.8, 6.3, 6.2, 6.6
66, 8, 6.1, 6.5, 6.2, 5.6, 3.5, 8.7, 9.1, 8.9, 8.5, 9.2, 4.6, 6.2, 6.3, 6.5
66, 9, 4.5, 5.4, 5.5, 5.2, 3.9, 6.2, 6.9, 7.0, 6.8, 7.0, 3.6, 4.1, 4.8, 4.8
66,10, 2.9, 3.8, 4.0, 4.0, 3.3, 3.9, 4.6, 4.8, 4.8, 4.8, 2.5, 2.4, 3.1, 3.1
66,11, 1.5, 2.1, 2.2, 2.2, 2.0, 1.9, 2.3, 2.4, 2.5, 2.5, 1.1, 0.8, 1.2, 1.2
66,12, 1.1, 1.4, 1.4, 1.5, 1.3, 1.2, 1.4, 1.5, 1.5, 1.5, 0.5, 0.3, 0.5, 0.5
67, 1, 1.2, 1.5, 1.5, 1.5, 1.3, 1.3, 1.5, 1.6, 1.6, 1.6, 0.4, 0.3, 0.5, 0.5
67, 2, 2.3, 3.1, 3.3, 3.3, 2.8, 2.9, 3.5, 3.7, 3.7, 3.8, 1.8, 1.5, 2.1, 2.2
67, 3, 3.0, 3.6, 3.7, 3.5, 2.8, 3.7, 4.2, 4.2, 4.1, 4.3, 1.6, 1.6, 2.1, 2.1
67, 4, 4.4, 4.8, 4.7, 4.3, 3.0, 5.5, 5.9, 5.8, 5.5, 5.9, 2.3, 2.9, 3.1, 3.2
67, 5, 6.0, 6.2, 5.8, 5.1, 3.1, 8.1, 8.3, 8.1, 7.6, 8.4, 3.8, 5.2, 5.1, 5.4
67, 6, 6.6, 6.4, 5.9, 5.1, 2.8, 8.8, 8.8, 8.4, 7.9, 9.0, 4.3, 5.8, 5.5, 6.0
67, 7, 7.4, 7.4, 6.8, 5.9, 3.3,10.5,10.6,10.3, 9.7,10.9, 6.0, 8.0, 7.7, 8.3
67, 8, 6.3, 6.8, 6.6, 5.9, 3.8, 9.0, 9.5, 9.4, 8.9, 9.6, 4.8, 6.5, 6.7, 6.9
67, 9, 5.0, 6.2, 6.3, 6.1, 4.5, 7.4, 8.4, 8.5, 8.3, 8.5, 4.7, 5.6, 6.4, 6.5
67,10, 2.8, 3.8, 4.0, 4.0, 3.3, 3.8, 4.5, 4.7, 4.7, 4.7, 2.3, 2.1, 2.9, 2.9
67,11, 1.6, 2.3, 2.5, 2.5, 2.2, 2.1, 2.6, 2.7, 2.8, 2.8, 1.3, 0.9, 1.4, 1.5
67,12, 1.2, 1.6, 1.7, 1.7, 1.6, 1.4, 1.7, 1.8, 1.9, 1.9, 0.8, 0.5, 0.8, 0.9
68, 1, 1.3, 1.8, 1.9, 1.9, 1.7, 1.5, 1.9, 2.0, 2.0, 2.1, 0.8, 0.5, 0.9, 0.9
68, 2, 2.4, 3.3, 3.6, 3.7, 3.2, 3.4, 4.1, 4.3, 4.3, 4.4, 2.3, 2.0, 2.8, 2.8
68, 3, 3.3, 3.8, 3.9, 3.7, 2.9, 4.1, 4.5, 4.6, 4.5, 4.6, 1.8, 1.9, 2.4, 2.4
68, 4, 4.9, 5.3, 5.2, 4.8, 3.3, 6.4, 6.8, 6.8, 6.5, 6.9, 2.9, 3.7, 4.0, 4.1
68, 5, 5.4, 5.5, 5.1, 4.5, 2.8, 6.9, 7.1, 6.9, 6.5, 7.2, 2.9, 3.9, 3.9, 4.1
68, 6, 6.2, 6.0, 5.5, 4.7, 2.7, 8.1, 8.1, 7.8, 7.3, 8.4, 3.7, 5.0, 4.8, 5.2
68, 7, 7.0, 7.0, 6.5, 5.6, 3.2, 9.8, 9.9, 9.6, 9.0,10.1, 5.3, 7.1, 6.9, 7.4
68, 8, 5.0, 5.3, 5.1, 4.6, 3.0, 6.4, 6.7, 6.5, 6.2, 6.7, 2.9, 3.7, 3.8, 4.0
68, 9, 4.3, 5.3, 5.3, 5.1, 3.8, 5.9, 6.6, 6.7, 6.5, 6.7, 3.4, 3.8, 4.4, 4.4
68,10, 2.6, 3.3, 3.5, 3.4, 2.8, 3.3, 3.9, 4.0, 4.0, 4.0, 1.8, 1.6, 2.2, 2.2
68,11, 1.5, 1.9, 2.0, 2.0, 1.7, 1.7, 2.0, 2.1, 2.1, 2.1, 0.8, 0.6, 0.9, 0.9
68,12, 1.0, 1.1, 1.1, 1.1, 0.9, 1.0, 1.1, 1.1, 1.1, 1.1, 0.2, 0.1, 0.2, 0.2
69, 1, 1.3, 1.6, 1.7, 1.8, 1.6, 1.5, 1.8, 1.9, 1.9, 1.9, 0.4, 0.3, 0.5, 0.5
69, 2, 2.0, 2.5, 2.6, 2.6, 2.2, 2.3, 2.7, 2.8, 2.8, 2.8, 0.8, 0.6, 1.0, 1.0
69, 3, 4.0, 5.0, 5.2, 5.1, 4.0, 5.7, 6.5, 6.7, 6.6, 6.7, 3.4, 3.8, 4.6, 4.6
69, 4, 4.3, 4.7, 4.5, 4.1, 2.8, 5.4, 5.7, 5.6, 5.4, 5.8, 2.1, 2.7, 2.8, 2.9
69, 5, 5.9, 6.0, 5.6, 5.0, 3.0, 7.7, 7.9, 7.6, 7.2, 8.0, 3.6, 4.8, 4.7, 5.0
69, 6, 5.5, 5.3, 4.9, 4.3, 2.5, 6.6, 6.6, 6.3, 5.9, 6.8, 2.6, 3.4, 3.2, 3.5
69, 7, 6.8, 6.8, 6.3, 5.5, 3.1, 9.4, 9.6, 9.2, 8.7, 9.7, 4.9, 6.6, 6.4, 6.9
69, 8, 6.4, 7.0, 6.7, 6.1, 3.9, 9.1, 9.7, 9.5, 9.1, 9.7, 5.2, 6.8, 7.1, 7.3
69, 9, 4.3, 5.0, 5.0, 4.8, 3.5, 6.0, 6.6, 6.7, 6.4, 6.7, 3.1, 3.9, 4.4, 4.5
69,10, 2.7, 3.5, 3.7, 3.7, 3.0, 3.7, 4.3, 4.4, 4.4, 4.5, 2.2, 2.1, 2.8, 2.8
69,11, 1.6, 2.2, 2.4, 2.5, 2.2, 2.0, 2.5, 2.6, 2.7, 2.7, 1.2, 0.9, 1.3, 1.4
69,12, 1.0, 1.3, 1.4, 1.4, 1.2, 1.1, 1.4, 1.4, 1.4, 1.4, 0.4, 0.3, 0.5, 0.5
70, 1, 1.2, 1.5, 1.5, 1.5, 1.3, 1.3, 1.5, 1.6, 1.6, 1.6, 0.4, 0.3, 0.5, 0.5
70, 2, 2.4, 3.3, 3.5, 3.6, 3.1, 3.3, 4.0, 4.2, 4.2, 4.2, 2.2, 1.9, 2.7, 2.7
70, 3, 3.5, 4.3, 4.3, 4.2, 3.2, 4.7, 5.3, 5.3, 5.2, 5.3, 2.3, 2.6, 3.1, 3.1
70, 4, 4.4, 4.9, 4.7, 4.4, 3.0, 5.6, 6.0, 5.9, 5.7, 6.0, 2.4, 3.0, 3.2, 3.3
70, 5, 6.0, 6.1, 5.8, 5.1, 3.0, 7.9, 8.1, 7.8, 7.4, 8.2, 3.8, 5.0, 5.0, 5.3
70, 6, 6.3, 6.2, 5.7, 4.9, 2.8, 8.2, 8.3, 7.9, 7.4, 8.5, 4.0, 5.2, 5.0, 5.4
70, 7, 7.3, 7.3, 6.8, 5.8, 3.3,10.4,10.5,10.2, 9.6,10.8, 5.8, 7.8, 7.6, 8.1
70, 8, 6.5, 7.1, 6.8, 6.2, 3.9, 9.3, 9.9, 9.7, 9.3, 9.9, 5.4, 7.1, 7.3, 7.6
70, 9, 4.4, 5.4, 5.4, 5.2, 3.9, 6.4, 7.1, 7.2, 7.0, 7.2, 3.6, 4.4, 5.1, 5.1
70,10, 2.9, 4.0, 4.2, 4.2, 3.5, 4.1, 4.9, 5.1, 5.1, 5.1, 2.8, 2.7, 3.5, 3.5
70,11, 1.5, 1.9, 2.0, 2.0, 1.7, 1.8, 2.1, 2.1, 2.2, 2.2, 0.8, 0.6, 0.9, 0.9
70,12, 1.1, 1.3, 1.4, 1.4, 1.2, 1.1, 1.4, 1.4, 1.5, 1.5, 0.4, 0.3, 0.5, 0.5
71, 1, 1.4, 1.8, 1.9, 1.9, 1.7, 1.5, 1.9, 2.0, 2.0, 2.0, 0.7, 0.5, 0.8, 0.8
71, 2, 1.9, 2.3, 2.3, 2.3, 1.9, 2.2, 2.5, 2.5, 2.5, 2.6, 0.7, 0.6, 0.9, 0.9
71, 3, 3.1, 3.6, 3.6, 3.5, 2.7, 3.8, 4.3, 4.3, 4.2, 4.3, 1.6, 1.7, 2.1, 2.1
71, 4, 4.3, 4.7, 4.6, 4.2, 2.9, 5.5, 5.8, 5.7, 5.4, 5.8, 2.2, 2.8, 3.1, 3.1
71, 5, 5.6, 5.7, 5.3, 4.7, 2.9, 7.1, 7.2, 7.0, 6.6, 7.3, 3.1, 4.0, 4.0, 4.2
71, 6, 6.0, 5.9, 5.4, 4.7, 2.7, 7.6, 7.6, 7.3, 6.8, 7.8, 3.2, 4.2, 4.0, 4.3
71, 7, 7.0, 7.0, 6.5, 5.6, 3.2, 9.7, 9.9, 9.5, 8.9,10.1, 5.3, 7.1, 6.9, 7.4
71, 8, 6.1, 6.5, 6.3, 5.6, 3.6, 8.6, 9.1, 8.9, 8.5, 9.1, 4.7, 6.3, 6.5, 6.7
71, 9, 4.6, 5.6, 5.7, 5.4, 4.0, 6.7, 7.5, 7.6, 7.4, 7.6, 4.0, 4.9, 5.6, 5.6
71,10, 2.7, 3.5, 3.7, 3.6, 3.0, 3.7, 4.3, 4.4, 4.4, 4.4, 2.1, 2.0, 2.6, 2.7
71,11, 1.5, 2.0, 2.1, 2.1, 1.8, 1.9, 2.2, 2.3, 2.3, 2.4, 0.9, 0.7, 1.1, 1.1
71,12, 1.1, 1.5, 1.6, 1.6, 1.5, 1.3, 1.6, 1.7, 1.8, 1.8, 0.7, 0.5, 0.8, 0.8
72, 1, 1.4, 2.0, 2.2, 2.2, 2.0, 1.8, 2.3, 2.4, 2.5, 2.5, 1.1, 0.8, 1.2, 1.3
72, 2, 2.1, 2.8, 2.9, 2.9, 2.5, 2.6, 3.1, 3.2, 3.2, 3.3, 1.4, 1.1, 1.6, 1.7
72, 3, 3.2, 3.8, 3.8, 3.7, 2.8, 4.1, 4.5, 4.6, 4.4, 4.6, 1.8, 2.0, 2.4, 2.4
72, 4, 4.4, 4.7, 4.5, 4.2, 2.9, 5.4, 5.7, 5.6, 5.3, 5.7, 2.1, 2.6, 2.8, 2.8
72, 5, 6.3, 6.4, 6.1, 5.3, 3.2, 8.6, 8.9, 8.6, 8.1, 9.0, 4.4, 5.8, 5.8, 6.1
72, 6, 6.6, 6.4, 5.9, 5.1, 2.9, 8.6, 8.7, 8.3, 7.8, 8.9, 4.3, 5.6, 5.3, 5.8
72, 7, 7.4, 7.4, 6.9, 6.0, 3.3,10.4,10.6,10.3, 9.6,10.8, 6.0, 7.9, 7.7, 8.3
72, 8, 6.3, 6.8, 6.6, 6.0, 3.8, 8.9, 9.5, 9.3, 8.9, 9.5, 5.0, 6.6, 6.8, 7.1
72, 9, 4.4, 5.3, 5.4, 5.1, 3.8, 6.3, 7.0, 7.1, 6.9, 7.1, 3.5, 4.3, 4.9, 4.9
72,10, 2.9, 4.0, 4.2, 4.2, 3.5, 4.3, 5.0, 5.2, 5.2, 5.3, 2.8, 2.8, 3.6, 3.6
72,11, 1.6, 2.2, 2.4, 2.4, 2.1, 2.0, 2.5, 2.6, 2.7, 2.7, 1.2, 0.8, 1.3, 1.4
72,12, 1.3, 1.8, 2.0, 2.1, 1.9, 1.6, 2.0, 2.2, 2.3, 2.3, 0.9, 0.6, 1.0, 1.1
73, 1, 1.4, 1.8, 1.9, 2.0, 1.8, 1.6, 2.0, 2.1, 2.1, 2.1, 0.8, 0.5, 0.9, 0.9
73, 2, 2.2, 3.0, 3.1, 3.2, 2.7, 2.8, 3.4, 3.5, 3.6, 3.6, 1.6, 1.3, 1.9, 1.9
73, 3, 3.1, 3.7, 3.7, 3.5, 2.8, 3.9, 4.3, 4.3, 4.3, 4.4, 1.6, 1.7, 2.1, 2.1
73, 4, 5.2, 5.9, 5.8, 5.3, 3.7, 7.1, 7.6, 7.6, 7.3, 7.7, 3.6, 4.6, 4.9, 5.0
73, 5, 6.1, 6.2, 5.8, 5.1, 3.1, 8.1, 8.3, 8.1, 7.6, 8.5, 3.9, 5.2, 5.2, 5.4
73, 6, 6.3, 6.1, 5.6, 4.9, 2.8, 8.0, 8.0, 7.7, 7.2, 8.2, 3.6, 4.7, 4.5, 4.9
73, 7, 7.5, 7.5, 6.9, 6.0, 3.3,10.5,10.7,10.3, 9.7,10.9, 6.1, 8.1, 7.8, 8.4
73, 8, 6.1, 6.6, 6.3, 5.7, 3.6, 8.6, 9.1, 8.9, 8.5, 9.1, 4.7, 6.2, 6.4, 6.6
73, 9, 4.5, 5.4, 5.4, 5.2, 3.8, 6.2, 7.0, 7.0, 6.8, 7.0, 3.5, 4.2, 4.8, 4.8
73,10, 2.9, 3.9, 4.1, 4.1, 3.4, 3.9, 4.7, 4.9, 4.9, 4.9, 2.5, 2.3, 3.1, 3.2
73,11, 1.4, 1.6, 1.6, 1.6, 1.3, 1.5, 1.7, 1.7, 1.7, 1.7, 0.4, 0.3, 0.5, 0.5
73,12, 1.0, 1.2, 1.3, 1.3, 1.1, 1.1, 1.2, 1.3, 1.3, 1.3, 0.3, 0.2, 0.3, 0.3
74, 1, 1.5, 2.4, 2.7, 2.9, 2.7, 2.1, 2.8, 3.0, 3.2, 3.2, 2.0, 1.2, 2.1, 2.2
74, 2, 1.9, 2.5, 2.6, 2.6, 2.2, 2.3, 2.7, 2.8, 2.8, 2.9, 1.2, 0.9, 1.4, 1.4
74, 3, 3.0, 3.5, 3.6, 3.5, 2.7, 3.8, 4.3, 4.3, 4.3, 4.4, 1.9, 2.1, 2.5, 2.5
74, 4, 4.2, 4.5, 4.3, 4.0, 2.7, 5.2, 5.5, 5.4, 5.2, 5.5, 2.0, 2.5, 2.7, 2.8
74, 5, 5.4, 5.5, 5.1, 4.6, 2.8, 6.8, 6.9, 6.7, 6.3, 7.0, 2.8, 3.6, 3.6, 3.8
74, 6, 6.5, 6.4, 5.8, 5.0, 2.8, 8.7, 8.7, 8.4, 7.9, 9.0, 4.4, 5.9, 5.6, 6.1
74, 7, 6.3, 6.3, 5.9, 5.1, 3.0, 8.5, 8.6, 8.3, 7.8, 8.8, 4.3, 5.7, 5.6, 5.9
74, 8, 6.2, 6.7, 6.4, 5.8, 3.6, 8.8, 9.3, 9.1, 8.7, 9.4, 4.9, 6.5, 6.7, 7.0
74, 9, 5.2, 6.5, 6.7, 6.4, 4.8, 7.8, 8.9, 9.0, 8.8, 9.0, 5.2, 6.2, 7.2, 7.2
74,10, 3.3, 4.7, 5.1, 5.1, 4.3, 4.9, 6.0, 6.3, 6.3, 6.3, 3.7, 3.5, 4.7, 4.7
74,11, 1.4, 1.9, 2.0, 2.0, 1.7, 1.7, 2.0, 2.1, 2.2, 2.2, 0.9, 0.6, 1.0, 1.0
74,12, 1.0, 1.4, 1.5, 1.5, 1.4, 1.2, 1.5, 1.6, 1.6, 1.6, 0.7, 0.4, 0.7, 0.8
75, 1, 1.3, 1.7, 1.9, 1.9, 1.6, 1.5, 1.9, 2.0, 2.0, 2.0, 0.8, 0.5, 0.8, 0.9
75, 2, 2.0, 2.5, 2.6, 2.6, 2.1, 2.4, 2.8, 2.9, 2.9, 2.9, 1.1, 1.0, 1.4, 1.4
75, 3, 3.3, 3.9, 4.0, 3.8, 3.0, 4.2, 4.7, 4.8, 4.7, 4.8, 2.0, 2.2, 2.7, 2.7
75, 4, 4.4, 4.8, 4.6, 4.2, 2.9, 5.5, 5.8, 5.7, 5.4, 5.8, 2.2, 2.7, 2.9, 3.0
75, 5, 6.0, 6.1, 5.7, 5.0, 3.0, 7.9, 8.1, 7.8, 7.3, 8.2, 3.7, 4.9, 4.8, 5.1
75, 6, 6.2, 6.0, 5.6, 4.8, 2.8, 7.9, 7.9, 7.6, 7.1, 8.1, 3.5, 4.6, 4.4, 4.8
75, 7, 6.6, 6.6, 6.1, 5.3, 3.1, 8.8, 8.9, 8.6, 8.1, 9.1, 4.6, 6.0, 5.8, 6.2
75, 8, 5.6, 5.9, 5.7, 5.1, 3.3, 7.4, 7.8, 7.6, 7.3, 7.9, 3.8, 4.9, 5.1, 5.2
75, 9, 5.2, 6.6, 6.7, 6.5, 4.8, 7.9, 8.9, 9.1, 8.9, 9.1, 5.1, 6.1, 7.1, 7.1
75,10, 2.2, 2.6, 2.6, 2.5, 2.0, 2.6, 2.8, 2.9, 2.8, 2.9, 0.8, 0.8, 1.0, 1.1
75,11, 1.6, 2.2, 2.4, 2.4, 2.1, 2.1, 2.5, 2.7, 2.7, 2.7, 1.2, 0.9, 1.4, 1.5
75,12, 1.2, 1.6, 1.7, 1.8, 1.6, 1.4, 1.7, 1.8, 1.9, 1.9, 0.7, 0.5, 0.8, 0.9
76, 1, 1.4, 2.1, 2.3, 2.4, 2.2, 1.9, 2.4, 2.6, 2.7, 2.7, 1.4, 0.9, 1.5, 1.6
76, 2, 2.2, 3.1, 3.3, 3.3, 2.9, 3.0, 3.7, 3.8, 3.9, 3.9, 2.0, 1.7, 2.4, 2.5
76, 3, 3.2, 3.8, 3.9, 3.8, 3.0, 4.0, 4.6, 4.6, 4.5, 4.6, 1.8, 1.9, 2.4, 2.4
76, 4, 4.3, 4.7, 4.5, 4.2, 2.9, 5.5, 5.8, 5.7, 5.5, 5.8, 2.2, 2.8, 3.0, 3.0
76, 5, 6.0, 6.1, 5.7, 5.1, 3.1, 7.9, 8.1, 7.9, 7.4, 8.2, 3.9, 5.1, 5.1, 5.4
76, 6, 6.3, 6.1, 5.6, 4.8, 2.8, 8.1, 8.1, 7.8, 7.3, 8.4, 3.8, 5.1, 4.8, 5.3
76, 7, 6.7, 6.7, 6.2, 5.5, 3.2, 8.8, 9.0, 8.7, 8.1, 9.2, 4.6, 6.0, 5.8, 6.2
76, 8, 5.3, 5.7, 5.5, 5.0, 3.3, 6.7, 7.1, 7.0, 6.6, 7.2, 3.3, 4.1, 4.3, 4.4
76, 9, 4.5, 5.6, 5.6, 5.4, 4.0, 6.3, 7.2, 7.2, 7.0, 7.2, 3.8, 4.4, 5.1, 5.1
76,10, 2.9, 4.0, 4.3, 4.3, 3.5, 4.0, 4.8, 5.0, 5.0, 5.1, 2.7, 2.5, 3.3, 3.3
76,11, 1.6, 2.3, 2.5, 2.5, 2.2, 2.0, 2.5, 2.7, 2.7, 2.8, 1.3, 0.9, 1.4, 1.5
76,12, 1.1, 1.6, 1.7, 1.7, 1.5, 1.3, 1.7, 1.8, 1.8, 1.9, 0.8, 0.4, 0.8, 0.8
77, 1, 1.7, 3.0, 3.4, 3.6, 3.3, 2.6, 3.5, 3.9, 4.0, 4.1, 2.5, 1.7, 2.7, 2.9
77, 2, 2.0, 2.7, 2.8, 2.8, 2.4, 2.5, 3.0, 3.2, 3.2, 3.2, 1.4, 1.1, 1.7, 1.7
77, 3, 3.3, 3.9, 4.0, 3.8, 3.0, 4.1, 4.6, 4.7, 4.6, 4.7, 1.9, 2.0, 2.5, 2.5
77, 4, 5.0, 5.7, 5.5, 5.1, 3.5, 6.8, 7.3, 7.3, 6.9, 7.3, 3.3, 4.2, 4.5, 4.6
77, 5, 5.1, 5.2, 4.8, 4.3, 2.7, 6.3, 6.4, 6.2, 5.8, 6.5, 2.3, 3.0, 3.0, 3.1
77, 6, 6.7, 6.5, 6.0, 5.2, 2.9, 8.8, 8.8, 8.5, 7.9, 9.1, 4.4, 5.8, 5.5, 6.0
77, 7, 6.8, 6.8, 6.3, 5.6, 3.2, 8.9, 9.1, 8.8, 8.2, 9.3, 4.6, 5.9, 5.8, 6.2
77, 8, 5.8, 6.3, 6.0, 5.5, 3.5, 7.7, 8.2, 8.0, 7.6, 8.2, 4.1, 5.1, 5.3, 5.5
77, 9, 3.8, 4.4, 4.4, 4.1, 3.0, 4.9, 5.4, 5.4, 5.2, 5.4, 2.2, 2.6, 3.0, 3.0
77,10, 2.7, 3.5, 3.6, 3.6, 3.0, 3.5, 4.1, 4.3, 4.2, 4.3, 2.0, 1.9, 2.5, 2.5
77,11, 1.5, 1.8, 1.9, 1.9, 1.6, 1.6, 1.9, 2.0, 2.0, 2.0, 0.7, 0.5, 0.8, 0.8
77,12, 1.0, 1.2, 1.3, 1.3, 1.1, 1.1, 1.3, 1.4, 1.4, 1.4, 0.4, 0.3, 0.5, 0.5
78, 1, 1.0, 1.3, 1.4, 1.4, 1.2, 1.1, 1.3, 1.4, 1.4, 1.4, 0.5, 0.3, 0.5, 0.6
78, 2, 1.6, 1.9, 2.0, 2.0, 1.6, 1.9, 2.2, 2.2, 2.2, 2.2, 0.9, 0.8, 1.1, 1.1
78, 3, 2.8, 3.4, 3.5, 3.3, 2.6, 3.6, 4.1, 4.1, 4.1, 4.2, 1.8, 1.9, 2.3, 2.3
78, 4, 3.7, 4.0, 3.9, 3.6, 2.5, 4.5, 4.8, 4.7, 4.5, 4.8, 1.8, 2.3, 2.5, 2.5
78, 5, 5.2, 5.2, 4.9, 4.3, 2.6, 6.7, 6.8, 6.5, 6.2, 6.9, 2.8, 3.8, 3.7, 3.9
78, 6, 5.9, 5.8, 5.3, 4.6, 2.7, 7.6, 7.6, 7.3, 6.8, 7.8, 3.7, 4.7, 4.5, 4.9
78, 7, 6.2, 6.2, 5.8, 5.0, 2.8, 8.6, 8.8, 8.4, 7.9, 8.9, 4.8, 6.4, 6.2, 6.6
78, 8, 5.1, 5.5, 5.2, 4.7, 3.0, 6.9, 7.2, 7.0, 6.7, 7.2, 3.6, 4.6, 4.8, 4.9
78, 9, 3.5, 4.1, 4.2, 4.0, 3.0, 4.5, 5.0, 5.0, 4.9, 5.1, 2.3, 2.6, 3.0, 3.0
78,10, 3.0, 4.2, 4.5, 4.5, 3.8, 4.3, 5.2, 5.5, 5.5, 5.5, 3.3, 3.1, 4.1, 4.2
78,11, 1.5, 2.3, 2.5, 2.6, 2.3, 2.1, 2.7, 2.9, 3.0, 3.0, 1.8, 1.3, 2.0, 2.1
78,12, 1.0, 1.5, 1.6, 1.7, 1.5, 1.2, 1.6, 1.8, 1.8, 1.8, 1.0, 0.6, 1.0, 1.1
79, 1, 1.3, 2.0, 2.2, 2.3, 2.1, 1.7, 2.3, 2.4, 2.5, 2.5, 1.4, 0.9, 1.5, 1.6
79, 2, 1.4, 1.7, 1.7, 1.7, 1.4, 1.6, 1.8, 1.9, 1.8, 1.9, 0.6, 0.5, 0.7, 0.7
79, 3, 3.2, 3.9, 4.0, 3.9, 3.0, 4.1, 4.7, 4.8, 4.7, 4.8, 2.4, 2.5, 3.1, 3.1
79, 4, 3.9, 4.2, 4.0, 3.7, 2.6, 4.7, 4.9, 4.8, 4.6, 4.9, 1.8, 2.2, 2.3, 2.4
79, 5, 6.1, 6.2, 5.8, 5.1, 3.0, 8.2, 8.4, 8.1, 7.7, 8.5, 4.3, 5.6, 5.6, 5.9
79, 6, 6.8, 6.6, 6.0, 5.2, 2.8, 9.3, 9.3, 8.9, 8.4, 9.6, 5.0, 6.7, 6.3, 6.9
79, 7, 7.0, 7.0, 6.4, 5.6, 3.1, 9.9,10.1, 9.7, 9.2,10.3, 5.6, 7.6, 7.4, 7.9
79, 8, 5.4, 5.7, 5.5, 4.9, 3.1, 7.3, 7.6, 7.5, 7.1, 7.7, 4.0, 5.2, 5.3, 5.5
79, 9, 4.4, 5.4, 5.5, 5.3, 3.9, 6.2, 7.0, 7.1, 6.9, 7.1, 3.8, 4.4, 5.1, 5.1
79,10, 2.5, 3.3, 3.5, 3.5, 2.9, 3.4, 4.1, 4.2, 4.2, 4.2, 2.2, 2.1, 2.8, 2.8
79,11, 1.3, 1.8, 2.0, 2.0, 1.8, 1.7, 2.0, 2.2, 2.2, 2.2, 1.1, 0.8, 1.2, 1.3
79,12, 1.0, 1.5, 1.7, 1.8, 1.6, 1.3, 1.7, 1.8, 1.9, 1.9, 1.0, 0.6, 1.0, 1.1
80, 1, 1.3, 2.0, 2.2, 2.3, 2.1, 1.8, 2.3, 2.5, 2.6, 2.6, 1.5, 1.1, 1.7, 1.8
80, 2, 1.7, 2.2, 2.3, 2.3, 1.9, 2.0, 2.4, 2.5, 2.5, 2.5, 1.1, 0.9, 1.3, 1.3
80, 3, 3.1, 3.6, 3.7, 3.5, 2.7, 3.8, 4.3, 4.3, 4.2, 4.3, 1.7, 1.9, 2.3, 2.3
80, 4, 4.6, 5.1, 4.9, 4.5, 3.1, 6.1, 6.5, 6.4, 6.1, 6.5, 2.7, 3.5, 3.8, 3.8
80, 5, 5.0, 5.0, 4.7, 4.2, 2.6, 6.2, 6.3, 6.1, 5.7, 6.4, 2.5, 3.3, 3.3, 3.5
80, 6, 5.3, 5.2, 4.7, 4.1, 2.4, 6.4, 6.4, 6.1, 5.7, 6.6, 2.6, 3.4, 3.2, 3.5
80, 7, 6.9, 6.9, 6.4, 5.6, 3.2, 9.5, 9.7, 9.3, 8.8, 9.9, 5.4, 7.1, 6.9, 7.4
80, 8, 6.1, 6.6, 6.4, 5.8, 3.7, 8.6, 9.1, 8.9, 8.5, 9.1, 4.9, 6.3, 6.5, 6.8
80, 9, 4.4, 5.5, 5.6, 5.3, 3.9, 6.4, 7.2, 7.3, 7.1, 7.3, 4.1, 4.8, 5.5, 5.5
80,10, 3.0, 4.2, 4.5, 4.5, 3.8, 4.3, 5.3, 5.5, 5.5, 5.6, 3.3, 3.1, 4.1, 4.1
80,11, 1.4, 2.0, 2.2, 2.3, 2.0, 1.8, 2.3, 2.4, 2.5, 2.5, 1.3, 0.9, 1.4, 1.5
80,12, 1.0, 1.5, 1.7, 1.7, 1.6, 1.3, 1.6, 1.8, 1.8, 1.9, 0.9, 0.5, 1.0, 1.0
81, 1, 1.1, 1.6, 1.7, 1.8, 1.6, 1.4, 1.7, 1.9, 1.9, 1.9, 0.9, 0.6, 1.0, 1.0
81, 2, 2.0, 2.6, 2.7, 2.7, 2.3, 2.4, 2.9, 3.1, 3.1, 3.1, 1.4, 1.1, 1.6, 1.7
81, 3, 3.0, 3.7, 3.7, 3.6, 2.8, 3.9, 4.4, 4.5, 4.4, 4.5, 1.9, 2.0, 2.5, 2.5
81, 4, 4.2, 4.6, 4.5, 4.1, 2.9, 5.3, 5.6, 5.5, 5.3, 5.6, 2.2, 2.7, 2.9, 3.0
81, 5, 5.1, 5.1, 4.8, 4.2, 2.6, 6.2, 6.3, 6.1, 5.7, 6.4, 2.3, 3.1, 3.0, 3.2
81, 6, 5.9, 5.7, 5.2, 4.5, 2.6, 7.6, 7.6, 7.2, 6.8, 7.8, 3.4, 4.5, 4.3, 4.7
81, 7, 6.8, 6.8, 6.3, 5.4, 3.1, 9.3, 9.5, 9.2, 8.6, 9.7, 5.1, 6.8, 6.6, 7.1
81, 8, 6.1, 6.6, 6.3, 5.8, 3.7, 8.5, 9.0, 8.8, 8.4, 9.0, 4.8, 6.2, 6.4, 6.7
81, 9, 4.7, 5.8, 5.9, 5.6, 4.1, 6.9, 7.7, 7.8, 7.6, 7.8, 4.3, 5.1, 5.9, 5.9
81,10, 2.6, 3.5, 3.8, 3.8, 3.2, 3.6, 4.3, 4.5, 4.5, 4.6, 2.6, 2.4, 3.2, 3.2
81,11, 1.4, 2.2, 2.4, 2.4, 2.2, 2.0, 2.5, 2.7, 2.7, 2.8, 1.5, 1.1, 1.7, 1.8
81,12, 0.7, 0.9, 1.0, 1.0, 0.9, 0.8, 1.0, 1.0, 1.0, 1.0, 0.4, 0.3, 0.4, 0.5
82, 1, 1.1, 1.5, 1.7, 1.7, 1.6, 1.4, 1.7, 1.8, 1.9, 1.9, 0.9, 0.6, 0.9, 1.0
82, 2, 1.9, 2.7, 2.9, 2.9, 2.5, 2.6, 3.2, 3.3, 3.4, 3.4, 1.8, 1.5, 2.1, 2.2
82, 3, 3.2, 3.9, 4.0, 3.9, 3.0, 4.1, 4.7, 4.8, 4.7, 4.8, 2.2, 2.3, 2.8, 2.8
82, 4, 4.9, 5.4, 5.3, 4.8, 3.3, 6.6, 7.0, 6.9, 6.6, 7.0, 3.3, 4.2, 4.5, 4.6
82, 5, 6.2, 6.4, 6.0, 5.3, 3.2, 8.3, 8.5, 8.3, 7.8, 8.6, 4.2, 5.5, 5.4, 5.8
82, 6, 5.4, 5.3, 4.8, 4.2, 2.4, 7.0, 7.0, 6.7, 6.3, 7.2, 3.3, 4.4, 4.2, 4.5
82, 7, 6.0, 5.9, 5.5, 4.8, 2.7, 8.1, 8.3, 8.0, 7.5, 8.4, 4.2, 5.7, 5.5, 5.9
82, 8, 5.6, 6.1, 5.8, 5.3, 3.4, 7.7, 8.2, 8.0, 7.7, 8.2, 4.3, 5.6, 5.8, 6.0
82, 9, 4.0, 4.9, 4.9, 4.7, 3.4, 5.6, 6.3, 6.3, 6.2, 6.3, 3.4, 4.0, 4.6, 4.6
82,10, 2.4, 3.1, 3.3, 3.3, 2.7, 3.1, 3.7, 3.9, 3.9, 3.9, 2.0, 1.9, 2.5, 2.5
82,11, 1.5, 2.1, 2.3, 2.4, 2.1, 1.9, 2.4, 2.6, 2.6, 2.7, 1.4, 1.0, 1.5, 1.6
82,12, 1.0, 1.5, 1.7, 1.8, 1.6, 1.3, 1.7, 1.8, 1.9, 1.9, 1.0, 0.6, 1.1, 1.2
83, 1, 1.0, 1.3, 1.4, 1.4, 1.2, 1.1, 1.4, 1.5, 1.5, 1.5, 0.6, 0.4, 0.6, 0.7
83, 2, 1.5, 2.0, 2.0, 2.0, 1.7, 1.8, 2.1, 2.2, 2.2, 2.3, 0.9, 0.7, 1.0, 1.0
83, 3, 2.5, 2.8, 2.8, 2.7, 2.0, 2.9, 3.1, 3.1, 3.0, 3.2, 1.0, 1.0, 1.3, 1.3
83, 4, 4.7, 5.2, 5.1, 4.7, 3.2, 5.9, 6.4, 6.3, 6.1, 6.4, 2.9, 3.4, 3.8, 3.8
83, 5, 5.5, 5.6, 5.2, 4.6, 2.8, 7.1, 7.2, 7.0, 6.6, 7.3, 3.4, 4.4, 4.3, 4.6
83, 6, 5.4, 5.3, 4.8, 4.2, 2.5, 6.8, 6.8, 6.5, 6.1, 6.9, 2.9, 3.8, 3.6, 3.9
83, 7, 5.2, 5.1, 4.7, 4.1, 2.5, 6.4, 6.4, 6.2, 5.8, 6.6, 2.7, 3.5, 3.4, 3.7
83, 8, 5.2, 5.5, 5.3, 4.8, 3.1, 6.8, 7.1, 6.9, 6.6, 7.1, 3.2, 4.1, 4.2, 4.3
83, 9, 4.5, 5.5, 5.6, 5.3, 4.0, 6.3, 7.1, 7.2, 7.0, 7.2, 3.8, 4.4, 5.2, 5.2
83,10, 2.4, 3.1, 3.2, 3.2, 2.6, 3.1, 3.6, 3.7, 3.7, 3.7, 1.7, 1.6, 2.1, 2.1
83,11, 1.1, 1.5, 1.5, 1.5, 1.3, 1.3, 1.6, 1.6, 1.6, 1.7, 0.7, 0.5, 0.7, 0.8
83,12, 0.8, 1.0, 1.1, 1.1, 1.0, 0.9, 1.1, 1.1, 1.1, 1.2, 0.5, 0.3, 0.5, 0.5
84, 1, 1.4, 2.3, 2.5, 2.6, 2.4, 2.0, 2.6, 2.8, 2.9, 3.0, 1.6, 1.1, 1.8, 1.9
84, 2, 2.0, 2.6, 2.8, 2.8, 2.3, 2.4, 2.9, 3.0, 3.1, 3.1, 1.4, 1.1, 1.6, 1.7
84, 3, 3.0, 3.6, 3.6, 3.5, 2.8, 3.7, 4.2, 4.3, 4.2, 4.3, 1.8, 1.8, 2.3, 2.3
84, 4, 3.8, 4.1, 4.0, 3.7, 2.5, 4.7, 4.9, 4.8, 4.6, 4.9, 1.8, 2.2, 2.4, 2.4
84, 5, 5.2, 5.2, 4.9, 4.3, 2.6, 6.5, 6.7, 6.4, 6.0, 6.8, 2.8, 3.6, 3.6, 3.8
84, 6, 6.1, 5.9, 5.4, 4.7, 2.6, 7.9, 7.9, 7.6, 7.0, 8.1, 4.0, 5.2, 5.0, 5.4
84, 7, 7.6, 7.6, 7.0, 6.1, 3.3,10.8,11.0,10.7,10.0,11.3, 6.7, 8.8, 8.5, 9.2
84, 8, 6.1, 6.7, 6.4, 5.8, 3.7, 8.7, 9.2, 9.1, 8.6, 9.3, 5.1, 6.7, 6.9, 7.2
84, 9, 4.3, 5.3, 5.4, 5.2, 3.8, 6.3, 7.0, 7.1, 6.9, 7.1, 3.8, 4.5, 5.2, 5.2
84,10, 2.1, 2.7, 2.8, 2.7, 2.2, 2.7, 3.1, 3.2, 3.2, 3.2, 1.4, 1.3, 1.8, 1.8
84,11, 1.1, 1.5, 1.6, 1.6, 1.4, 1.4, 1.6, 1.7, 1.8, 1.8, 0.8, 0.6, 0.9, 0.9
84,12, 1.0, 1.6, 1.8, 1.8, 1.7, 1.4, 1.8, 1.9, 2.0, 2.0, 1.1, 0.7, 1.2, 1.3
85, 1, 1.2, 1.8, 2.0, 2.1, 1.9, 1.6, 2.1, 2.3, 2.3, 2.3, 1.3, 0.8, 1.3, 1.4
85, 2, 2.1, 2.8, 3.0, 3.0, 2.6, 2.7, 3.3, 3.4, 3.5, 3.5, 1.8, 1.4, 2.1, 2.1
85, 3, 3.1, 3.8, 3.9, 3.8, 3.0, 4.1, 4.6, 4.7, 4.6, 4.7, 2.1, 2.1, 2.7, 2.7
85, 4, 4.5, 5.0, 4.9, 4.6, 3.2, 5.9, 6.3, 6.3, 6.0, 6.3, 2.9, 3.5, 3.8, 3.9
85, 5, 5.6, 5.7, 5.3, 4.7, 2.9, 7.2, 7.4, 7.2, 6.7, 7.5, 3.2, 4.2, 4.2, 4.4
85, 6, 7.2, 7.0, 6.4, 5.4, 3.0, 9.9, 9.9, 9.6, 8.9,10.2, 5.6, 7.5, 7.1, 7.7
85, 7, 7.4, 7.4, 6.8, 5.9, 3.2,10.7,10.9,10.5, 9.9,11.1, 6.4, 8.6, 8.3, 9.0
85, 8, 6.1, 6.7, 6.4, 5.8, 3.7, 8.7, 9.2, 9.1, 8.6, 9.3, 5.2, 6.8, 7.0, 7.3
85, 9, 3.7, 4.5, 4.5, 4.3, 3.3, 5.0, 5.6, 5.7, 5.5, 5.7, 2.8, 3.2, 3.8, 3.8
85,10, 2.7, 3.7, 4.0, 4.0, 3.3, 3.8, 4.6, 4.8, 4.8, 4.8, 2.8, 2.6, 3.5, 3.5
85,11, 1.3, 1.8, 2.0, 2.0, 1.8, 1.7, 2.1, 2.2, 2.3, 2.3, 1.2, 0.9, 1.4, 1.4
85,12, 1.2, 2.2, 2.5, 2.7, 2.5, 1.8, 2.5, 2.8, 2.9, 3.0, 2.0, 1.2, 2.0, 2.2
86, 1, 0.9, 1.2, 1.3, 1.3, 1.1, 1.0, 1.3, 1.4, 1.4, 1.4, 0.6, 0.4, 0.6, 0.7
86, 2, 1.4, 1.8, 1.9, 1.8, 1.5, 1.7, 2.0, 2.0, 2.0, 2.1, 0.9, 0.7, 1.0, 1.0
86, 3, 3.4, 4.2, 4.3, 4.2, 3.3, 4.4, 5.1, 5.2, 5.1, 5.2, 2.4, 2.5, 3.1, 3.1
86, 4, 4.2, 4.6, 4.5, 4.1, 2.8, 5.5, 5.8, 5.7, 5.5, 5.8, 2.5, 3.1, 3.4, 3.5
86, 5, 5.4, 5.4, 5.1, 4.5, 2.7, 6.8, 7.0, 6.7, 6.3, 7.1, 3.2, 4.1, 4.1, 4.3
86, 6, 6.3, 6.2, 5.6, 4.8, 2.6, 8.6, 8.7, 8.3, 7.8, 8.9, 4.8, 6.4, 6.1, 6.6
86, 7, 6.3, 6.3, 5.9, 5.1, 2.9, 8.6, 8.7, 8.4, 7.9, 8.9, 4.7, 6.2, 6.0, 6.4
86, 8, 6.0, 6.5, 6.3, 5.7, 3.5, 8.7, 9.2, 9.1, 8.6, 9.3, 5.2, 6.9, 7.1, 7.4
86, 9, 3.6, 4.2, 4.2, 4.0, 2.9, 5.0, 5.5, 5.5, 5.3, 5.5, 2.6, 3.3, 3.7, 3.7
86,10, 2.7, 3.7, 4.0, 4.0, 3.3, 3.9, 4.7, 4.9, 4.9, 5.0, 3.0, 2.9, 3.8, 3.8
86,11, 1.1, 1.5, 1.6, 1.7, 1.5, 1.4, 1.7, 1.8, 1.8, 1.8, 0.9, 0.7, 1.0, 1.1
86,12, 0.9, 1.4, 1.6, 1.6, 1.5, 1.2, 1.6, 1.7, 1.8, 1.8, 1.0, 0.6, 1.0, 1.1
87, 1, 1.3, 2.0, 2.2, 2.3, 2.1, 1.7, 2.3, 2.5, 2.5, 2.6, 1.5, 0.9, 1.5, 1.6
87, 2, 2.1, 2.8, 3.0, 3.0, 2.6, 2.7, 3.3, 3.4, 3.4, 3.5, 1.7, 1.4, 2.0, 2.1
87, 3, 3.1, 3.7, 3.7, 3.6, 2.7, 4.1, 4.6, 4.6, 4.5, 4.6, 2.1, 2.4, 2.8, 2.8
87, 4, 4.9, 5.5, 5.4, 5.0, 3.4, 6.5, 7.0, 7.0, 6.7, 7.1, 3.3, 4.1, 4.4, 4.5
87, 5, 5.4, 5.6, 5.2, 4.6, 2.8, 7.1, 7.3, 7.0, 6.6, 7.3, 3.5, 4.5, 4.5, 4.8
87, 6, 7.2, 7.0, 6.4, 5.5, 3.0, 9.8, 9.9, 9.5, 8.9,10.2, 5.8, 7.6, 7.2, 7.8
87, 7, 5.6, 5.5, 5.1, 4.4, 2.6, 7.2, 7.3, 7.0, 6.6, 7.4, 3.4, 4.5, 4.4, 4.7
87, 8, 6.4, 7.0, 6.8, 6.1, 3.8, 9.4,10.0, 9.8, 9.4,10.0, 5.7, 7.6, 7.8, 8.1
87, 9, 4.2, 5.2, 5.2, 5.0, 3.7, 6.1, 6.9, 7.0, 6.8, 7.0, 3.9, 4.6, 5.3, 5.3
87,10, 3.2, 4.6, 4.9, 5.0, 4.2, 4.7, 5.8, 6.1, 6.1, 6.2, 3.8, 3.5, 4.7, 4.8
87,11, 1.3, 1.7, 1.8, 1.8, 1.6, 1.5, 1.8, 1.9, 1.9, 1.9, 0.8, 0.6, 0.9, 0.9
87,12, 0.8, 1.1, 1.3, 1.3, 1.2, 1.0, 1.2, 1.3, 1.4, 1.4, 0.7, 0.4, 0.7, 0.8
88, 1, 1.0, 1.2, 1.3, 1.3, 1.1, 1.1, 1.3, 1.3, 1.3, 1.4, 0.5, 0.3, 0.5, 0.6
88, 2, 2.2, 3.0, 3.3, 3.3, 2.9, 2.9, 3.6, 3.8, 3.8, 3.9, 2.1, 1.7, 2.5, 2.5
88, 3, 3.4, 4.2, 4.4, 4.3, 3.3, 4.7, 5.4, 5.5, 5.4, 5.5, 2.8, 3.1, 3.8, 3.8
88, 4, 3.8, 4.1, 4.0, 3.7, 2.5, 4.7, 5.1, 5.0, 4.8, 5.1, 2.1, 2.6, 2.9, 2.9
88, 5, 5.0, 5.0, 4.7, 4.1, 2.5, 6.2, 6.3, 6.1, 5.7, 6.4, 2.6, 3.5, 3.4, 3.6
88, 6, 6.2, 6.1, 5.6, 4.8, 2.7, 8.2, 8.3, 7.9, 7.4, 8.5, 4.2, 5.6, 5.3, 5.8
88, 7, 6.8, 6.8, 6.3, 5.4, 3.0, 9.8, 9.9, 9.6, 9.0,10.1, 5.8, 7.8, 7.6, 8.1
88, 8, 6.2, 6.8, 6.6, 6.0, 3.8, 9.1, 9.6, 9.5, 9.0, 9.7, 5.5, 7.2, 7.5, 7.7
88, 9, 4.7, 5.9, 6.0, 5.7, 4.2, 7.0, 7.9, 8.0, 7.8, 8.0, 4.6, 5.4, 6.3, 6.3
88,10, 2.4, 3.3, 3.4, 3.4, 2.8, 3.3, 3.9, 4.1, 4.0, 4.1, 2.1, 2.0, 2.6, 2.7
88,11, 1.1, 1.5, 1.6, 1.7, 1.4, 1.3, 1.6, 1.7, 1.8, 1.8, 0.8, 0.5, 0.9, 0.9
88,12, 1.1, 1.7, 1.9, 2.0, 1.9, 1.4, 1.9, 2.1, 2.2, 2.2, 1.3, 0.8, 1.4, 1.5
89, 1, 1.3, 1.9, 2.1, 2.2, 2.0, 1.6, 2.1, 2.3, 2.4, 2.4, 1.3, 0.9, 1.4, 1.5
89, 2, 2.1, 3.0, 3.2, 3.3, 3.0, 2.9, 3.6, 3.8, 3.9, 3.9, 2.0, 1.7, 2.4, 2.5
89, 3, 2.6, 3.0, 3.0, 2.9, 2.3, 3.0, 3.4, 3.4, 3.3, 3.5, 1.3, 1.3, 1.6, 1.6
89, 4, 4.5, 5.0, 4.9, 4.5, 3.1, 6.0, 6.4, 6.3, 6.1, 6.4, 3.1, 3.9, 4.2, 4.3
89, 5, 5.3, 5.4, 5.0, 4.4, 2.7, 6.8, 7.0, 6.8, 6.4, 7.1, 3.2, 4.2, 4.2, 4.4
89, 6, 6.1, 5.9, 5.4, 4.7, 2.6, 8.2, 8.2, 7.9, 7.3, 8.4, 4.3, 5.7, 5.5, 5.9
89, 7, 5.8, 5.8, 5.3, 4.6, 2.6, 7.8, 7.9, 7.6, 7.2, 8.1, 4.1, 5.5, 5.3, 5.7
89, 8, 5.3, 5.7, 5.4, 4.9, 3.1, 7.1, 7.5, 7.3, 7.0, 7.5, 4.0, 5.1, 5.3, 5.5
89, 9, 4.7, 5.8, 5.8, 5.6, 4.1, 7.0, 7.9, 8.0, 7.8, 8.0, 4.7, 5.7, 6.5, 6.5
89,10, 2.8, 3.8, 4.1, 4.1, 3.4, 3.9, 4.7, 4.9, 4.9, 4.9, 3.0, 2.7, 3.6, 3.7
89,11, 1.5, 2.2, 2.4, 2.5, 2.3, 2.0, 2.5, 2.7, 2.8, 2.8, 1.6, 1.1, 1.8, 1.8
89,12, 0.9, 1.4, 1.5, 1.6, 1.5, 1.1, 1.5, 1.6, 1.7, 1.7, 1.0, 0.5, 1.0, 1.0
90, 1, 1.0, 1.3, 1.4, 1.4, 1.2, 1.1, 1.4, 1.4, 1.5, 1.5, 0.6, 0.4, 0.7, 0.7
90, 2, 2.0, 2.7, 2.8, 2.9, 2.5, 2.7, 3.2, 3.4, 3.4, 3.4, 1.7, 1.5, 2.1, 2.2
90, 3, 3.3, 4.1, 4.1, 4.0, 3.1, 4.4, 5.0, 5.1, 5.0, 5.1, 2.5, 2.8, 3.3, 3.3
90, 4, 4.2, 4.7, 4.6, 4.2, 2.9, 5.6, 6.0, 5.9, 5.7, 6.0, 2.6, 3.3, 3.6, 3.7
90, 5, 5.1, 5.2, 4.9, 4.4, 2.7, 6.7, 6.8, 6.6, 6.3, 6.9, 3.0, 4.0, 4.0, 4.2
90, 6, 5.6, 5.4, 5.0, 4.3, 2.5, 7.0, 7.0, 6.7, 6.3, 7.2, 3.1, 4.1, 3.9, 4.2
90, 7, 6.7, 6.7, 6.1, 5.3, 3.0, 9.3, 9.4, 9.1, 8.5, 9.6, 5.2, 6.9, 6.7, 7.2
90, 8, 5.4, 5.8, 5.6, 5.1, 3.2, 7.4, 7.8, 7.7, 7.3, 7.9, 4.2, 5.4, 5.5, 5.7
90, 9, 4.2, 5.1, 5.2, 4.9, 3.6, 5.8, 6.5, 6.6, 6.4, 6.6, 3.7, 4.2, 4.8, 4.9
90,10, 2.6, 3.5, 3.8, 3.8, 3.1, 3.7, 4.4, 4.6, 4.6, 4.6, 2.6, 2.5, 3.2, 3.3
90,11, 1.4, 2.0, 2.2, 2.3, 2.1, 1.9, 2.4, 2.5, 2.6, 2.6, 1.5, 1.1, 1.7, 1.8
90,12, 1.2, 1.9, 2.1, 2.2, 2.1, 1.6, 2.1, 2.3, 2.4, 2.5, 1.4, 0.8, 1.4, 1.6
