"City:    ","MEDFORD               "
"State:   ","OR"
"WBAN No: ", 24225
"Lat(N):  ", 42.37
"Long(W): ",122.87
"Elev(m): ",   396
"Pres(mb):",   970
"Stn Type:","Primary"
"MONTHLY SOLAR RADIATION (kWh/m2/day)"
"COLUMN A: Year"
"COLUMN B: Month"
"COLUMN C: Flat-Plate Collector Facing South at Fixed Tilt=0"
"COLUMN D: Flat-Plate Collector Facing South at Fixed Tilt=Lat-15"
"COLUMN E: Flat-Plate Collector Facing South at Fixed Tilt=Lat"
"COLUMN F: Flat-Plate Collector Facing South at Fixed Tilt=Lat+15"
"COLUMN G: Flat-Plate Collector Facing South at Fixed Tilt=90"
"COLUMN H: 1-Axis Tracking Flat-Plate Collector with North-South Axis, Axis Tilt=0"
"COLUMN I: 1-Axis Tracking Flat-Plate Collector with North-South Axis, Axis Tilt=Lat-15"
"COLUMN J: 1-Axis Tracking Flat-Plate Collector with North-South Axis, Axis Tilt=Lat"
"COLUMN K: 1-Axis Tracking Flat-Plate Collector with North-South Axis, Axis Tilt=Lat+15"
"COLUMN L: 2-Axis Tracking Flat-Plate Collector"
"COLUMN M: 1-Axis Tracking Concentrating Collector with East-West Horizontal Axis"
"COLUMN N: 1-Axis Tracking Concentrating Collector with North-South Horizontal Axis"
"COLUMN O: 1-Axis Tracking Concentrating Collector with North-South Axis, Axis Tilt=Lat"
"COLUMN P: 2-Axis Tracking Concentrating Collector"
"COL A","COL B","COL C","COL D","COL E","COL F","COL G","COL H","COL I","COL J","COL K","COL L","COL M","COL N","COL O","COL P"
61, 1, 1.6, 2.5, 2.8, 2.9, 2.7, 2.2, 2.9, 3.1, 3.3, 3.3, 1.9, 1.3, 2.0, 2.2
61, 2, 2.0, 2.5, 2.6, 2.6, 2.2, 2.4, 2.8, 2.9, 2.9, 2.9, 1.1, 0.9, 1.3, 1.3
61, 3, 3.2, 3.7, 3.8, 3.6, 2.7, 4.1, 4.6, 4.6, 4.5, 4.6, 2.0, 2.3, 2.7, 2.7
61, 4, 5.6, 6.3, 6.2, 5.8, 3.9, 7.6, 8.2, 8.2, 7.9, 8.3, 4.2, 5.2, 5.7, 5.8
61, 5, 6.0, 6.1, 5.7, 5.0, 2.9, 8.0, 8.1, 7.9, 7.4, 8.3, 4.0, 5.3, 5.2, 5.6
61, 6, 7.6, 7.4, 6.8, 5.8, 3.0,10.6,10.6,10.2, 9.5,10.9, 6.2, 8.2, 7.8, 8.5
61, 7, 8.1, 8.0, 7.4, 6.3, 3.3,11.9,12.0,11.6,10.9,12.3, 7.4,10.0, 9.7,10.4
61, 8, 6.5, 7.0, 6.7, 6.1, 3.7, 9.0, 9.5, 9.4, 8.9, 9.6, 5.2, 6.7, 6.9, 7.2
61, 9, 5.3, 6.5, 6.6, 6.4, 4.6, 7.9, 8.8, 8.9, 8.7, 8.9, 5.1, 6.1, 6.9, 7.0
61,10, 3.2, 4.3, 4.6, 4.6, 3.8, 4.5, 5.4, 5.6, 5.6, 5.6, 3.1, 3.0, 3.9, 4.0
61,11, 2.0, 3.1, 3.5, 3.6, 3.3, 2.8, 3.7, 4.0, 4.1, 4.1, 2.4, 1.8, 2.7, 2.8
61,12, 1.1, 1.5, 1.7, 1.7, 1.5, 1.3, 1.6, 1.8, 1.8, 1.8, 0.8, 0.5, 0.8, 0.9
62, 1, 1.7, 2.4, 2.7, 2.8, 2.6, 2.2, 2.8, 3.0, 3.1, 3.2, 1.5, 1.1, 1.7, 1.8
62, 2, 2.4, 3.2, 3.4, 3.5, 3.0, 3.1, 3.7, 3.9, 4.0, 4.0, 2.0, 1.7, 2.4, 2.4
62, 3, 3.6, 4.3, 4.4, 4.3, 3.2, 4.8, 5.3, 5.4, 5.3, 5.4, 2.6, 2.9, 3.5, 3.5
62, 4, 5.6, 6.3, 6.2, 5.8, 3.8, 7.7, 8.3, 8.2, 7.9, 8.3, 4.2, 5.3, 5.7, 5.8
62, 5, 5.5, 5.6, 5.2, 4.6, 2.7, 6.9, 7.1, 6.8, 6.4, 7.2, 3.2, 4.1, 4.1, 4.3
62, 6, 8.2, 7.9, 7.2, 6.2, 3.1,11.6,11.6,11.2,10.5,11.9, 7.0, 9.3, 8.8, 9.6
62, 7, 8.1, 8.1, 7.4, 6.4, 3.3,11.7,11.9,11.5,10.8,12.1, 7.2, 9.6, 9.3,10.0
62, 8, 6.5, 7.1, 6.8, 6.2, 3.8, 9.3, 9.9, 9.7, 9.3, 9.9, 5.5, 7.3, 7.5, 7.7
62, 9, 5.2, 6.3, 6.4, 6.1, 4.4, 7.5, 8.4, 8.5, 8.3, 8.5, 4.7, 5.5, 6.3, 6.3
62,10, 2.8, 3.7, 3.9, 3.9, 3.2, 3.7, 4.4, 4.6, 4.6, 4.7, 2.4, 2.2, 3.0, 3.0
62,11, 1.6, 2.3, 2.4, 2.5, 2.2, 2.1, 2.6, 2.7, 2.8, 2.8, 1.3, 1.0, 1.5, 1.5
62,12, 1.2, 1.8, 2.0, 2.0, 1.8, 1.5, 2.0, 2.1, 2.2, 2.2, 1.1, 0.7, 1.2, 1.3
63, 1, 1.8, 3.0, 3.5, 3.7, 3.4, 2.8, 3.7, 4.0, 4.2, 4.2, 2.7, 1.9, 2.9, 3.1
63, 2, 2.2, 3.0, 3.2, 3.2, 2.7, 2.8, 3.4, 3.6, 3.6, 3.6, 1.8, 1.5, 2.1, 2.2
63, 3, 3.7, 4.6, 4.7, 4.6, 3.6, 4.9, 5.6, 5.7, 5.6, 5.7, 2.8, 2.9, 3.5, 3.6
63, 4, 4.3, 4.6, 4.5, 4.1, 2.7, 5.2, 5.5, 5.4, 5.1, 5.5, 2.2, 2.6, 2.8, 2.8
63, 5, 6.1, 6.1, 5.7, 5.0, 2.8, 7.9, 8.1, 7.8, 7.3, 8.2, 4.1, 5.4, 5.3, 5.6
63, 6, 6.8, 6.7, 6.1, 5.3, 2.8, 8.9, 8.9, 8.6, 8.0, 9.1, 4.7, 6.1, 5.8, 6.3
63, 7, 7.5, 7.5, 6.9, 6.0, 3.2,10.3,10.5,10.1, 9.5,10.7, 6.0, 7.9, 7.6, 8.1
63, 8, 6.8, 7.4, 7.1, 6.4, 3.9, 9.6,10.1,10.0, 9.5,10.2, 5.7, 7.4, 7.6, 7.8
63, 9, 5.2, 6.3, 6.4, 6.2, 4.5, 7.3, 8.2, 8.3, 8.1, 8.3, 4.7, 5.4, 6.2, 6.2
63,10, 2.7, 3.5, 3.6, 3.6, 3.0, 3.5, 4.1, 4.2, 4.2, 4.3, 2.1, 2.0, 2.6, 2.6
63,11, 1.4, 1.9, 2.0, 2.1, 1.8, 1.7, 2.0, 2.2, 2.2, 2.2, 0.9, 0.6, 1.0, 1.1
63,12, 1.3, 1.8, 2.0, 2.1, 1.9, 1.6, 2.0, 2.2, 2.3, 2.3, 1.1, 0.7, 1.2, 1.3
64, 1, 1.1, 1.5, 1.6, 1.6, 1.4, 1.4, 1.6, 1.7, 1.7, 1.7, 0.6, 0.4, 0.7, 0.8
64, 2, 3.0, 4.4, 4.8, 4.9, 4.3, 4.5, 5.5, 5.9, 6.0, 6.0, 3.6, 3.1, 4.3, 4.4
64, 3, 3.5, 4.2, 4.3, 4.2, 3.2, 4.4, 5.0, 5.1, 5.0, 5.1, 2.3, 2.4, 3.0, 3.0
64, 4, 5.7, 6.4, 6.3, 5.8, 3.9, 7.8, 8.4, 8.4, 8.1, 8.5, 4.2, 5.3, 5.7, 5.8
64, 5, 6.4, 6.5, 6.1, 5.4, 3.1, 8.2, 8.4, 8.2, 7.7, 8.5, 4.2, 5.4, 5.3, 5.7
64, 6, 6.5, 6.4, 5.9, 5.1, 2.7, 8.4, 8.4, 8.1, 7.5, 8.6, 4.2, 5.4, 5.1, 5.6
64, 7, 7.1, 7.1, 6.5, 5.7, 3.0, 9.7, 9.8, 9.5, 8.9,10.0, 5.4, 7.1, 6.8, 7.4
64, 8, 6.9, 7.5, 7.3, 6.6, 4.0,10.0,10.6,10.4, 9.9,10.6, 6.0, 7.9, 8.1, 8.4
64, 9, 5.6, 6.9, 7.0, 6.8, 4.9, 8.4, 9.4, 9.5, 9.3, 9.5, 5.5, 6.6, 7.5, 7.5
64,10, 3.5, 4.9, 5.3, 5.3, 4.4, 5.2, 6.2, 6.5, 6.6, 6.6, 3.9, 3.8, 4.9, 5.0
64,11, 1.5, 2.2, 2.4, 2.4, 2.1, 2.0, 2.5, 2.6, 2.7, 2.7, 1.4, 1.0, 1.5, 1.6
64,12, 1.1, 1.5, 1.7, 1.7, 1.6, 1.4, 1.7, 1.8, 1.9, 1.9, 0.9, 0.5, 0.9, 1.0
65, 1, 1.3, 1.5, 1.5, 1.5, 1.4, 1.4, 1.5, 1.6, 1.6, 1.6, 0.4, 0.3, 0.4, 0.4
65, 2, 2.7, 3.8, 4.1, 4.2, 3.6, 3.7, 4.5, 4.8, 4.9, 4.9, 2.7, 2.3, 3.2, 3.3
65, 3, 4.4, 5.7, 6.0, 5.9, 4.6, 6.4, 7.4, 7.6, 7.5, 7.6, 4.2, 4.6, 5.6, 5.6
65, 4, 4.9, 5.3, 5.2, 4.8, 3.2, 6.2, 6.6, 6.5, 6.2, 6.6, 2.9, 3.5, 3.8, 3.9
65, 5, 7.0, 7.1, 6.7, 5.8, 3.3, 9.6, 9.8, 9.5, 9.0, 9.9, 5.2, 6.9, 6.8, 7.2
65, 6, 7.2, 7.0, 6.4, 5.5, 2.9, 9.6, 9.7, 9.3, 8.7, 9.9, 5.2, 6.9, 6.6, 7.1
65, 7, 7.9, 7.8, 7.2, 6.2, 3.3,11.2,11.3,10.9,10.3,11.6, 6.7, 8.9, 8.6, 9.2
65, 8, 6.3, 6.8, 6.5, 5.9, 3.6, 8.7, 9.2, 9.0, 8.6, 9.2, 4.8, 6.3, 6.5, 6.7
65, 9, 5.7, 7.0, 7.2, 6.9, 5.0, 8.4, 9.4, 9.6, 9.4, 9.6, 5.5, 6.5, 7.5, 7.5
65,10, 3.5, 4.9, 5.3, 5.3, 4.4, 5.0, 6.1, 6.4, 6.4, 6.4, 3.7, 3.4, 4.5, 4.6
65,11, 1.8, 2.4, 2.6, 2.7, 2.3, 2.2, 2.7, 2.9, 2.9, 3.0, 1.4, 1.0, 1.5, 1.6
65,12, 1.4, 2.1, 2.4, 2.5, 2.3, 1.8, 2.3, 2.6, 2.7, 2.7, 1.4, 0.9, 1.5, 1.6
66, 1, 1.5, 2.0, 2.2, 2.3, 2.0, 1.8, 2.3, 2.4, 2.5, 2.5, 1.2, 0.8, 1.3, 1.4
66, 2, 2.5, 3.5, 3.8, 3.8, 3.3, 3.4, 4.1, 4.4, 4.4, 4.5, 2.4, 2.0, 2.8, 2.8
66, 3, 4.0, 4.9, 5.1, 4.9, 3.7, 5.5, 6.2, 6.4, 6.3, 6.4, 3.3, 3.7, 4.4, 4.4
66, 4, 6.1, 6.8, 6.7, 6.3, 4.1, 8.6, 9.3, 9.2, 8.9, 9.3, 4.9, 6.3, 6.8, 6.9
66, 5, 6.8, 7.0, 6.6, 5.8, 3.3, 9.3, 9.5, 9.2, 8.7, 9.6, 5.1, 6.7, 6.6, 7.0
66, 6, 7.4, 7.2, 6.6, 5.7, 3.0, 9.9, 9.9, 9.5, 8.9,10.2, 5.6, 7.3, 6.9, 7.5
66, 7, 7.2, 7.2, 6.6, 5.8, 3.1,10.0,10.1, 9.8, 9.2,10.3, 5.8, 7.7, 7.4, 7.9
66, 8, 6.7, 7.2, 6.9, 6.2, 3.7, 9.4, 9.9, 9.7, 9.3, 9.9, 5.5, 7.2, 7.3, 7.6
66, 9, 5.1, 6.2, 6.3, 6.1, 4.4, 7.3, 8.2, 8.3, 8.1, 8.3, 4.6, 5.4, 6.2, 6.2
66,10, 3.7, 5.1, 5.6, 5.6, 4.7, 5.4, 6.6, 6.9, 6.9, 6.9, 4.2, 4.0, 5.3, 5.3
66,11, 1.6, 2.2, 2.3, 2.4, 2.1, 2.0, 2.4, 2.6, 2.6, 2.7, 1.3, 0.9, 1.4, 1.5
66,12, 1.2, 1.6, 1.8, 1.8, 1.6, 1.4, 1.7, 1.9, 1.9, 1.9, 0.9, 0.5, 0.9, 1.0
67, 1, 1.3, 1.8, 1.9, 2.0, 1.7, 1.6, 1.9, 2.1, 2.1, 2.1, 0.9, 0.6, 0.9, 1.0
67, 2, 2.6, 3.5, 3.8, 3.9, 3.3, 3.6, 4.3, 4.5, 4.6, 4.6, 2.4, 2.2, 3.0, 3.0
67, 3, 3.7, 4.5, 4.7, 4.6, 3.5, 4.9, 5.6, 5.7, 5.6, 5.7, 2.7, 2.9, 3.5, 3.6
67, 4, 4.7, 5.2, 5.1, 4.7, 3.2, 5.9, 6.3, 6.2, 5.9, 6.3, 2.7, 3.3, 3.5, 3.6
67, 5, 7.2, 7.3, 6.8, 6.0, 3.3,10.1,10.3,10.0, 9.5,10.4, 5.8, 7.8, 7.7, 8.1
67, 6, 7.9, 7.7, 7.0, 6.0, 3.1,10.7,10.7,10.3, 9.6,11.0, 6.2, 8.1, 7.6, 8.3
67, 7, 8.2, 8.1, 7.5, 6.5, 3.3,11.8,11.9,11.5,10.8,12.1, 7.2, 9.6, 9.2, 9.9
67, 8, 7.0, 7.6, 7.3, 6.7, 4.0,10.2,10.8,10.6,10.1,10.8, 6.1, 8.1, 8.3, 8.5
67, 9, 5.5, 6.7, 6.8, 6.6, 4.7, 8.3, 9.3, 9.4, 9.2, 9.4, 5.4, 6.7, 7.6, 7.6
67,10, 3.3, 4.5, 4.9, 4.9, 4.1, 4.7, 5.6, 5.9, 5.9, 6.0, 3.3, 3.1, 4.1, 4.2
67,11, 1.8, 2.5, 2.7, 2.8, 2.4, 2.3, 2.8, 3.0, 3.1, 3.1, 1.5, 1.1, 1.7, 1.8
67,12, 1.3, 1.8, 2.0, 2.0, 1.8, 1.6, 2.0, 2.1, 2.2, 2.2, 1.0, 0.6, 1.0, 1.1
68, 1, 1.5, 2.1, 2.3, 2.4, 2.2, 1.9, 2.4, 2.5, 2.6, 2.7, 1.3, 0.9, 1.4, 1.5
68, 2, 2.6, 3.6, 3.9, 3.9, 3.3, 3.5, 4.3, 4.5, 4.6, 4.6, 2.4, 2.1, 2.9, 2.9
68, 3, 4.0, 4.9, 5.0, 4.9, 3.7, 5.4, 6.1, 6.2, 6.1, 6.2, 3.1, 3.4, 4.0, 4.0
68, 4, 6.0, 6.7, 6.6, 6.1, 4.0, 8.5, 9.1, 9.0, 8.6, 9.1, 4.7, 6.1, 6.5, 6.6
68, 5, 6.6, 6.7, 6.3, 5.6, 3.2, 8.7, 8.9, 8.6, 8.1, 9.0, 4.6, 5.9, 5.9, 6.2
68, 6, 7.6, 7.4, 6.8, 5.8, 3.0,10.6,10.6,10.2, 9.5,10.9, 6.0, 8.0, 7.6, 8.2
68, 7, 7.9, 7.9, 7.2, 6.3, 3.2,11.4,11.6,11.2,10.6,11.8, 6.9, 9.4, 9.0, 9.7
68, 8, 5.7, 6.1, 5.9, 5.3, 3.3, 7.7, 8.0, 7.9, 7.5, 8.1, 4.0, 5.1, 5.3, 5.4
68, 9, 5.2, 6.3, 6.4, 6.2, 4.5, 7.7, 8.6, 8.7, 8.5, 8.7, 4.8, 5.8, 6.7, 6.7
68,10, 3.3, 4.6, 4.9, 4.9, 4.1, 4.7, 5.7, 5.9, 6.0, 6.0, 3.4, 3.2, 4.2, 4.2
68,11, 1.5, 1.8, 1.9, 1.9, 1.6, 1.7, 1.9, 2.0, 2.0, 2.0, 0.6, 0.4, 0.7, 0.7
68,12, 1.3, 1.7, 1.8, 1.8, 1.6, 1.4, 1.8, 1.9, 2.0, 2.0, 0.8, 0.5, 0.8, 0.9
69, 1, 1.5, 1.9, 2.0, 2.1, 1.9, 1.7, 2.0, 2.2, 2.2, 2.2, 0.8, 0.5, 0.9, 0.9
69, 2, 2.2, 2.7, 2.8, 2.8, 2.3, 2.5, 3.0, 3.1, 3.0, 3.1, 1.1, 0.9, 1.2, 1.3
69, 3, 4.4, 5.6, 5.8, 5.7, 4.4, 6.4, 7.3, 7.5, 7.4, 7.5, 4.0, 4.5, 5.4, 5.4
69, 4, 5.1, 5.6, 5.5, 5.1, 3.4, 6.7, 7.2, 7.1, 6.8, 7.2, 3.2, 4.0, 4.3, 4.3
69, 5, 6.9, 7.1, 6.7, 5.9, 3.3, 9.6, 9.8, 9.5, 9.0, 9.9, 5.3, 7.1, 7.0, 7.4
69, 6, 6.4, 6.3, 5.8, 5.0, 2.7, 8.3, 8.3, 8.0, 7.4, 8.5, 4.1, 5.4, 5.1, 5.6
69, 7, 8.0, 8.0, 7.4, 6.4, 3.3,11.5,11.7,11.3,10.6,11.9, 7.0, 9.4, 9.0, 9.7
69, 8, 7.3, 7.9, 7.6, 6.9, 4.1,10.8,11.4,11.2,10.7,11.5, 6.7, 8.9, 9.2, 9.5
69, 9, 5.1, 6.2, 6.3, 6.0, 4.3, 7.4, 8.3, 8.4, 8.1, 8.4, 4.6, 5.6, 6.3, 6.3
69,10, 3.2, 4.2, 4.5, 4.5, 3.7, 4.4, 5.2, 5.4, 5.4, 5.5, 3.0, 2.9, 3.7, 3.8
69,11, 2.1, 3.2, 3.6, 3.7, 3.3, 3.0, 3.8, 4.1, 4.2, 4.2, 2.5, 1.8, 2.7, 2.9
69,12, 1.3, 1.6, 1.8, 1.8, 1.6, 1.5, 1.8, 1.9, 2.0, 2.0, 0.8, 0.5, 0.8, 0.9
70, 1, 1.4, 1.7, 1.8, 1.8, 1.5, 1.5, 1.8, 1.9, 1.9, 1.9, 0.6, 0.4, 0.7, 0.7
70, 2, 2.6, 3.6, 3.9, 3.9, 3.3, 3.5, 4.3, 4.5, 4.6, 4.6, 2.4, 2.1, 2.8, 2.9
70, 3, 4.2, 5.2, 5.3, 5.2, 3.9, 5.9, 6.7, 6.8, 6.7, 6.8, 3.4, 3.9, 4.7, 4.7
70, 4, 4.9, 5.4, 5.3, 4.9, 3.3, 6.4, 6.8, 6.8, 6.5, 6.9, 3.0, 3.8, 4.1, 4.2
70, 5, 7.0, 7.1, 6.7, 5.8, 3.3, 9.7, 9.9, 9.6, 9.1,10.1, 5.4, 7.2, 7.1, 7.5
70, 6, 6.8, 6.7, 6.1, 5.3, 2.8, 9.0, 9.0, 8.6, 8.1, 9.2, 4.6, 6.1, 5.8, 6.3
70, 7, 8.2, 8.2, 7.5, 6.5, 3.3,11.9,12.1,11.7,11.0,12.4, 7.4, 9.9, 9.6,10.3
70, 8, 7.4, 8.1, 7.8, 7.0, 4.2,11.3,11.9,11.7,11.1,11.9, 7.1, 9.6, 9.8,10.1
70, 9, 5.3, 6.5, 6.7, 6.4, 4.7, 7.9, 8.9, 9.0, 8.8, 9.0, 5.1, 6.1, 7.0, 7.0
70,10, 3.5, 4.8, 5.1, 5.2, 4.3, 5.1, 6.1, 6.4, 6.4, 6.4, 3.7, 3.7, 4.7, 4.8
70,11, 1.7, 2.2, 2.4, 2.4, 2.1, 2.0, 2.4, 2.6, 2.6, 2.6, 1.1, 0.8, 1.3, 1.3
70,12, 1.3, 1.8, 1.9, 2.0, 1.8, 1.5, 1.9, 2.0, 2.1, 2.1, 0.9, 0.6, 1.0, 1.0
71, 1, 1.5, 2.1, 2.3, 2.4, 2.1, 1.9, 2.4, 2.5, 2.6, 2.6, 1.2, 0.8, 1.3, 1.4
71, 2, 2.3, 3.1, 3.3, 3.3, 2.8, 2.9, 3.5, 3.7, 3.7, 3.7, 1.7, 1.4, 2.0, 2.0
71, 3, 3.3, 3.9, 4.0, 3.8, 2.9, 4.2, 4.7, 4.7, 4.6, 4.8, 2.0, 2.1, 2.6, 2.6
71, 4, 5.0, 5.4, 5.3, 4.9, 3.3, 6.4, 6.9, 6.8, 6.5, 6.9, 3.0, 3.8, 4.1, 4.2
71, 5, 5.9, 6.0, 5.6, 4.9, 2.9, 7.7, 7.8, 7.6, 7.1, 7.9, 3.6, 4.8, 4.7, 5.0
71, 6, 7.0, 6.8, 6.3, 5.4, 2.9, 9.3, 9.3, 8.9, 8.3, 9.5, 4.9, 6.4, 6.1, 6.6
71, 7, 7.9, 7.8, 7.2, 6.2, 3.2,11.3,11.4,11.0,10.4,11.6, 6.8, 9.1, 8.8, 9.4
71, 8, 7.0, 7.5, 7.2, 6.5, 3.8,10.3,10.8,10.6,10.1,10.9, 6.2, 8.4, 8.6, 8.8
71, 9, 5.2, 6.3, 6.4, 6.1, 4.4, 7.7, 8.6, 8.6, 8.4, 8.6, 4.8, 6.0, 6.8, 6.8
71,10, 3.4, 4.6, 4.9, 4.9, 4.0, 5.0, 5.9, 6.1, 6.1, 6.2, 3.5, 3.5, 4.5, 4.5
71,11, 1.8, 2.4, 2.6, 2.7, 2.3, 2.2, 2.7, 2.9, 2.9, 3.0, 1.4, 1.0, 1.6, 1.6
71,12, 1.2, 1.6, 1.7, 1.8, 1.6, 1.4, 1.7, 1.8, 1.9, 1.9, 0.7, 0.4, 0.7, 0.8
72, 1, 1.6, 2.3, 2.5, 2.6, 2.3, 2.1, 2.6, 2.8, 2.9, 2.9, 1.5, 1.0, 1.6, 1.7
72, 2, 2.3, 3.0, 3.2, 3.2, 2.7, 2.8, 3.4, 3.6, 3.6, 3.6, 1.7, 1.4, 1.9, 2.0
72, 3, 3.7, 4.5, 4.6, 4.4, 3.4, 4.9, 5.5, 5.6, 5.5, 5.6, 2.5, 2.8, 3.4, 3.4
72, 4, 5.3, 5.8, 5.7, 5.2, 3.4, 7.2, 7.7, 7.6, 7.3, 7.7, 3.6, 4.7, 5.0, 5.1
72, 5, 6.8, 6.9, 6.5, 5.7, 3.3, 9.4, 9.6, 9.3, 8.8, 9.7, 5.0, 6.7, 6.6, 7.0
72, 6, 7.7, 7.5, 6.9, 5.9, 3.0,10.5,10.6,10.1, 9.5,10.8, 6.1, 8.0, 7.6, 8.2
72, 7, 8.1, 8.0, 7.4, 6.4, 3.3,11.8,11.9,11.5,10.8,12.1, 7.3, 9.8, 9.4,10.1
72, 8, 6.8, 7.4, 7.1, 6.4, 3.9, 9.7,10.3,10.1, 9.6,10.3, 5.8, 7.6, 7.9, 8.1
72, 9, 5.2, 6.4, 6.5, 6.2, 4.4, 7.8, 8.7, 8.8, 8.6, 8.8, 4.9, 6.1, 6.8, 6.9
72,10, 3.3, 4.6, 4.9, 4.9, 4.1, 4.8, 5.7, 6.0, 6.0, 6.1, 3.5, 3.3, 4.4, 4.4
72,11, 1.7, 2.3, 2.4, 2.5, 2.1, 2.0, 2.5, 2.6, 2.7, 2.7, 1.2, 0.8, 1.3, 1.4
72,12, 1.4, 1.9, 2.1, 2.2, 2.1, 1.7, 2.2, 2.3, 2.4, 2.4, 1.1, 0.7, 1.1, 1.2
73, 1, 1.4, 1.9, 2.1, 2.1, 1.9, 1.8, 2.1, 2.3, 2.3, 2.3, 1.0, 0.7, 1.1, 1.2
73, 2, 2.5, 3.5, 3.8, 3.8, 3.3, 3.4, 4.1, 4.4, 4.4, 4.4, 2.4, 2.1, 2.9, 3.0
73, 3, 3.4, 4.1, 4.1, 4.0, 3.1, 4.3, 4.8, 4.9, 4.8, 4.9, 2.1, 2.2, 2.7, 2.7
73, 4, 5.7, 6.4, 6.3, 5.8, 3.8, 8.0, 8.6, 8.6, 8.2, 8.6, 4.4, 5.8, 6.1, 6.3
73, 5, 6.7, 6.9, 6.5, 5.7, 3.2, 9.1, 9.4, 9.1, 8.6, 9.5, 5.0, 6.5, 6.4, 6.8
73, 6, 7.3, 7.1, 6.5, 5.6, 2.9,10.0,10.0, 9.6, 9.0,10.3, 5.5, 7.3, 6.9, 7.5
73, 7, 8.1, 8.1, 7.4, 6.4, 3.3,11.7,11.8,11.4,10.8,12.1, 7.1, 9.5, 9.2, 9.9
73, 8, 7.1, 7.6, 7.3, 6.6, 4.0,10.5,11.0,10.9,10.4,11.1, 6.4, 8.6, 8.8, 9.1
73, 9, 5.2, 6.2, 6.3, 6.1, 4.3, 7.6, 8.4, 8.5, 8.3, 8.5, 4.8, 5.8, 6.6, 6.6
73,10, 3.2, 4.3, 4.5, 4.5, 3.7, 4.6, 5.4, 5.6, 5.6, 5.6, 3.1, 3.1, 4.0, 4.0
73,11, 1.4, 1.6, 1.7, 1.7, 1.4, 1.5, 1.7, 1.8, 1.8, 1.8, 0.6, 0.4, 0.6, 0.6
73,12, 1.1, 1.5, 1.5, 1.6, 1.4, 1.3, 1.5, 1.6, 1.7, 1.7, 0.6, 0.4, 0.7, 0.7
74, 1, 1.7, 2.6, 3.0, 3.2, 2.9, 2.4, 3.1, 3.4, 3.6, 3.6, 2.2, 1.5, 2.4, 2.5
74, 2, 2.3, 3.1, 3.4, 3.4, 2.9, 3.1, 3.7, 3.9, 4.0, 4.0, 2.1, 1.7, 2.4, 2.5
74, 3, 3.2, 3.7, 3.8, 3.6, 2.7, 4.1, 4.5, 4.5, 4.4, 4.6, 2.0, 2.2, 2.7, 2.7
74, 4, 4.9, 5.3, 5.2, 4.8, 3.2, 6.3, 6.7, 6.6, 6.3, 6.7, 3.0, 3.7, 4.0, 4.1
74, 5, 6.4, 6.6, 6.2, 5.4, 3.1, 8.5, 8.7, 8.4, 7.9, 8.8, 4.3, 5.7, 5.6, 5.9
74, 6, 7.4, 7.2, 6.6, 5.7, 2.9,10.3,10.3, 9.9, 9.3,10.6, 5.8, 7.8, 7.4, 8.0
74, 7, 7.4, 7.4, 6.8, 5.9, 3.2,10.4,10.5,10.2, 9.6,10.7, 5.9, 7.9, 7.7, 8.2
74, 8, 6.9, 7.4, 7.1, 6.5, 3.9,10.1,10.6,10.5,10.0,10.7, 6.0, 8.1, 8.3, 8.5
74, 9, 5.9, 7.3, 7.5, 7.2, 5.2, 9.2,10.3,10.4,10.2,10.4, 6.2, 7.7, 8.7, 8.8
74,10, 3.7, 5.2, 5.6, 5.7, 4.7, 5.7, 6.8, 7.1, 7.1, 7.2, 4.3, 4.3, 5.5, 5.6
74,11, 1.8, 2.5, 2.7, 2.7, 2.4, 2.3, 2.8, 3.0, 3.0, 3.1, 1.5, 1.1, 1.7, 1.8
74,12, 1.1, 1.4, 1.4, 1.4, 1.2, 1.2, 1.4, 1.5, 1.5, 1.5, 0.4, 0.3, 0.4, 0.5
75, 1, 1.3, 1.6, 1.7, 1.7, 1.4, 1.4, 1.7, 1.7, 1.8, 1.8, 0.5, 0.4, 0.6, 0.6
75, 2, 2.2, 2.9, 3.0, 3.1, 2.5, 2.8, 3.3, 3.5, 3.5, 3.5, 1.6, 1.4, 1.9, 2.0
75, 3, 3.1, 3.6, 3.7, 3.5, 2.7, 3.9, 4.3, 4.3, 4.2, 4.4, 1.8, 2.0, 2.4, 2.4
75, 4, 5.0, 5.5, 5.3, 4.9, 3.3, 6.7, 7.1, 7.1, 6.8, 7.2, 3.4, 4.3, 4.6, 4.7
75, 5, 6.8, 6.9, 6.5, 5.7, 3.2, 9.4, 9.6, 9.3, 8.8, 9.7, 5.0, 6.7, 6.6, 7.0
75, 6, 7.3, 7.1, 6.5, 5.6, 3.0, 9.8, 9.9, 9.5, 8.9,10.1, 5.3, 7.0, 6.6, 7.2
75, 7, 7.3, 7.3, 6.8, 5.9, 3.1,10.3,10.4,10.0, 9.4,10.6, 5.9, 7.8, 7.6, 8.1
75, 8, 6.4, 6.9, 6.6, 6.0, 3.6, 9.1, 9.6, 9.4, 9.0, 9.6, 5.2, 6.9, 7.1, 7.3
75, 9, 5.7, 7.1, 7.3, 7.0, 5.1, 8.7, 9.8, 9.9, 9.7, 9.9, 5.8, 7.0, 8.0, 8.1
75,10, 2.6, 3.2, 3.3, 3.2, 2.6, 3.2, 3.7, 3.8, 3.8, 3.8, 1.7, 1.6, 2.1, 2.1
75,11, 1.5, 1.9, 2.1, 2.1, 1.8, 1.8, 2.1, 2.2, 2.3, 2.3, 1.0, 0.7, 1.1, 1.1
75,12, 1.1, 1.3, 1.3, 1.3, 1.1, 1.1, 1.3, 1.3, 1.4, 1.4, 0.3, 0.2, 0.3, 0.4
76, 1, 1.6, 2.4, 2.6, 2.7, 2.4, 2.1, 2.7, 2.9, 3.0, 3.0, 1.6, 1.1, 1.7, 1.8
76, 2, 2.5, 3.4, 3.7, 3.8, 3.3, 3.4, 4.1, 4.3, 4.4, 4.5, 2.5, 2.0, 2.9, 3.0
76, 3, 3.6, 4.4, 4.5, 4.4, 3.4, 4.8, 5.4, 5.5, 5.4, 5.5, 2.6, 2.8, 3.4, 3.4
76, 4, 4.7, 5.1, 5.0, 4.6, 3.1, 6.3, 6.6, 6.6, 6.3, 6.7, 2.6, 3.5, 3.8, 3.8
76, 5, 6.8, 7.0, 6.5, 5.7, 3.2, 9.6, 9.8, 9.5, 9.0, 9.9, 5.3, 7.2, 7.1, 7.4
76, 6, 6.9, 6.7, 6.2, 5.3, 2.8, 9.4, 9.4, 9.0, 8.4, 9.6, 5.0, 6.7, 6.3, 6.9
76, 7, 7.1, 7.1, 6.6, 5.7, 3.1, 9.8,10.0, 9.6, 9.0,10.1, 5.5, 7.3, 7.0, 7.6
76, 8, 5.4, 5.8, 5.6, 5.1, 3.2, 7.2, 7.6, 7.4, 7.1, 7.6, 3.8, 4.8, 5.0, 5.2
76, 9, 5.2, 6.3, 6.4, 6.2, 4.5, 7.6, 8.5, 8.6, 8.4, 8.6, 5.0, 5.9, 6.7, 6.8
76,10, 3.6, 5.1, 5.5, 5.6, 4.6, 5.6, 6.6, 6.9, 7.0, 7.0, 4.2, 4.2, 5.4, 5.4
76,11, 1.7, 2.3, 2.5, 2.5, 2.2, 2.1, 2.5, 2.7, 2.8, 2.8, 1.3, 0.9, 1.4, 1.5
76,12, 1.4, 1.9, 2.1, 2.2, 1.9, 1.7, 2.1, 2.3, 2.3, 2.3, 1.2, 0.8, 1.2, 1.3
77, 1, 1.7, 2.7, 3.0, 3.2, 2.9, 2.5, 3.2, 3.5, 3.6, 3.6, 2.2, 1.5, 2.4, 2.5
77, 2, 2.7, 3.8, 4.2, 4.3, 3.8, 3.7, 4.6, 4.9, 5.0, 5.0, 2.9, 2.4, 3.4, 3.5
77, 3, 3.7, 4.4, 4.5, 4.4, 3.4, 4.8, 5.4, 5.5, 5.4, 5.6, 2.6, 2.8, 3.4, 3.4
77, 4, 5.5, 6.2, 6.1, 5.7, 3.8, 7.7, 8.3, 8.2, 7.9, 8.3, 4.2, 5.4, 5.8, 5.9
77, 5, 5.6, 5.6, 5.3, 4.6, 2.7, 6.9, 7.1, 6.9, 6.4, 7.2, 3.2, 4.1, 4.0, 4.3
77, 6, 7.2, 7.0, 6.4, 5.5, 2.9, 9.7, 9.7, 9.3, 8.7,10.0, 5.5, 7.2, 6.9, 7.5
77, 7, 8.0, 7.9, 7.3, 6.3, 3.3,11.5,11.6,11.2,10.6,11.9, 7.0, 9.4, 9.1, 9.8
77, 8, 6.4, 6.8, 6.6, 6.0, 3.7, 8.8, 9.3, 9.1, 8.7, 9.3, 4.9, 6.4, 6.5, 6.8
77, 9, 4.9, 5.8, 5.9, 5.6, 4.0, 6.9, 7.6, 7.7, 7.5, 7.7, 4.2, 5.0, 5.7, 5.7
77,10, 3.3, 4.4, 4.7, 4.7, 3.8, 4.5, 5.4, 5.6, 5.6, 5.6, 3.1, 2.9, 3.8, 3.8
77,11, 1.8, 2.4, 2.6, 2.7, 2.4, 2.2, 2.7, 2.9, 3.0, 3.0, 1.5, 1.1, 1.6, 1.7
77,12, 1.1, 1.6, 1.8, 1.8, 1.6, 1.4, 1.8, 1.9, 1.9, 2.0, 0.9, 0.6, 0.9, 1.0
78, 1, 1.4, 1.9, 2.0, 2.1, 1.9, 1.7, 2.1, 2.2, 2.3, 2.3, 1.0, 0.7, 1.1, 1.2
78, 2, 2.3, 3.0, 3.2, 3.2, 2.7, 3.0, 3.5, 3.7, 3.7, 3.7, 1.9, 1.6, 2.3, 2.3
78, 3, 3.7, 4.4, 4.5, 4.4, 3.3, 4.7, 5.3, 5.4, 5.3, 5.4, 2.5, 2.6, 3.1, 3.1
78, 4, 4.6, 4.9, 4.8, 4.4, 3.0, 5.7, 6.0, 6.0, 5.7, 6.1, 2.3, 3.0, 3.2, 3.2
78, 5, 6.8, 7.0, 6.6, 5.8, 3.3, 9.1, 9.3, 9.0, 8.5, 9.4, 4.5, 5.9, 5.8, 6.1
78, 6, 7.6, 7.4, 6.8, 5.9, 3.1,10.0,10.1, 9.7, 9.0,10.3, 5.4, 7.0, 6.6, 7.2
78, 7, 7.8, 7.8, 7.2, 6.2, 3.3,11.1,11.2,10.8,10.2,11.4, 6.5, 8.7, 8.4, 9.0
78, 8, 6.4, 6.9, 6.6, 5.9, 3.6, 9.1, 9.5, 9.4, 8.9, 9.6, 4.9, 6.6, 6.7, 7.0
78, 9, 4.6, 5.5, 5.6, 5.3, 3.9, 6.3, 7.0, 7.1, 6.9, 7.1, 3.6, 4.2, 4.9, 4.9
78,10, 4.0, 5.8, 6.3, 6.4, 5.4, 6.2, 7.5, 7.9, 8.0, 8.0, 5.0, 4.8, 6.2, 6.3
78,11, 1.9, 2.8, 3.1, 3.2, 2.8, 2.7, 3.3, 3.6, 3.7, 3.7, 2.1, 1.7, 2.4, 2.5
78,12, 1.2, 1.9, 2.1, 2.2, 2.0, 1.6, 2.1, 2.3, 2.4, 2.4, 1.3, 0.8, 1.4, 1.5
79, 1, 1.8, 2.8, 3.2, 3.3, 3.0, 2.5, 3.3, 3.6, 3.7, 3.7, 2.2, 1.5, 2.3, 2.5
79, 2, 1.8, 2.1, 2.1, 2.1, 1.7, 2.0, 2.2, 2.3, 2.2, 2.3, 0.7, 0.5, 0.8, 0.8
79, 3, 4.0, 5.0, 5.1, 5.0, 3.8, 5.3, 6.0, 6.2, 6.1, 6.2, 3.1, 3.2, 3.9, 3.9
79, 4, 4.7, 5.2, 5.0, 4.7, 3.1, 5.8, 6.2, 6.1, 5.9, 6.2, 2.7, 3.2, 3.5, 3.5
79, 5, 6.9, 7.0, 6.6, 5.7, 3.2, 9.6, 9.8, 9.5, 8.9, 9.9, 5.2, 7.0, 6.8, 7.2
79, 6, 8.2, 8.0, 7.3, 6.3, 3.2,11.4,11.5,11.1,10.4,11.8, 6.6, 8.8, 8.3, 9.1
79, 7, 7.9, 7.9, 7.3, 6.3, 3.3,11.3,11.4,11.0,10.4,11.6, 6.6, 8.9, 8.6, 9.2
79, 8, 6.4, 6.8, 6.6, 5.9, 3.6, 8.9, 9.4, 9.2, 8.8, 9.4, 5.0, 6.6, 6.7, 7.0
79, 9, 5.4, 6.6, 6.8, 6.5, 4.7, 8.1, 9.0, 9.1, 9.0, 9.2, 5.2, 6.3, 7.2, 7.2
79,10, 3.0, 3.9, 4.1, 4.1, 3.3, 4.0, 4.7, 4.9, 4.9, 4.9, 2.5, 2.4, 3.1, 3.1
79,11, 1.5, 2.0, 2.1, 2.1, 1.8, 1.8, 2.2, 2.3, 2.3, 2.3, 1.0, 0.8, 1.1, 1.2
79,12, 1.1, 1.6, 1.8, 1.9, 1.8, 1.4, 1.9, 2.0, 2.1, 2.1, 1.2, 0.7, 1.2, 1.4
80, 1, 1.6, 2.5, 2.8, 3.0, 2.7, 2.3, 3.0, 3.2, 3.4, 3.4, 2.1, 1.5, 2.3, 2.4
80, 2, 2.0, 2.6, 2.7, 2.7, 2.3, 2.4, 2.8, 3.0, 3.0, 3.0, 1.3, 1.0, 1.5, 1.5
80, 3, 4.0, 4.9, 5.0, 4.9, 3.7, 5.3, 6.0, 6.1, 6.0, 6.1, 3.0, 3.3, 3.9, 3.9
80, 4, 5.3, 5.8, 5.7, 5.3, 3.5, 7.0, 7.5, 7.4, 7.1, 7.5, 3.5, 4.4, 4.8, 4.8
80, 5, 6.5, 6.6, 6.2, 5.4, 3.1, 8.5, 8.7, 8.4, 7.9, 8.8, 4.3, 5.7, 5.6, 5.9
80, 6, 6.8, 6.7, 6.1, 5.3, 2.9, 8.6, 8.7, 8.3, 7.7, 8.9, 4.2, 5.4, 5.2, 5.6
80, 7, 8.0, 8.0, 7.4, 6.4, 3.3,11.3,11.5,11.1,10.4,11.7, 6.7, 9.0, 8.6, 9.3
80, 8, 7.2, 7.7, 7.4, 6.7, 4.0,10.5,11.0,10.9,10.4,11.1, 6.4, 8.6, 8.8, 9.1
80, 9, 5.3, 6.5, 6.7, 6.4, 4.6, 7.8, 8.8, 8.9, 8.7, 8.9, 5.1, 6.0, 6.9, 6.9
80,10, 3.3, 4.5, 4.8, 4.9, 4.0, 4.8, 5.7, 5.9, 6.0, 6.0, 3.5, 3.3, 4.3, 4.4
80,11, 1.5, 2.0, 2.2, 2.2, 1.9, 1.8, 2.2, 2.4, 2.4, 2.4, 1.1, 0.8, 1.3, 1.3
80,12, 1.0, 1.4, 1.6, 1.6, 1.5, 1.3, 1.6, 1.7, 1.8, 1.8, 0.9, 0.6, 0.9, 1.0
81, 1, 1.4, 1.8, 1.9, 1.9, 1.6, 1.6, 1.9, 2.0, 2.0, 2.0, 0.8, 0.5, 0.9, 0.9
81, 2, 2.3, 3.0, 3.2, 3.3, 2.7, 2.9, 3.5, 3.7, 3.7, 3.7, 1.8, 1.5, 2.1, 2.2
81, 3, 3.5, 4.4, 4.5, 4.4, 3.4, 4.7, 5.3, 5.4, 5.3, 5.4, 2.7, 2.8, 3.4, 3.4
81, 4, 5.4, 5.9, 5.8, 5.3, 3.5, 7.0, 7.5, 7.4, 7.1, 7.5, 3.5, 4.3, 4.6, 4.7
81, 5, 6.4, 6.5, 6.1, 5.4, 3.2, 8.4, 8.6, 8.3, 7.8, 8.7, 4.0, 5.3, 5.2, 5.5
81, 6, 7.2, 7.0, 6.4, 5.5, 2.8, 9.9, 9.9, 9.5, 8.9,10.2, 5.4, 7.3, 6.9, 7.5
81, 7, 8.0, 7.9, 7.3, 6.3, 3.2,11.7,11.8,11.4,10.8,12.1, 7.2, 9.8, 9.4,10.1
81, 8, 7.2, 7.8, 7.5, 6.8, 4.1,10.6,11.2,11.0,10.5,11.2, 6.5, 8.6, 8.8, 9.1
81, 9, 5.2, 6.3, 6.4, 6.2, 4.4, 7.7, 8.5, 8.6, 8.4, 8.6, 4.8, 5.9, 6.6, 6.7
81,10, 2.9, 3.8, 4.1, 4.1, 3.4, 3.9, 4.7, 4.8, 4.9, 4.9, 2.6, 2.4, 3.2, 3.2
81,11, 1.5, 1.8, 1.9, 1.8, 1.5, 1.6, 1.9, 1.9, 1.9, 2.0, 0.6, 0.4, 0.6, 0.7
81,12, 1.0, 1.2, 1.3, 1.3, 1.1, 1.1, 1.3, 1.3, 1.3, 1.3, 0.4, 0.3, 0.5, 0.5
82, 1, 1.2, 1.5, 1.6, 1.6, 1.3, 1.3, 1.5, 1.6, 1.6, 1.6, 0.5, 0.3, 0.6, 0.6
82, 2, 2.3, 3.0, 3.2, 3.2, 2.7, 2.9, 3.5, 3.6, 3.7, 3.7, 1.8, 1.5, 2.0, 2.1
82, 3, 3.5, 4.0, 4.1, 3.9, 3.0, 4.2, 4.7, 4.7, 4.6, 4.8, 1.9, 2.0, 2.5, 2.5
82, 4, 5.4, 5.9, 5.8, 5.3, 3.5, 7.2, 7.7, 7.6, 7.2, 7.7, 3.6, 4.6, 4.8, 4.9
82, 5, 7.4, 7.6, 7.1, 6.3, 3.5,10.4,10.7,10.4, 9.8,10.8, 5.8, 7.7, 7.6, 8.0
82, 6, 6.7, 6.5, 6.0, 5.2, 2.8, 8.4, 8.4, 8.0, 7.5, 8.6, 4.0, 5.1, 4.8, 5.2
82, 7, 7.5, 7.5, 6.9, 6.0, 3.2,10.4,10.5,10.2, 9.6,10.7, 5.9, 7.8, 7.6, 8.1
82, 8, 6.7, 7.2, 6.9, 6.3, 3.9, 9.4, 9.9, 9.7, 9.3, 9.9, 5.1, 6.7, 6.9, 7.1
82, 9, 4.7, 5.5, 5.6, 5.3, 3.8, 6.4, 7.1, 7.1, 6.9, 7.1, 3.6, 4.3, 4.8, 4.9
82,10, 3.1, 4.0, 4.3, 4.3, 3.5, 4.1, 4.8, 5.1, 5.1, 5.1, 2.6, 2.4, 3.2, 3.2
82,11, 1.9, 2.9, 3.2, 3.3, 3.0, 2.6, 3.4, 3.6, 3.7, 3.8, 2.2, 1.5, 2.4, 2.5
82,12, 1.3, 1.9, 2.1, 2.2, 2.0, 1.6, 2.1, 2.3, 2.4, 2.5, 1.3, 0.8, 1.4, 1.5
83, 1, 1.2, 1.6, 1.7, 1.7, 1.5, 1.4, 1.7, 1.8, 1.9, 1.9, 0.8, 0.5, 0.8, 0.9
83, 2, 1.8, 2.2, 2.3, 2.3, 1.9, 2.0, 2.4, 2.5, 2.5, 2.5, 1.0, 0.7, 1.1, 1.1
83, 3, 2.9, 3.3, 3.3, 3.2, 2.4, 3.2, 3.6, 3.6, 3.5, 3.6, 1.2, 1.2, 1.5, 1.5
83, 4, 4.8, 5.3, 5.2, 4.8, 3.3, 5.9, 6.3, 6.3, 6.0, 6.4, 2.7, 3.1, 3.4, 3.5
83, 5, 6.6, 6.7, 6.3, 5.5, 3.2, 8.6, 8.9, 8.6, 8.1, 9.0, 4.4, 5.7, 5.6, 5.9
83, 6, 7.1, 7.0, 6.4, 5.5, 3.0, 9.4, 9.4, 9.0, 8.4, 9.6, 4.7, 6.1, 5.8, 6.3
83, 7, 7.1, 7.1, 6.6, 5.7, 3.1, 9.4, 9.5, 9.2, 8.6, 9.7, 4.9, 6.4, 6.2, 6.7
83, 8, 5.7, 6.1, 5.8, 5.3, 3.3, 7.4, 7.8, 7.6, 7.2, 7.8, 3.6, 4.6, 4.8, 4.9
83, 9, 5.0, 6.0, 6.1, 5.8, 4.2, 7.1, 7.9, 8.0, 7.8, 8.0, 4.3, 5.1, 5.8, 5.8
83,10, 3.2, 4.3, 4.5, 4.5, 3.7, 4.2, 5.1, 5.3, 5.3, 5.3, 2.9, 2.6, 3.5, 3.5
83,11, 1.2, 1.5, 1.5, 1.5, 1.3, 1.3, 1.5, 1.6, 1.6, 1.6, 0.6, 0.4, 0.6, 0.7
83,12, 0.9, 1.1, 1.2, 1.2, 1.1, 1.0, 1.2, 1.3, 1.3, 1.3, 0.5, 0.3, 0.5, 0.5
84, 1, 1.4, 1.9, 2.1, 2.2, 2.0, 1.8, 2.2, 2.4, 2.5, 2.5, 1.3, 0.9, 1.4, 1.5
84, 2, 2.0, 2.4, 2.5, 2.5, 2.1, 2.3, 2.7, 2.8, 2.8, 2.8, 1.1, 0.8, 1.2, 1.3
84, 3, 3.6, 4.3, 4.4, 4.3, 3.3, 4.4, 5.1, 5.2, 5.1, 5.2, 2.5, 2.5, 3.1, 3.1
84, 4, 4.6, 5.0, 4.9, 4.5, 3.0, 5.8, 6.1, 6.0, 5.7, 6.1, 2.6, 3.2, 3.5, 3.5
84, 5, 6.5, 6.6, 6.2, 5.4, 3.1, 8.5, 8.6, 8.4, 7.8, 8.8, 4.1, 5.3, 5.2, 5.5
84, 6, 7.3, 7.2, 6.6, 5.6, 2.9,10.0,10.0, 9.6, 9.0,10.3, 5.7, 7.4, 7.0, 7.6
84, 7, 7.9, 7.9, 7.3, 6.3, 3.3,11.3,11.4,11.1,10.4,11.7, 6.7, 8.9, 8.6, 9.2
84, 8, 6.6, 7.1, 6.8, 6.1, 3.8, 9.2, 9.7, 9.5, 9.0, 9.7, 5.1, 6.7, 6.8, 7.1
84, 9, 5.0, 6.0, 6.1, 5.8, 4.2, 6.9, 7.7, 7.7, 7.5, 7.7, 4.2, 4.9, 5.6, 5.6
84,10, 2.6, 3.3, 3.4, 3.4, 2.7, 3.2, 3.7, 3.8, 3.8, 3.9, 1.8, 1.6, 2.1, 2.1
84,11, 1.4, 1.7, 1.7, 1.7, 1.5, 1.5, 1.8, 1.9, 1.9, 1.9, 0.7, 0.5, 0.8, 0.8
84,12, 1.3, 1.8, 1.9, 2.0, 1.8, 1.6, 2.0, 2.1, 2.2, 2.2, 1.1, 0.7, 1.2, 1.3
85, 1, 1.9, 3.0, 3.4, 3.6, 3.3, 2.7, 3.5, 3.9, 4.1, 4.1, 2.5, 1.7, 2.7, 2.9
85, 2, 2.6, 3.7, 4.0, 4.1, 3.5, 3.7, 4.5, 4.7, 4.8, 4.8, 2.7, 2.4, 3.3, 3.3
85, 3, 3.7, 4.5, 4.7, 4.6, 3.5, 4.9, 5.6, 5.7, 5.6, 5.7, 2.8, 3.0, 3.6, 3.6
85, 4, 5.9, 6.7, 6.6, 6.1, 4.1, 8.2, 8.9, 8.8, 8.5, 8.9, 4.7, 5.9, 6.3, 6.4
85, 5, 6.6, 6.7, 6.3, 5.6, 3.2, 8.9, 9.1, 8.9, 8.3, 9.2, 4.7, 6.2, 6.1, 6.4
85, 6, 7.6, 7.3, 6.7, 5.7, 2.9,10.6,10.6,10.2, 9.6,10.9, 6.2, 8.2, 7.8, 8.5
85, 7, 7.6, 7.5, 6.9, 6.0, 3.1,10.7,10.8,10.4, 9.8,11.1, 6.3, 8.4, 8.1, 8.7
85, 8, 6.8, 7.4, 7.1, 6.4, 3.9,10.0,10.5,10.4, 9.9,10.6, 5.9, 7.9, 8.2, 8.4
85, 9, 4.5, 5.4, 5.5, 5.3, 3.9, 6.2, 6.9, 7.0, 6.8, 7.0, 3.5, 4.1, 4.8, 4.8
85,10, 3.3, 4.4, 4.7, 4.8, 3.9, 4.8, 5.6, 5.9, 5.9, 5.9, 3.3, 3.3, 4.2, 4.2
85,11, 1.8, 2.4, 2.7, 2.7, 2.4, 2.3, 2.8, 3.0, 3.0, 3.1, 1.6, 1.2, 1.8, 1.9
85,12, 1.5, 2.3, 2.6, 2.8, 2.6, 2.0, 2.7, 3.0, 3.1, 3.2, 1.9, 1.2, 2.0, 2.1
86, 1, 1.3, 1.6, 1.7, 1.7, 1.5, 1.5, 1.7, 1.8, 1.8, 1.9, 0.7, 0.5, 0.7, 0.8
86, 2, 2.0, 2.6, 2.7, 2.7, 2.3, 2.5, 2.9, 3.0, 3.1, 3.1, 1.4, 1.1, 1.6, 1.7
86, 3, 3.9, 4.8, 5.0, 4.9, 3.7, 5.3, 6.0, 6.1, 6.0, 6.1, 3.0, 3.3, 3.9, 4.0
86, 4, 5.1, 5.7, 5.5, 5.1, 3.4, 6.9, 7.4, 7.3, 7.0, 7.4, 3.4, 4.4, 4.8, 4.8
86, 5, 6.3, 6.3, 5.9, 5.2, 3.0, 8.3, 8.5, 8.3, 7.8, 8.6, 4.3, 5.6, 5.5, 5.9
86, 6, 7.5, 7.3, 6.7, 5.7, 3.0,10.1,10.1, 9.8, 9.1,10.4, 5.7, 7.5, 7.1, 7.7
86, 7, 7.8, 7.8, 7.2, 6.2, 3.3,11.0,11.2,10.8,10.2,11.4, 6.4, 8.6, 8.3, 8.9
86, 8, 6.9, 7.4, 7.1, 6.4, 3.8,10.1,10.6,10.4, 9.9,10.6, 6.0, 8.0, 8.2, 8.5
86, 9, 4.5, 5.3, 5.3, 5.0, 3.6, 6.2, 6.8, 6.9, 6.7, 6.9, 3.5, 4.3, 4.8, 4.8
86,10, 3.6, 4.9, 5.3, 5.4, 4.4, 5.4, 6.4, 6.7, 6.7, 6.7, 4.0, 4.0, 5.1, 5.2
86,11, 1.7, 2.3, 2.5, 2.5, 2.2, 2.2, 2.6, 2.8, 2.8, 2.8, 1.4, 1.1, 1.6, 1.6
86,12, 1.2, 1.6, 1.7, 1.7, 1.5, 1.4, 1.7, 1.8, 1.8, 1.9, 0.7, 0.5, 0.8, 0.8
87, 1, 1.7, 2.7, 3.0, 3.2, 2.9, 2.3, 3.1, 3.4, 3.5, 3.5, 2.1, 1.4, 2.2, 2.4
87, 2, 2.5, 3.5, 3.8, 3.9, 3.3, 3.5, 4.2, 4.5, 4.5, 4.5, 2.4, 2.1, 2.9, 3.0
87, 3, 3.5, 4.2, 4.3, 4.1, 3.1, 4.6, 5.1, 5.2, 5.0, 5.2, 2.3, 2.6, 3.1, 3.1
87, 4, 5.8, 6.5, 6.4, 5.9, 3.9, 8.0, 8.6, 8.5, 8.2, 8.6, 4.4, 5.6, 6.0, 6.1
87, 5, 6.6, 6.7, 6.3, 5.5, 3.1, 8.9, 9.1, 8.8, 8.3, 9.2, 4.8, 6.3, 6.3, 6.6
87, 6, 7.5, 7.3, 6.7, 5.7, 3.0,10.2,10.3, 9.9, 9.2,10.5, 5.8, 7.6, 7.2, 7.9
87, 7, 7.2, 7.1, 6.6, 5.7, 3.0, 9.7, 9.9, 9.5, 8.9,10.1, 5.6, 7.3, 7.1, 7.6
87, 8, 7.2, 7.7, 7.4, 6.7, 4.0,10.6,11.1,11.0,10.5,11.2, 6.5, 8.7, 9.0, 9.3
87, 9, 4.6, 5.5, 5.6, 5.4, 4.0, 6.3, 7.1, 7.2, 7.0, 7.2, 3.6, 4.2, 4.9, 4.9
87,10, 3.8, 5.3, 5.7, 5.8, 4.8, 5.7, 6.8, 7.1, 7.2, 7.2, 4.3, 4.1, 5.4, 5.4
87,11, 1.8, 2.5, 2.8, 2.8, 2.5, 2.3, 2.9, 3.1, 3.1, 3.2, 1.6, 1.2, 1.8, 1.9
87,12, 1.3, 1.9, 2.1, 2.2, 1.9, 1.6, 2.1, 2.2, 2.3, 2.3, 1.2, 0.7, 1.2, 1.3
88, 1, 1.4, 1.8, 1.9, 1.9, 1.7, 1.6, 1.9, 2.0, 2.0, 2.1, 0.8, 0.6, 0.9, 0.9
88, 2, 3.0, 4.4, 4.8, 5.0, 4.3, 4.4, 5.5, 5.8, 5.9, 5.9, 3.5, 3.0, 4.2, 4.3
88, 3, 4.3, 5.3, 5.5, 5.4, 4.1, 6.2, 7.0, 7.2, 7.1, 7.2, 3.8, 4.3, 5.1, 5.2
88, 4, 4.8, 5.2, 5.1, 4.7, 3.2, 6.1, 6.5, 6.4, 6.2, 6.5, 2.8, 3.5, 3.8, 3.8
88, 5, 6.0, 6.0, 5.7, 5.0, 2.9, 7.8, 8.0, 7.7, 7.3, 8.1, 3.9, 5.1, 5.0, 5.3
88, 6, 7.0, 6.8, 6.3, 5.4, 2.8, 9.3, 9.3, 9.0, 8.4, 9.6, 5.1, 6.7, 6.3, 6.9
88, 7, 8.0, 8.0, 7.4, 6.4, 3.3,11.4,11.6,11.2,10.5,11.8, 7.0, 9.2, 8.9, 9.6
88, 8, 7.1, 7.7, 7.4, 6.7, 4.1,10.5,11.1,10.9,10.4,11.1, 6.5, 8.7, 8.9, 9.2
88, 9, 5.6, 6.9, 7.1, 6.8, 4.9, 8.6, 9.7, 9.8, 9.6, 9.8, 5.8, 7.1, 8.0, 8.1
88,10, 3.8, 5.5, 6.0, 6.1, 5.1, 6.0, 7.2, 7.6, 7.7, 7.7, 4.7, 4.6, 6.0, 6.1
88,11, 1.5, 1.9, 2.0, 2.0, 1.7, 1.8, 2.1, 2.2, 2.2, 2.2, 0.9, 0.6, 0.9, 1.0
88,12, 1.4, 2.1, 2.3, 2.4, 2.2, 1.8, 2.3, 2.6, 2.7, 2.7, 1.5, 0.9, 1.6, 1.7
89, 1, 1.6, 2.3, 2.5, 2.6, 2.3, 2.1, 2.6, 2.8, 2.9, 2.9, 1.5, 1.0, 1.6, 1.7
89, 2, 2.7, 3.9, 4.3, 4.4, 3.8, 3.8, 4.7, 5.0, 5.1, 5.1, 3.0, 2.5, 3.5, 3.6
89, 3, 3.2, 3.8, 3.8, 3.7, 2.8, 4.0, 4.5, 4.5, 4.4, 4.6, 1.9, 2.1, 2.5, 2.5
89, 4, 5.3, 5.9, 5.8, 5.3, 3.5, 7.3, 7.9, 7.8, 7.5, 7.9, 4.0, 5.2, 5.6, 5.7
89, 5, 6.2, 6.3, 5.9, 5.2, 3.0, 8.2, 8.4, 8.1, 7.6, 8.5, 4.1, 5.4, 5.3, 5.6
89, 6, 7.6, 7.3, 6.7, 5.7, 2.9,10.5,10.5,10.1, 9.5,10.8, 6.0, 8.1, 7.7, 8.3
89, 7, 7.7, 7.7, 7.1, 6.1, 3.2,11.0,11.1,10.8,10.1,11.4, 6.7, 8.9, 8.6, 9.2
89, 8, 6.6, 7.1, 6.8, 6.2, 3.8, 9.4, 9.9, 9.7, 9.3, 9.9, 5.5, 7.3, 7.5, 7.7
89, 9, 5.3, 6.4, 6.5, 6.3, 4.5, 8.0, 8.9, 9.0, 8.8, 9.0, 5.2, 6.4, 7.2, 7.3
89,10, 3.5, 4.8, 5.2, 5.2, 4.3, 5.2, 6.2, 6.5, 6.5, 6.5, 3.9, 3.8, 4.9, 5.0
89,11, 2.0, 3.0, 3.3, 3.4, 3.1, 2.8, 3.6, 3.8, 4.0, 4.0, 2.3, 1.7, 2.6, 2.7
89,12, 1.4, 2.1, 2.4, 2.5, 2.3, 1.9, 2.4, 2.6, 2.8, 2.8, 1.6, 1.0, 1.6, 1.8
90, 1, 1.5, 2.1, 2.3, 2.4, 2.1, 1.9, 2.3, 2.5, 2.6, 2.6, 1.3, 0.9, 1.4, 1.5
90, 2, 2.6, 3.5, 3.8, 3.8, 3.2, 3.5, 4.3, 4.5, 4.5, 4.5, 2.5, 2.2, 3.0, 3.0
90, 3, 4.0, 4.9, 5.0, 4.9, 3.7, 5.5, 6.3, 6.4, 6.3, 6.4, 3.4, 3.8, 4.5, 4.5
90, 4, 5.3, 5.9, 5.8, 5.4, 3.6, 7.1, 7.6, 7.5, 7.2, 7.6, 3.7, 4.6, 5.0, 5.1
90, 5, 6.0, 6.1, 5.8, 5.1, 3.0, 7.9, 8.1, 7.9, 7.5, 8.2, 4.1, 5.4, 5.3, 5.6
90, 6, 7.6, 7.4, 6.8, 5.8, 3.0,10.5,10.5,10.1, 9.4,10.8, 6.0, 7.9, 7.5, 8.1
90, 7, 7.7, 7.6, 7.0, 6.1, 3.2,10.9,11.0,10.7,10.0,11.3, 6.4, 8.6, 8.3, 8.9
90, 8, 6.3, 6.7, 6.5, 5.8, 3.6, 8.7, 9.1, 8.9, 8.5, 9.2, 4.9, 6.4, 6.6, 6.8
90, 9, 5.5, 6.8, 6.9, 6.7, 4.8, 8.3, 9.3, 9.4, 9.2, 9.4, 5.5, 6.6, 7.5, 7.6
90,10, 3.3, 4.5, 4.8, 4.8, 4.0, 4.8, 5.7, 5.9, 6.0, 6.0, 3.4, 3.3, 4.3, 4.3
90,11, 1.6, 2.1, 2.3, 2.3, 2.0, 2.0, 2.4, 2.5, 2.5, 2.5, 1.1, 0.8, 1.3, 1.3
90,12, 1.4, 2.2, 2.5, 2.7, 2.5, 2.0, 2.6, 2.8, 3.0, 3.0, 1.7, 1.1, 1.8, 2.0
