"City:    ","KODIAK                "
"State:   ","AK"
"WBAN No: ", 25501
"Lat(N):  ", 57.75
"Long(W): ",152.33
"Elev(m): ",    34
"Pres(mb):",  1003
"Stn Type:","Secondary"
"MONTHLY SOLAR RADIATION (kWh/m2/day)"
"COLUMN A: Year"
"COLUMN B: Month"
"COLUMN C: Flat-Plate Collector Facing South at Fixed Tilt=0"
"COLUMN D: Flat-Plate Collector Facing South at Fixed Tilt=Lat-15"
"COLUMN E: Flat-Plate Collector Facing South at Fixed Tilt=Lat"
"COLUMN F: Flat-Plate Collector Facing South at Fixed Tilt=Lat+15"
"COLUMN G: Flat-Plate Collector Facing South at Fixed Tilt=90"
"COLUMN H: 1-Axis Tracking Flat-Plate Collector with North-South Axis, Axis Tilt=0"
"COLUMN I: 1-Axis Tracking Flat-Plate Collector with North-South Axis, Axis Tilt=Lat-15"
"COLUMN J: 1-Axis Tracking Flat-Plate Collector with North-South Axis, Axis Tilt=Lat"
"COLUMN K: 1-Axis Tracking Flat-Plate Collector with North-South Axis, Axis Tilt=Lat+15"
"COLUMN L: 2-Axis Tracking Flat-Plate Collector"
"COLUMN M: 1-Axis Tracking Concentrating Collector with East-West Horizontal Axis"
"COLUMN N: 1-Axis Tracking Concentrating Collector with North-South Horizontal Axis"
"COLUMN O: 1-Axis Tracking Concentrating Collector with North-South Axis, Axis Tilt=Lat"
"COLUMN P: 2-Axis Tracking Concentrating Collector"
"COL A","COL B","COL C","COL D","COL E","COL F","COL G","COL H","COL I","COL J","COL K","COL L","COL M","COL N","COL O","COL P"
61, 1, 0.4, 1.0, 1.1, 1.2, 1.2, 0.7, 1.1, 1.3, 1.3, 1.3, 0.8, 0.4, 0.8, 0.8
61, 2, 1.2, 2.3, 2.5, 2.5, 2.5, 1.9, 2.7, 2.9, 2.9, 2.9, 1.5, 1.0, 1.8, 1.8
61, 3, 2.4, 3.8, 4.0, 3.9, 3.5, 3.8, 4.8, 4.9, 4.9, 5.0, 2.5, 2.3, 3.3, 3.3
61, 4, 3.5, 4.4, 4.2, 3.9, 3.3, 4.9, 5.7, 5.6, 5.3, 5.7, 2.5, 2.9, 3.5, 3.5
61, 5, 4.6, 5.0, 4.7, 4.1, 3.3, 6.5, 6.9, 6.7, 6.4, 7.1, 3.2, 4.2, 4.5, 4.7
61, 6, 4.8, 4.7, 4.3, 3.7, 2.8, 6.1, 6.3, 6.0, 5.6, 6.5, 2.5, 3.2, 3.2, 3.5
61, 7, 4.4, 4.4, 4.0, 3.5, 2.8, 5.6, 5.8, 5.6, 5.2, 6.0, 2.2, 2.8, 2.9, 3.1
61, 8, 3.5, 3.9, 3.7, 3.3, 2.7, 4.7, 5.1, 5.0, 4.7, 5.2, 2.0, 2.5, 2.8, 2.9
61, 9, 2.6, 3.6, 3.6, 3.4, 3.0, 3.8, 4.6, 4.6, 4.5, 4.7, 2.1, 2.3, 3.0, 3.0
61,10, 1.6, 3.0, 3.2, 3.2, 3.0, 2.7, 3.7, 3.9, 3.9, 3.9, 2.2, 1.7, 2.7, 2.7
61,11, 0.7, 1.7, 1.9, 2.0, 2.0, 1.2, 1.9, 2.1, 2.2, 2.2, 1.4, 0.7, 1.5, 1.5
61,12, 0.4, 1.3, 1.5, 1.6, 1.6, 0.8, 1.5, 1.6, 1.8, 1.8, 1.3, 0.5, 1.3, 1.4
62, 1, 0.6, 1.6, 1.8, 2.0, 1.9, 1.0, 1.8, 2.0, 2.1, 2.1, 1.4, 0.6, 1.4, 1.5
62, 2, 1.2, 2.5, 2.7, 2.8, 2.7, 2.0, 3.0, 3.2, 3.3, 3.3, 2.0, 1.4, 2.3, 2.4
62, 3, 2.4, 3.9, 4.1, 4.1, 3.8, 3.9, 5.0, 5.2, 5.1, 5.2, 2.6, 2.4, 3.5, 3.5
62, 4, 3.9, 4.9, 4.8, 4.4, 3.7, 6.0, 6.9, 6.8, 6.5, 6.9, 3.3, 4.1, 4.8, 4.9
62, 5, 4.7, 5.0, 4.6, 4.1, 3.2, 6.4, 6.9, 6.7, 6.3, 7.0, 3.1, 4.0, 4.2, 4.5
62, 6, 5.0, 4.9, 4.4, 3.8, 3.0, 6.6, 6.8, 6.5, 6.1, 7.1, 2.9, 3.7, 3.8, 4.1
62, 7, 4.4, 4.4, 4.0, 3.5, 2.7, 5.6, 5.8, 5.5, 5.2, 5.9, 2.3, 3.0, 3.0, 3.3
62, 8, 3.9, 4.5, 4.2, 3.8, 3.1, 5.6, 6.1, 5.9, 5.7, 6.2, 2.6, 3.3, 3.7, 3.8
62, 9, 2.5, 3.3, 3.3, 3.1, 2.7, 3.6, 4.3, 4.2, 4.1, 4.3, 1.8, 2.0, 2.6, 2.6
62,10, 1.4, 2.5, 2.6, 2.6, 2.4, 2.2, 2.9, 3.0, 3.0, 3.1, 1.6, 1.3, 2.0, 2.0
62,11, 0.6, 1.2, 1.3, 1.3, 1.3, 0.8, 1.3, 1.4, 1.4, 1.4, 0.9, 0.4, 0.9, 1.0
62,12, 0.3, 0.9, 1.1, 1.2, 1.1, 0.6, 1.0, 1.2, 1.2, 1.3, 0.8, 0.3, 0.8, 0.9
63, 1, 0.4, 1.1, 1.3, 1.3, 1.3, 0.7, 1.3, 1.4, 1.4, 1.5, 0.9, 0.4, 0.9, 1.0
63, 2, 1.0, 1.9, 2.0, 2.1, 2.0, 1.5, 2.1, 2.3, 2.3, 2.3, 1.2, 0.7, 1.4, 1.4
63, 3, 2.4, 3.7, 3.8, 3.7, 3.3, 3.8, 4.8, 4.8, 4.7, 4.8, 2.5, 2.5, 3.4, 3.4
63, 4, 3.7, 4.8, 4.7, 4.3, 3.7, 5.5, 6.4, 6.4, 6.1, 6.5, 3.1, 3.6, 4.3, 4.4
63, 5, 4.5, 4.8, 4.4, 3.9, 3.1, 6.1, 6.5, 6.3, 5.9, 6.6, 2.7, 3.5, 3.7, 3.9
63, 6, 5.0, 5.0, 4.5, 3.9, 3.0, 6.7, 6.9, 6.7, 6.3, 7.2, 2.9, 3.8, 3.8, 4.2
63, 7, 4.8, 4.9, 4.5, 3.9, 3.0, 6.4, 6.7, 6.5, 6.1, 6.9, 2.9, 3.8, 3.9, 4.2
63, 8, 4.1, 4.6, 4.3, 3.9, 3.1, 5.7, 6.3, 6.1, 5.8, 6.3, 2.9, 3.7, 4.0, 4.2
63, 9, 2.2, 2.7, 2.6, 2.4, 2.1, 2.6, 3.1, 3.0, 2.9, 3.1, 1.1, 1.1, 1.5, 1.5
63,10, 1.3, 2.2, 2.3, 2.3, 2.1, 1.9, 2.6, 2.7, 2.6, 2.7, 1.4, 1.0, 1.7, 1.7
63,11, 0.7, 1.8, 2.0, 2.1, 2.0, 1.2, 2.0, 2.2, 2.3, 2.3, 1.4, 0.7, 1.5, 1.6
63,12, 0.3, 0.5, 0.6, 0.6, 0.6, 0.3, 0.6, 0.6, 0.6, 0.6, 0.4, 0.1, 0.3, 0.4
64, 1, 0.4, 1.0, 1.2, 1.2, 1.2, 0.7, 1.1, 1.3, 1.3, 1.3, 0.8, 0.3, 0.8, 0.8
64, 2, 1.0, 1.8, 1.9, 1.9, 1.9, 1.4, 2.0, 2.1, 2.2, 2.2, 1.0, 0.6, 1.2, 1.2
64, 3, 2.5, 3.9, 4.1, 4.1, 3.7, 3.8, 4.9, 5.1, 5.0, 5.1, 2.5, 2.3, 3.3, 3.3
64, 4, 3.4, 4.0, 3.8, 3.5, 2.9, 4.6, 5.1, 5.0, 4.8, 5.1, 2.1, 2.5, 3.0, 3.0
64, 5, 4.9, 5.2, 4.9, 4.3, 3.4, 6.9, 7.3, 7.1, 6.7, 7.5, 3.3, 4.3, 4.6, 4.8
64, 6, 4.6, 4.4, 4.0, 3.5, 2.7, 5.7, 5.8, 5.5, 5.2, 6.0, 2.2, 2.8, 2.8, 3.1
64, 7, 4.7, 4.8, 4.4, 3.8, 3.0, 6.3, 6.5, 6.3, 5.9, 6.7, 2.7, 3.5, 3.6, 3.9
64, 8, 3.4, 3.8, 3.6, 3.2, 2.6, 4.3, 4.7, 4.6, 4.3, 4.7, 1.8, 2.1, 2.4, 2.5
64, 9, 2.4, 3.1, 3.1, 2.9, 2.5, 3.2, 3.8, 3.8, 3.6, 3.8, 1.6, 1.7, 2.2, 2.2
64,10, 1.3, 2.2, 2.3, 2.2, 2.0, 1.8, 2.5, 2.6, 2.6, 2.6, 1.3, 0.9, 1.5, 1.5
64,11, 0.6, 1.4, 1.5, 1.5, 1.5, 0.9, 1.5, 1.6, 1.7, 1.7, 1.0, 0.5, 1.1, 1.1
64,12, 0.3, 1.1, 1.3, 1.3, 1.3, 0.6, 1.2, 1.3, 1.4, 1.4, 0.9, 0.3, 0.9, 1.0
65, 1, 0.4, 0.9, 1.0, 1.1, 1.1, 0.6, 1.0, 1.1, 1.2, 1.2, 0.6, 0.3, 0.6, 0.7
65, 2, 1.2, 2.3, 2.5, 2.5, 2.5, 1.8, 2.6, 2.8, 2.8, 2.8, 1.4, 0.9, 1.6, 1.6
65, 3, 1.8, 2.3, 2.3, 2.2, 1.9, 2.2, 2.7, 2.7, 2.6, 2.7, 1.0, 1.0, 1.3, 1.3
65, 4, 3.9, 5.0, 4.9, 4.5, 3.8, 5.8, 6.7, 6.6, 6.3, 6.7, 3.2, 3.8, 4.5, 4.6
65, 5, 4.5, 4.8, 4.5, 3.9, 3.1, 6.0, 6.4, 6.2, 5.9, 6.6, 2.9, 3.6, 3.9, 4.1
65, 6, 4.0, 3.9, 3.5, 3.0, 2.4, 4.7, 4.8, 4.6, 4.2, 5.0, 1.7, 2.1, 2.1, 2.3
65, 7, 3.7, 3.6, 3.3, 2.8, 2.3, 4.3, 4.4, 4.2, 3.9, 4.5, 1.3, 1.6, 1.7, 1.8
65, 8, 3.8, 4.3, 4.1, 3.7, 3.0, 5.2, 5.6, 5.5, 5.2, 5.7, 2.2, 2.7, 3.1, 3.2
65, 9, 2.1, 2.5, 2.5, 2.3, 2.0, 2.6, 3.0, 3.0, 2.9, 3.0, 1.1, 1.1, 1.5, 1.5
65,10, 1.5, 2.8, 3.0, 3.0, 2.8, 2.4, 3.4, 3.5, 3.5, 3.6, 2.1, 1.5, 2.5, 2.5
65,11, 0.7, 1.8, 2.0, 2.0, 2.0, 1.2, 2.0, 2.2, 2.3, 2.3, 1.4, 0.7, 1.5, 1.6
65,12, 0.4, 1.3, 1.5, 1.6, 1.6, 0.7, 1.4, 1.6, 1.7, 1.7, 1.2, 0.4, 1.2, 1.3
66, 1, 0.4, 0.9, 1.0, 1.0, 1.0, 0.6, 1.0, 1.1, 1.1, 1.1, 0.6, 0.3, 0.6, 0.6
66, 2, 1.3, 2.8, 3.1, 3.2, 3.1, 2.3, 3.4, 3.7, 3.7, 3.7, 2.3, 1.5, 2.7, 2.7
66, 3, 2.7, 4.5, 4.7, 4.7, 4.5, 4.3, 5.6, 5.8, 5.8, 5.8, 2.8, 2.5, 3.6, 3.6
66, 4, 3.2, 3.8, 3.7, 3.4, 2.9, 4.3, 4.8, 4.7, 4.5, 4.8, 1.8, 2.1, 2.5, 2.5
66, 5, 4.9, 5.3, 5.0, 4.3, 3.4, 6.9, 7.4, 7.1, 6.7, 7.5, 3.4, 4.3, 4.6, 4.8
66, 6, 3.9, 3.7, 3.3, 2.9, 2.2, 4.4, 4.4, 4.2, 3.8, 4.6, 1.3, 1.6, 1.6, 1.7
66, 7, 4.4, 4.4, 4.1, 3.5, 2.8, 5.6, 5.8, 5.6, 5.2, 6.0, 2.2, 2.8, 2.9, 3.1
66, 8, 3.3, 3.6, 3.3, 3.0, 2.5, 4.1, 4.4, 4.3, 4.0, 4.5, 1.5, 1.9, 2.1, 2.2
66, 9, 2.3, 3.0, 2.9, 2.7, 2.3, 3.1, 3.6, 3.6, 3.4, 3.6, 1.5, 1.6, 2.1, 2.1
66,10, 1.4, 2.5, 2.7, 2.7, 2.5, 2.2, 3.0, 3.2, 3.2, 3.2, 1.7, 1.3, 2.1, 2.1
66,11, 0.6, 1.6, 1.8, 1.9, 1.8, 1.1, 1.8, 2.0, 2.0, 2.0, 1.3, 0.6, 1.4, 1.5
66,12, 0.3, 1.1, 1.3, 1.4, 1.4, 0.6, 1.3, 1.4, 1.5, 1.5, 1.0, 0.4, 1.0, 1.1
67, 1, 0.6, 1.7, 2.0, 2.1, 2.1, 1.1, 2.0, 2.2, 2.3, 2.3, 1.6, 0.7, 1.7, 1.8
67, 2, 1.3, 2.4, 2.6, 2.7, 2.6, 2.0, 2.9, 3.1, 3.1, 3.1, 1.6, 1.1, 1.9, 1.9
67, 3, 2.8, 4.6, 4.8, 4.8, 4.4, 4.7, 6.1, 6.3, 6.2, 6.3, 3.4, 3.3, 4.6, 4.6
67, 4, 4.0, 5.2, 5.1, 4.7, 3.9, 6.0, 7.0, 6.9, 6.7, 7.0, 3.5, 4.1, 4.9, 4.9
67, 5, 4.7, 4.9, 4.6, 4.0, 3.2, 6.4, 6.8, 6.5, 6.2, 6.9, 3.0, 3.8, 4.1, 4.3
67, 6, 3.8, 3.6, 3.2, 2.8, 2.2, 4.1, 4.1, 3.9, 3.6, 4.3, 1.1, 1.4, 1.4, 1.5
67, 7, 5.4, 5.6, 5.1, 4.4, 3.5, 7.5, 7.9, 7.6, 7.2, 8.1, 3.5, 4.6, 4.7, 5.1
67, 8, 3.1, 3.3, 3.1, 2.7, 2.2, 3.6, 3.9, 3.7, 3.5, 3.9, 1.2, 1.4, 1.6, 1.6
67, 9, 2.2, 2.8, 2.7, 2.5, 2.2, 2.8, 3.2, 3.2, 3.1, 3.3, 1.2, 1.2, 1.6, 1.6
67,10, 1.6, 3.0, 3.2, 3.2, 3.0, 2.7, 3.7, 3.9, 3.9, 3.9, 2.2, 1.8, 2.7, 2.8
67,11, 0.6, 1.4, 1.5, 1.5, 1.5, 0.9, 1.5, 1.6, 1.6, 1.7, 1.0, 0.4, 1.0, 1.1
67,12, 0.3, 0.8, 0.9, 0.9, 0.9, 0.5, 0.8, 0.9, 1.0, 1.0, 0.5, 0.2, 0.5, 0.5
68, 1, 0.6, 1.7, 2.0, 2.1, 2.1, 1.1, 1.9, 2.2, 2.3, 2.3, 1.5, 0.7, 1.5, 1.6
68, 2, 0.8, 1.0, 1.1, 1.0, 1.0, 0.9, 1.1, 1.1, 1.1, 1.1, 0.3, 0.2, 0.4, 0.4
68, 3, 2.4, 3.7, 3.7, 3.6, 3.2, 3.7, 4.7, 4.8, 4.7, 4.8, 2.4, 2.4, 3.3, 3.3
68, 4, 3.3, 4.0, 3.9, 3.5, 3.0, 4.6, 5.2, 5.2, 4.9, 5.3, 2.2, 2.6, 3.1, 3.2
68, 5, 4.3, 4.5, 4.2, 3.7, 3.0, 5.6, 5.9, 5.7, 5.4, 6.1, 2.3, 2.9, 3.1, 3.3
68, 6, 5.1, 5.1, 4.6, 4.0, 3.1, 6.6, 6.8, 6.5, 6.1, 7.0, 2.9, 3.7, 3.7, 4.0
68, 7, 4.2, 4.1, 3.8, 3.3, 2.6, 5.2, 5.3, 5.1, 4.8, 5.5, 1.8, 2.4, 2.4, 2.6
68, 8, 3.9, 4.4, 4.2, 3.8, 3.1, 5.5, 6.0, 5.9, 5.6, 6.1, 2.6, 3.4, 3.7, 3.9
68, 9, 2.4, 3.3, 3.3, 3.1, 2.7, 3.5, 4.2, 4.2, 4.1, 4.2, 1.9, 2.0, 2.6, 2.6
68,10, 1.5, 2.9, 3.1, 3.1, 2.9, 2.5, 3.5, 3.7, 3.7, 3.7, 2.2, 1.6, 2.6, 2.7
68,11, 0.5, 1.2, 1.3, 1.4, 1.3, 0.8, 1.4, 1.5, 1.5, 1.5, 0.9, 0.5, 1.0, 1.0
68,12, 0.4, 1.1, 1.3, 1.3, 1.3, 0.6, 1.2, 1.3, 1.4, 1.4, 0.8, 0.3, 0.8, 0.9
69, 1, 0.6, 1.7, 1.9, 2.0, 2.0, 1.0, 1.9, 2.1, 2.2, 2.2, 1.4, 0.6, 1.4, 1.5
69, 2, 1.2, 2.3, 2.5, 2.6, 2.5, 1.9, 2.7, 2.9, 3.0, 3.0, 1.4, 0.9, 1.6, 1.7
69, 3, 2.3, 3.3, 3.4, 3.3, 3.1, 3.2, 4.0, 4.1, 4.0, 4.1, 1.5, 1.4, 2.0, 2.0
69, 4, 2.9, 3.3, 3.2, 2.9, 2.4, 3.6, 4.0, 3.9, 3.7, 4.0, 1.5, 1.8, 2.1, 2.1
69, 5, 3.9, 4.1, 3.8, 3.3, 2.6, 4.9, 5.1, 4.9, 4.6, 5.2, 1.9, 2.4, 2.5, 2.7
69, 6, 4.3, 4.1, 3.8, 3.2, 2.5, 5.2, 5.3, 5.1, 4.8, 5.5, 2.0, 2.6, 2.6, 2.8
69, 7, 3.9, 3.8, 3.5, 3.0, 2.4, 4.5, 4.6, 4.4, 4.1, 4.7, 1.3, 1.7, 1.8, 1.9
69, 8, 4.2, 4.9, 4.7, 4.2, 3.4, 5.9, 6.6, 6.4, 6.1, 6.6, 2.9, 3.6, 4.0, 4.1
69, 9, 2.4, 3.1, 3.1, 2.9, 2.5, 3.3, 3.9, 3.9, 3.8, 3.9, 1.7, 1.8, 2.3, 2.3
69,10, 1.2, 2.0, 2.1, 2.1, 1.9, 1.8, 2.4, 2.5, 2.5, 2.5, 1.3, 1.0, 1.6, 1.6
69,11, 0.6, 1.4, 1.6, 1.6, 1.6, 1.0, 1.6, 1.7, 1.8, 1.8, 1.1, 0.6, 1.2, 1.2
69,12, 0.3, 0.7, 0.8, 0.8, 0.8, 0.4, 0.7, 0.8, 0.8, 0.8, 0.5, 0.2, 0.5, 0.6
70, 1, 0.5, 1.3, 1.4, 1.5, 1.5, 0.8, 1.4, 1.5, 1.6, 1.6, 0.9, 0.4, 1.0, 1.0
70, 2, 0.9, 1.2, 1.3, 1.3, 1.2, 1.0, 1.3, 1.4, 1.4, 1.4, 0.5, 0.3, 0.6, 0.6
70, 3, 1.8, 2.4, 2.4, 2.3, 2.0, 2.3, 2.8, 2.8, 2.8, 2.9, 1.2, 1.2, 1.6, 1.7
70, 4, 3.6, 4.5, 4.4, 4.1, 3.5, 5.2, 5.9, 5.9, 5.7, 6.0, 2.6, 3.1, 3.6, 3.7
70, 5, 4.0, 4.1, 3.8, 3.4, 2.7, 4.9, 5.2, 5.0, 4.7, 5.3, 2.0, 2.5, 2.6, 2.8
70, 6, 4.8, 4.7, 4.3, 3.7, 2.9, 6.2, 6.3, 6.1, 5.7, 6.6, 2.6, 3.3, 3.3, 3.6
70, 7, 3.9, 3.9, 3.5, 3.1, 2.4, 4.7, 4.8, 4.6, 4.3, 5.0, 1.6, 2.0, 2.1, 2.3
70, 8, 3.5, 3.8, 3.6, 3.2, 2.6, 4.4, 4.8, 4.7, 4.4, 4.9, 1.8, 2.2, 2.5, 2.6
70, 9, 2.7, 3.8, 3.8, 3.6, 3.1, 4.2, 5.0, 5.0, 4.9, 5.1, 2.5, 2.8, 3.5, 3.6
70,10, 1.5, 2.8, 2.9, 2.9, 2.7, 2.4, 3.3, 3.5, 3.5, 3.5, 2.0, 1.5, 2.5, 2.5
70,11, 0.6, 1.5, 1.7, 1.8, 1.8, 1.0, 1.8, 1.9, 2.0, 2.0, 1.3, 0.6, 1.4, 1.4
70,12, 0.4, 1.2, 1.4, 1.5, 1.5, 0.7, 1.3, 1.5, 1.6, 1.6, 1.1, 0.4, 1.1, 1.2
71, 1, 0.6, 1.6, 1.8, 2.0, 1.9, 1.0, 1.8, 2.0, 2.1, 2.1, 1.3, 0.6, 1.4, 1.5
71, 2, 1.0, 2.0, 2.1, 2.2, 2.1, 1.7, 2.3, 2.5, 2.5, 2.5, 1.3, 0.9, 1.5, 1.6
71, 3, 2.6, 4.2, 4.4, 4.4, 4.2, 4.3, 5.5, 5.7, 5.7, 5.7, 2.6, 2.5, 3.5, 3.5
71, 4, 3.9, 4.9, 4.9, 4.6, 4.1, 5.9, 6.7, 6.7, 6.6, 6.8, 2.8, 3.4, 4.0, 4.1
71, 5, 3.7, 3.7, 3.5, 3.0, 2.4, 4.6, 4.8, 4.6, 4.3, 4.9, 1.8, 2.3, 2.4, 2.5
71, 6, 3.9, 3.7, 3.3, 2.9, 2.3, 4.6, 4.6, 4.3, 4.0, 4.8, 1.4, 1.8, 1.9, 2.0
71, 7, 4.7, 4.7, 4.3, 3.7, 2.9, 6.2, 6.4, 6.2, 5.8, 6.7, 2.8, 3.7, 3.7, 4.0
71, 8, 3.6, 4.0, 3.8, 3.4, 2.8, 4.8, 5.2, 5.1, 4.8, 5.3, 2.2, 2.6, 2.9, 3.0
71, 9, 2.5, 3.4, 3.3, 3.2, 2.8, 3.4, 4.1, 4.1, 3.9, 4.1, 1.8, 1.8, 2.4, 2.4
71,10, 1.4, 2.6, 2.8, 2.8, 2.6, 2.2, 3.1, 3.3, 3.3, 3.3, 1.9, 1.4, 2.2, 2.3
71,11, 0.7, 1.9, 2.1, 2.2, 2.1, 1.2, 2.1, 2.3, 2.4, 2.4, 1.6, 0.8, 1.7, 1.8
71,12, 0.4, 1.4, 1.6, 1.8, 1.8, 0.8, 1.6, 1.8, 1.9, 1.9, 1.3, 0.5, 1.3, 1.4
72, 1, 0.6, 1.6, 1.9, 2.0, 2.0, 1.0, 1.8, 2.0, 2.2, 2.2, 1.3, 0.6, 1.3, 1.4
72, 2, 1.5, 3.2, 3.6, 3.7, 3.6, 2.7, 4.0, 4.3, 4.3, 4.3, 2.5, 1.8, 3.0, 3.0
72, 3, 3.0, 5.1, 5.4, 5.4, 5.1, 5.2, 6.7, 7.0, 7.0, 6.9, 3.6, 3.4, 4.8, 4.8
72, 4, 4.0, 5.0, 4.9, 4.6, 4.0, 6.0, 6.9, 6.8, 6.6, 6.9, 2.9, 3.7, 4.3, 4.3
72, 5, 4.6, 4.7, 4.4, 3.8, 3.0, 6.1, 6.4, 6.2, 5.8, 6.5, 2.6, 3.3, 3.5, 3.7
72, 6, 4.5, 4.3, 3.9, 3.4, 2.6, 5.3, 5.3, 5.1, 4.7, 5.5, 1.7, 2.2, 2.2, 2.4
72, 7, 5.0, 5.1, 4.7, 4.1, 3.2, 6.8, 7.1, 6.8, 6.4, 7.3, 3.1, 4.0, 4.1, 4.4
72, 8, 3.5, 3.8, 3.6, 3.2, 2.6, 4.4, 4.8, 4.6, 4.3, 4.8, 1.8, 2.1, 2.4, 2.5
72, 9, 2.8, 3.8, 3.8, 3.6, 3.2, 4.1, 4.9, 5.0, 4.8, 5.0, 2.3, 2.5, 3.2, 3.2
72,10, 1.5, 2.6, 2.7, 2.7, 2.5, 2.2, 3.0, 3.2, 3.2, 3.2, 1.7, 1.3, 2.0, 2.1
72,11, 0.7, 1.8, 2.0, 2.1, 2.0, 1.2, 2.0, 2.2, 2.3, 2.3, 1.5, 0.8, 1.6, 1.7
72,12, 0.4, 1.2, 1.4, 1.5, 1.5, 0.7, 1.3, 1.5, 1.6, 1.6, 1.0, 0.4, 1.0, 1.1
73, 1, 0.6, 1.8, 2.0, 2.1, 2.1, 1.1, 2.0, 2.2, 2.3, 2.3, 1.6, 0.8, 1.7, 1.8
73, 2, 1.3, 2.5, 2.8, 2.8, 2.8, 2.1, 3.0, 3.2, 3.3, 3.3, 1.8, 1.2, 2.1, 2.1
73, 3, 2.6, 4.3, 4.5, 4.5, 4.2, 4.2, 5.4, 5.6, 5.6, 5.6, 2.8, 2.5, 3.6, 3.6
73, 4, 3.6, 4.4, 4.3, 3.9, 3.3, 5.1, 5.7, 5.7, 5.4, 5.8, 2.4, 2.9, 3.4, 3.5
73, 5, 3.6, 3.5, 3.2, 2.8, 2.2, 4.0, 4.0, 3.8, 3.5, 4.1, 0.9, 1.1, 1.2, 1.2
73, 6, 4.8, 4.7, 4.2, 3.6, 2.8, 6.3, 6.3, 6.1, 5.7, 6.6, 2.4, 3.3, 3.3, 3.5
73, 7, 4.5, 4.3, 4.0, 3.4, 2.7, 5.6, 5.7, 5.5, 5.1, 5.9, 2.0, 2.7, 2.7, 2.9
73, 8, 4.1, 4.6, 4.4, 3.9, 3.2, 5.7, 6.2, 6.0, 5.7, 6.3, 2.6, 3.3, 3.7, 3.8
73, 9, 2.7, 3.7, 3.7, 3.5, 3.1, 3.9, 4.7, 4.7, 4.6, 4.8, 2.2, 2.3, 3.0, 3.0
73,10, 1.6, 2.9, 3.1, 3.1, 2.9, 2.6, 3.6, 3.7, 3.7, 3.8, 2.0, 1.6, 2.5, 2.5
73,11, 0.8, 2.1, 2.4, 2.5, 2.5, 1.4, 2.5, 2.7, 2.8, 2.8, 2.0, 1.0, 2.1, 2.2
73,12, 0.3, 0.8, 0.9, 1.0, 1.0, 0.5, 0.9, 1.0, 1.0, 1.1, 0.5, 0.2, 0.5, 0.6
74, 1, 0.6, 1.7, 1.9, 2.0, 2.0, 1.1, 1.9, 2.1, 2.2, 2.2, 1.5, 0.7, 1.5, 1.7
74, 2, 1.3, 2.6, 2.9, 3.0, 2.9, 2.2, 3.2, 3.3, 3.4, 3.4, 1.8, 1.2, 2.0, 2.1
74, 3, 2.3, 3.5, 3.7, 3.6, 3.4, 3.4, 4.3, 4.4, 4.4, 4.5, 2.1, 1.8, 2.7, 2.7
74, 4, 3.3, 3.8, 3.6, 3.3, 2.7, 4.3, 4.7, 4.6, 4.4, 4.8, 1.8, 2.2, 2.5, 2.6
74, 5, 4.5, 4.5, 4.2, 3.6, 2.9, 5.8, 6.0, 5.8, 5.5, 6.2, 2.4, 3.1, 3.2, 3.4
74, 6, 6.0, 6.0, 5.5, 4.7, 3.6, 8.5, 8.9, 8.6, 8.1, 9.2, 4.5, 5.8, 5.8, 6.3
74, 7, 4.9, 4.9, 4.5, 3.9, 3.0, 6.7, 6.9, 6.7, 6.3, 7.2, 2.9, 3.9, 4.0, 4.3
74, 8, 4.4, 5.0, 4.7, 4.2, 3.4, 6.4, 7.0, 6.8, 6.5, 7.1, 3.3, 4.3, 4.8, 4.9
74, 9, 2.6, 3.4, 3.3, 3.2, 2.8, 3.5, 4.1, 4.1, 4.0, 4.2, 1.7, 1.7, 2.3, 2.3
74,10, 1.4, 2.3, 2.4, 2.3, 2.2, 2.1, 2.8, 2.9, 2.8, 2.9, 1.4, 1.2, 1.8, 1.8
74,11, 0.7, 1.8, 2.0, 2.0, 2.0, 1.2, 2.0, 2.2, 2.3, 2.3, 1.4, 0.7, 1.5, 1.6
74,12, 0.3, 1.0, 1.1, 1.2, 1.2, 0.6, 1.1, 1.2, 1.3, 1.3, 0.8, 0.3, 0.8, 0.9
75, 1, 0.6, 1.6, 1.8, 1.9, 1.9, 1.0, 1.8, 2.0, 2.1, 2.1, 1.3, 0.6, 1.3, 1.4
75, 2, 1.3, 2.9, 3.2, 3.3, 3.2, 2.3, 3.4, 3.7, 3.8, 3.8, 2.2, 1.3, 2.5, 2.5
75, 3, 2.7, 4.3, 4.6, 4.6, 4.3, 4.4, 5.6, 5.8, 5.8, 5.8, 2.9, 2.7, 3.8, 3.8
75, 4, 3.7, 4.6, 4.5, 4.2, 3.7, 5.3, 6.1, 6.0, 5.8, 6.1, 2.5, 3.0, 3.6, 3.6
75, 5, 4.0, 4.0, 3.7, 3.2, 2.6, 4.8, 4.9, 4.7, 4.4, 5.0, 1.6, 2.0, 2.1, 2.2
75, 6, 4.6, 4.4, 4.0, 3.4, 2.7, 5.5, 5.5, 5.2, 4.9, 5.7, 1.9, 2.4, 2.4, 2.6
75, 7, 4.7, 4.7, 4.3, 3.7, 2.9, 5.9, 6.1, 5.9, 5.5, 6.3, 2.4, 3.1, 3.2, 3.4
75, 8, 4.0, 4.5, 4.2, 3.8, 3.1, 5.6, 6.0, 5.9, 5.6, 6.1, 2.5, 3.2, 3.6, 3.7
75, 9, 2.3, 2.7, 2.6, 2.4, 2.1, 2.8, 3.2, 3.1, 3.0, 3.2, 1.0, 1.1, 1.5, 1.5
75,10, 1.5, 2.6, 2.8, 2.8, 2.6, 2.3, 3.1, 3.3, 3.3, 3.3, 1.8, 1.3, 2.2, 2.2
75,11, 0.7, 1.6, 1.8, 1.9, 1.9, 1.2, 1.9, 2.0, 2.1, 2.1, 1.1, 0.6, 1.2, 1.3
75,12, 0.4, 1.1, 1.3, 1.4, 1.4, 0.7, 1.3, 1.4, 1.5, 1.5, 0.9, 0.4, 1.0, 1.0
76, 1, 0.5, 1.1, 1.3, 1.3, 1.3, 0.8, 1.2, 1.4, 1.4, 1.4, 0.7, 0.3, 0.7, 0.7
76, 2, 1.3, 2.5, 2.7, 2.8, 2.7, 2.1, 3.0, 3.2, 3.2, 3.2, 1.7, 1.1, 1.9, 2.0
76, 3, 2.7, 4.3, 4.5, 4.5, 4.2, 4.3, 5.5, 5.6, 5.6, 5.6, 2.7, 2.6, 3.6, 3.6
76, 4, 3.8, 4.6, 4.5, 4.2, 3.7, 5.3, 6.1, 6.0, 5.8, 6.1, 2.4, 2.9, 3.4, 3.5
76, 5, 4.3, 4.4, 4.0, 3.5, 2.8, 5.5, 5.7, 5.5, 5.1, 5.8, 2.1, 2.7, 2.8, 3.0
76, 6, 5.4, 5.3, 4.8, 4.2, 3.2, 7.3, 7.5, 7.2, 6.8, 7.8, 3.5, 4.5, 4.6, 4.9
76, 7, 4.2, 4.0, 3.7, 3.2, 2.5, 5.0, 5.0, 4.8, 4.4, 5.2, 1.5, 2.0, 2.0, 2.2
76, 8, 3.6, 3.8, 3.6, 3.2, 2.6, 4.6, 4.9, 4.7, 4.5, 4.9, 1.8, 2.2, 2.5, 2.6
76, 9, 2.4, 3.0, 2.9, 2.7, 2.3, 3.1, 3.6, 3.5, 3.4, 3.6, 1.4, 1.5, 1.9, 1.9
76,10, 1.4, 2.4, 2.5, 2.5, 2.3, 2.1, 2.8, 2.9, 2.9, 3.0, 1.5, 1.1, 1.8, 1.8
76,11, 0.6, 1.1, 1.2, 1.2, 1.1, 0.8, 1.2, 1.3, 1.3, 1.3, 0.7, 0.4, 0.7, 0.8
76,12, 0.3, 0.9, 1.1, 1.1, 1.1, 0.6, 1.0, 1.1, 1.2, 1.2, 0.8, 0.3, 0.8, 0.8
77, 1, 0.4, 0.6, 0.6, 0.6, 0.6, 0.4, 0.6, 0.7, 0.7, 0.7, 0.3, 0.1, 0.3, 0.3
77, 2, 0.9, 1.4, 1.4, 1.4, 1.3, 1.1, 1.5, 1.5, 1.5, 1.6, 0.6, 0.4, 0.7, 0.7
77, 3, 2.5, 3.9, 4.0, 3.9, 3.5, 4.0, 5.0, 5.1, 5.1, 5.2, 2.6, 2.5, 3.5, 3.5
77, 4, 3.8, 4.7, 4.5, 4.2, 3.5, 5.6, 6.3, 6.3, 6.0, 6.4, 2.9, 3.6, 4.2, 4.3
77, 5, 4.9, 5.1, 4.8, 4.2, 3.3, 7.0, 7.3, 7.1, 6.7, 7.5, 3.2, 4.3, 4.5, 4.8
77, 6, 4.9, 4.8, 4.3, 3.7, 2.9, 6.2, 6.3, 6.1, 5.7, 6.6, 2.5, 3.3, 3.3, 3.6
77, 7, 4.9, 4.8, 4.4, 3.8, 2.9, 6.5, 6.6, 6.4, 6.0, 6.9, 2.8, 3.6, 3.7, 4.0
77, 8, 3.5, 3.7, 3.5, 3.1, 2.5, 4.2, 4.5, 4.4, 4.1, 4.6, 1.5, 1.9, 2.1, 2.2
77, 9, 3.1, 4.5, 4.6, 4.3, 3.8, 4.9, 6.0, 6.0, 5.9, 6.1, 3.0, 3.3, 4.3, 4.3
77,10, 1.4, 2.3, 2.5, 2.4, 2.2, 2.1, 2.8, 2.9, 2.9, 2.9, 1.5, 1.2, 1.9, 1.9
77,11, 0.8, 1.9, 2.1, 2.2, 2.2, 1.3, 2.2, 2.4, 2.5, 2.5, 1.6, 0.9, 1.7, 1.8
77,12, 0.4, 1.4, 1.7, 1.8, 1.8, 0.8, 1.6, 1.8, 1.9, 2.0, 1.3, 0.5, 1.3, 1.4
78, 1, 0.4, 0.8, 0.9, 0.9, 0.9, 0.6, 0.9, 0.9, 1.0, 1.0, 0.5, 0.2, 0.5, 0.6
78, 2, 0.9, 1.3, 1.3, 1.3, 1.2, 1.1, 1.4, 1.4, 1.4, 1.4, 0.4, 0.3, 0.5, 0.5
78, 3, 2.1, 3.0, 3.0, 2.9, 2.5, 2.9, 3.6, 3.6, 3.5, 3.7, 1.6, 1.5, 2.2, 2.2
78, 4, 3.5, 4.3, 4.1, 3.8, 3.1, 5.0, 5.6, 5.5, 5.3, 5.7, 2.4, 3.0, 3.5, 3.5
78, 5, 3.8, 3.8, 3.4, 3.0, 2.4, 4.5, 4.6, 4.3, 4.1, 4.7, 1.3, 1.7, 1.8, 1.9
78, 6, 5.3, 5.2, 4.7, 4.0, 3.1, 7.0, 7.2, 6.9, 6.5, 7.5, 3.2, 4.1, 4.2, 4.5
78, 7, 4.3, 4.2, 3.8, 3.3, 2.6, 5.0, 5.1, 4.8, 4.5, 5.2, 1.5, 1.9, 2.0, 2.1
78, 8, 4.2, 4.8, 4.6, 4.1, 3.3, 5.9, 6.5, 6.4, 6.0, 6.6, 2.9, 3.7, 4.1, 4.3
78, 9, 2.8, 3.8, 3.7, 3.5, 3.1, 4.1, 4.9, 4.9, 4.7, 4.9, 2.2, 2.4, 3.1, 3.1
78,10, 1.5, 2.8, 3.0, 3.0, 2.8, 2.4, 3.3, 3.5, 3.5, 3.5, 2.0, 1.5, 2.4, 2.4
78,11, 0.7, 1.7, 1.9, 2.0, 2.0, 1.2, 2.0, 2.2, 2.2, 2.2, 1.4, 0.8, 1.5, 1.6
78,12, 0.4, 1.1, 1.2, 1.3, 1.3, 0.6, 1.2, 1.3, 1.4, 1.4, 0.9, 0.4, 0.9, 1.0
79, 1, 0.5, 1.2, 1.4, 1.5, 1.4, 0.8, 1.4, 1.5, 1.6, 1.6, 1.0, 0.4, 1.0, 1.1
79, 2, 1.4, 3.3, 3.7, 3.8, 3.7, 2.7, 4.1, 4.4, 4.5, 4.5, 2.8, 1.9, 3.3, 3.4
79, 3, 2.2, 3.1, 3.2, 3.1, 2.8, 3.0, 3.8, 3.8, 3.8, 3.8, 1.6, 1.5, 2.1, 2.2
79, 4, 3.6, 4.3, 4.2, 3.8, 3.2, 5.0, 5.7, 5.6, 5.3, 5.7, 2.4, 2.9, 3.4, 3.5
79, 5, 4.3, 4.5, 4.2, 3.7, 2.9, 5.5, 5.8, 5.6, 5.2, 5.9, 2.2, 2.7, 2.9, 3.1
79, 6, 5.3, 5.1, 4.7, 4.0, 3.1, 7.1, 7.2, 7.0, 6.6, 7.5, 3.0, 4.0, 4.0, 4.4
79, 7, 4.8, 4.8, 4.4, 3.8, 3.0, 6.4, 6.6, 6.3, 6.0, 6.8, 2.7, 3.5, 3.6, 3.8
79, 8, 4.0, 4.6, 4.3, 3.9, 3.2, 5.5, 6.0, 5.9, 5.6, 6.1, 2.6, 3.2, 3.6, 3.7
79, 9, 2.8, 3.7, 3.6, 3.4, 2.9, 4.1, 4.8, 4.8, 4.6, 4.8, 2.2, 2.5, 3.1, 3.1
79,10, 1.4, 2.4, 2.5, 2.4, 2.2, 2.0, 2.7, 2.8, 2.8, 2.9, 1.4, 1.0, 1.7, 1.7
79,11, 0.7, 1.6, 1.7, 1.8, 1.8, 1.1, 1.8, 1.9, 2.0, 2.0, 1.2, 0.6, 1.3, 1.4
79,12, 0.4, 1.5, 1.8, 1.9, 1.9, 0.8, 1.7, 1.9, 2.0, 2.0, 1.5, 0.6, 1.5, 1.6
80, 1, 0.5, 1.6, 1.8, 1.9, 1.9, 1.0, 1.8, 2.0, 2.1, 2.1, 1.4, 0.6, 1.5, 1.5
80, 2, 1.1, 1.8, 1.9, 1.9, 1.8, 1.5, 2.1, 2.2, 2.2, 2.2, 1.0, 0.7, 1.2, 1.2
80, 3, 2.4, 3.6, 3.6, 3.5, 3.2, 3.5, 4.4, 4.5, 4.4, 4.5, 2.3, 2.1, 3.0, 3.0
80, 4, 3.2, 3.7, 3.5, 3.2, 2.7, 4.1, 4.5, 4.4, 4.2, 4.6, 1.6, 1.9, 2.2, 2.2
80, 5, 3.8, 3.8, 3.5, 3.0, 2.4, 4.4, 4.5, 4.3, 4.1, 4.7, 1.3, 1.6, 1.7, 1.8
80, 6, 5.2, 5.2, 4.8, 4.1, 3.2, 6.8, 7.1, 6.8, 6.4, 7.3, 3.0, 3.8, 3.8, 4.1
80, 7, 4.7, 4.7, 4.3, 3.8, 2.9, 6.1, 6.3, 6.1, 5.7, 6.5, 2.5, 3.2, 3.3, 3.5
80, 8, 4.1, 4.8, 4.5, 4.1, 3.3, 5.7, 6.3, 6.1, 5.8, 6.3, 2.8, 3.4, 3.8, 3.9
80, 9, 2.7, 3.6, 3.6, 3.3, 2.9, 3.8, 4.5, 4.5, 4.3, 4.5, 2.0, 2.2, 2.7, 2.8
80,10, 1.5, 2.8, 3.0, 3.0, 2.8, 2.5, 3.4, 3.5, 3.5, 3.6, 2.0, 1.6, 2.5, 2.5
80,11, 0.7, 1.8, 2.0, 2.1, 2.0, 1.2, 2.0, 2.2, 2.3, 2.3, 1.6, 0.8, 1.7, 1.8
80,12, 0.4, 1.2, 1.4, 1.5, 1.5, 0.7, 1.4, 1.5, 1.6, 1.6, 1.1, 0.4, 1.1, 1.2
81, 1, 0.4, 0.7, 0.8, 0.8, 0.7, 0.5, 0.7, 0.8, 0.8, 0.8, 0.4, 0.2, 0.4, 0.4
81, 2, 1.1, 2.1, 2.3, 2.3, 2.2, 1.7, 2.5, 2.6, 2.7, 2.7, 1.4, 0.9, 1.6, 1.7
81, 3, 2.1, 3.1, 3.1, 3.0, 2.7, 3.1, 3.8, 3.8, 3.8, 3.9, 1.7, 1.7, 2.3, 2.3
81, 4, 3.9, 5.0, 4.8, 4.4, 3.7, 5.8, 6.7, 6.6, 6.4, 6.8, 3.2, 3.8, 4.5, 4.6
81, 5, 4.7, 4.8, 4.5, 3.9, 3.1, 6.2, 6.5, 6.3, 5.9, 6.7, 2.7, 3.5, 3.7, 3.8
81, 6, 6.1, 6.0, 5.5, 4.7, 3.6, 8.7, 9.0, 8.7, 8.3, 9.4, 4.5, 5.9, 5.9, 6.4
81, 7, 4.7, 4.7, 4.3, 3.8, 2.9, 6.0, 6.2, 5.9, 5.6, 6.4, 2.4, 3.1, 3.2, 3.4
81, 8, 3.5, 3.9, 3.7, 3.3, 2.7, 4.6, 5.0, 4.9, 4.6, 5.1, 2.0, 2.5, 2.7, 2.8
81, 9, 2.4, 3.1, 3.1, 2.9, 2.5, 3.3, 4.0, 4.0, 3.8, 4.0, 1.7, 1.9, 2.4, 2.4
81,10, 1.6, 3.0, 3.2, 3.2, 3.0, 2.8, 3.8, 3.9, 3.9, 4.0, 2.3, 1.9, 2.9, 3.0
81,11, 0.6, 1.6, 1.8, 1.9, 1.8, 1.1, 1.8, 2.0, 2.0, 2.0, 1.3, 0.7, 1.4, 1.5
81,12, 0.4, 1.3, 1.4, 1.5, 1.5, 0.7, 1.4, 1.6, 1.7, 1.7, 1.2, 0.5, 1.2, 1.3
82, 1, 0.4, 1.1, 1.2, 1.3, 1.3, 0.7, 1.2, 1.3, 1.4, 1.4, 0.8, 0.3, 0.8, 0.9
82, 2, 1.5, 3.7, 4.1, 4.3, 4.1, 3.0, 4.6, 4.9, 5.1, 5.1, 3.5, 2.4, 4.1, 4.2
82, 3, 2.5, 3.9, 4.0, 3.9, 3.5, 4.0, 5.1, 5.2, 5.1, 5.2, 2.8, 2.8, 3.8, 3.8
82, 4, 3.9, 5.1, 5.0, 4.7, 4.0, 5.8, 6.8, 6.7, 6.5, 6.8, 3.1, 3.7, 4.4, 4.5
82, 5, 4.3, 4.5, 4.2, 3.7, 2.9, 5.7, 6.1, 5.9, 5.5, 6.2, 2.6, 3.3, 3.5, 3.7
82, 6, 3.8, 3.6, 3.3, 2.8, 2.2, 4.3, 4.3, 4.1, 3.8, 4.5, 1.2, 1.6, 1.6, 1.8
82, 7, 4.7, 4.8, 4.4, 3.8, 3.0, 6.1, 6.3, 6.1, 5.7, 6.5, 2.5, 3.3, 3.4, 3.6
82, 8, 4.3, 5.0, 4.8, 4.3, 3.5, 6.2, 6.8, 6.7, 6.4, 6.9, 3.2, 4.0, 4.5, 4.6
82, 9, 2.2, 2.9, 2.9, 2.7, 2.3, 3.0, 3.5, 3.5, 3.4, 3.6, 1.5, 1.5, 2.0, 2.0
82,10, 1.6, 3.0, 3.1, 3.1, 2.9, 2.5, 3.5, 3.7, 3.7, 3.7, 2.1, 1.6, 2.5, 2.6
82,11, 0.6, 1.5, 1.7, 1.7, 1.7, 1.0, 1.7, 1.8, 1.9, 1.9, 1.2, 0.6, 1.3, 1.4
82,12, 0.2, 0.4, 0.4, 0.5, 0.4, 0.3, 0.4, 0.5, 0.5, 0.5, 0.3, 0.1, 0.3, 0.3
83, 1, 0.3, 0.6, 0.7, 0.7, 0.7, 0.4, 0.6, 0.7, 0.7, 0.7, 0.4, 0.1, 0.4, 0.4
83, 2, 0.8, 1.5, 1.6, 1.6, 1.5, 1.1, 1.6, 1.7, 1.7, 1.8, 1.0, 0.6, 1.1, 1.1
83, 3, 1.4, 1.8, 1.7, 1.6, 1.4, 1.6, 1.9, 1.9, 1.8, 1.9, 0.6, 0.5, 0.8, 0.8
83, 4, 3.4, 4.0, 3.9, 3.6, 3.0, 4.5, 5.1, 5.0, 4.8, 5.1, 2.2, 2.5, 3.0, 3.1
83, 5, 3.4, 3.5, 3.2, 2.8, 2.3, 3.9, 4.1, 3.9, 3.6, 4.2, 1.3, 1.5, 1.6, 1.7
83, 6, 4.3, 4.2, 3.8, 3.3, 2.6, 5.5, 5.6, 5.4, 5.0, 5.8, 2.2, 2.9, 2.9, 3.1
83, 7, 4.5, 4.5, 4.1, 3.6, 2.8, 5.8, 6.0, 5.8, 5.4, 6.2, 2.3, 3.0, 3.1, 3.3
83, 8, 3.8, 4.3, 4.1, 3.7, 3.0, 5.1, 5.6, 5.4, 5.1, 5.6, 2.2, 2.7, 3.0, 3.2
83, 9, 2.9, 4.1, 4.1, 3.9, 3.4, 4.4, 5.4, 5.4, 5.2, 5.4, 2.7, 2.8, 3.7, 3.7
83,10, 1.4, 2.4, 2.5, 2.5, 2.3, 2.1, 2.8, 2.9, 2.9, 3.0, 1.6, 1.2, 2.0, 2.0
83,11, 0.5, 1.2, 1.3, 1.4, 1.4, 0.8, 1.4, 1.5, 1.5, 1.5, 0.9, 0.5, 1.0, 1.0
83,12, 0.3, 0.7, 0.8, 0.8, 0.8, 0.4, 0.7, 0.8, 0.8, 0.8, 0.5, 0.2, 0.5, 0.5
84, 1, 0.4, 0.9, 1.0, 1.1, 1.1, 0.6, 1.0, 1.1, 1.2, 1.2, 0.7, 0.3, 0.7, 0.7
84, 2, 1.1, 2.1, 2.3, 2.4, 2.3, 1.7, 2.5, 2.6, 2.7, 2.7, 1.4, 0.9, 1.5, 1.6
84, 3, 1.8, 2.4, 2.4, 2.3, 2.1, 2.5, 3.0, 3.0, 2.9, 3.0, 1.3, 1.3, 1.8, 1.8
84, 4, 3.3, 4.0, 3.9, 3.6, 3.0, 4.5, 5.1, 5.1, 4.8, 5.2, 2.1, 2.5, 3.0, 3.1
84, 5, 4.6, 4.8, 4.5, 3.9, 3.1, 6.5, 6.9, 6.7, 6.3, 7.0, 3.0, 4.0, 4.2, 4.4
84, 6, 4.7, 4.5, 4.1, 3.5, 2.7, 6.0, 6.1, 5.9, 5.5, 6.4, 2.5, 3.2, 3.3, 3.5
84, 7, 4.3, 4.2, 3.8, 3.3, 2.6, 5.1, 5.3, 5.0, 4.7, 5.4, 1.9, 2.4, 2.5, 2.7
84, 8, 4.0, 4.6, 4.4, 3.9, 3.2, 5.6, 6.2, 6.1, 5.7, 6.3, 2.8, 3.5, 3.9, 4.0
84, 9, 2.5, 3.3, 3.2, 3.0, 2.6, 3.5, 4.1, 4.1, 4.0, 4.1, 1.9, 2.0, 2.6, 2.6
84,10, 1.6, 3.3, 3.6, 3.6, 3.4, 2.8, 4.1, 4.3, 4.3, 4.3, 2.7, 2.0, 3.3, 3.3
84,11, 0.7, 1.7, 1.9, 2.0, 2.0, 1.2, 2.0, 2.2, 2.2, 2.3, 1.5, 0.8, 1.6, 1.7
84,12, 0.3, 0.7, 0.7, 0.8, 0.8, 0.4, 0.7, 0.8, 0.8, 0.8, 0.5, 0.2, 0.4, 0.5
85, 1, 0.4, 0.8, 0.9, 0.9, 0.9, 0.5, 0.9, 1.0, 1.0, 1.0, 0.6, 0.3, 0.6, 0.6
85, 2, 1.2, 2.5, 2.7, 2.8, 2.7, 2.0, 2.9, 3.1, 3.2, 3.2, 1.8, 1.1, 2.0, 2.1
85, 3, 2.3, 3.5, 3.6, 3.5, 3.2, 3.5, 4.4, 4.5, 4.4, 4.5, 2.2, 2.1, 3.0, 3.0
85, 4, 4.0, 5.1, 5.0, 4.7, 4.1, 6.0, 6.9, 6.9, 6.7, 6.9, 3.2, 3.8, 4.5, 4.6
85, 5, 4.5, 4.7, 4.4, 3.8, 3.0, 6.1, 6.5, 6.3, 5.9, 6.6, 2.8, 3.7, 3.9, 4.1
85, 6, 4.3, 4.1, 3.8, 3.2, 2.5, 5.3, 5.4, 5.2, 4.8, 5.6, 2.0, 2.6, 2.6, 2.8
85, 7, 3.8, 3.7, 3.4, 2.9, 2.3, 4.5, 4.5, 4.3, 4.0, 4.7, 1.5, 1.9, 1.9, 2.1
85, 8, 3.7, 4.2, 4.0, 3.5, 2.9, 4.8, 5.3, 5.2, 4.9, 5.3, 2.2, 2.6, 3.0, 3.1
85, 9, 2.7, 3.7, 3.7, 3.5, 3.0, 3.8, 4.6, 4.6, 4.4, 4.6, 2.1, 2.2, 2.9, 2.9
85,10, 1.6, 3.0, 3.2, 3.2, 3.0, 2.6, 3.7, 3.9, 3.9, 3.9, 2.3, 1.8, 2.8, 2.8
85,11, 0.6, 1.5, 1.6, 1.7, 1.6, 1.0, 1.7, 1.8, 1.9, 1.9, 1.2, 0.6, 1.3, 1.3
85,12, 0.3, 0.6, 0.6, 0.6, 0.6, 0.3, 0.6, 0.6, 0.7, 0.7, 0.4, 0.2, 0.4, 0.4
86, 1, 0.4, 0.8, 0.9, 0.9, 0.9, 0.6, 0.9, 1.0, 1.0, 1.0, 0.5, 0.2, 0.6, 0.6
86, 2, 1.2, 2.4, 2.6, 2.7, 2.5, 2.0, 2.8, 3.0, 3.1, 3.1, 1.8, 1.2, 2.1, 2.1
86, 3, 2.2, 3.4, 3.5, 3.5, 3.2, 3.4, 4.3, 4.4, 4.3, 4.4, 2.1, 2.0, 2.8, 2.8
86, 4, 3.9, 4.8, 4.7, 4.3, 3.6, 5.9, 6.7, 6.6, 6.4, 6.7, 3.1, 3.9, 4.5, 4.6
86, 5, 4.7, 4.9, 4.6, 4.0, 3.2, 6.7, 7.1, 6.9, 6.5, 7.3, 3.2, 4.3, 4.5, 4.8
86, 6, 3.5, 3.3, 3.0, 2.5, 2.0, 3.8, 3.8, 3.6, 3.3, 4.0, 1.0, 1.3, 1.3, 1.4
86, 7, 5.1, 5.2, 4.8, 4.1, 3.2, 6.8, 7.1, 6.9, 6.5, 7.3, 3.3, 4.2, 4.3, 4.6
86, 8, 3.4, 3.7, 3.5, 3.1, 2.5, 4.4, 4.8, 4.6, 4.4, 4.8, 1.8, 2.2, 2.5, 2.6
86, 9, 2.5, 3.3, 3.3, 3.1, 2.7, 3.4, 4.0, 4.0, 3.9, 4.1, 1.7, 1.8, 2.3, 2.3
86,10, 1.3, 2.2, 2.3, 2.3, 2.1, 1.9, 2.6, 2.7, 2.7, 2.8, 1.5, 1.1, 1.8, 1.9
86,11, 0.6, 1.4, 1.5, 1.6, 1.5, 0.9, 1.5, 1.7, 1.7, 1.7, 1.1, 0.5, 1.1, 1.2
86,12, 0.3, 0.7, 0.8, 0.8, 0.8, 0.4, 0.7, 0.8, 0.9, 0.9, 0.5, 0.2, 0.5, 0.6
87, 1, 0.4, 1.0, 1.2, 1.2, 1.2, 0.6, 1.1, 1.2, 1.3, 1.3, 0.8, 0.3, 0.8, 0.9
87, 2, 1.1, 2.1, 2.2, 2.2, 2.1, 1.7, 2.5, 2.6, 2.6, 2.6, 1.5, 1.1, 1.8, 1.9
87, 3, 2.1, 3.2, 3.3, 3.2, 2.9, 3.2, 4.0, 4.1, 4.1, 4.2, 2.1, 2.0, 2.8, 2.8
87, 4, 2.9, 3.3, 3.2, 2.9, 2.4, 3.8, 4.2, 4.1, 3.9, 4.2, 1.5, 1.9, 2.2, 2.2
87, 5, 4.2, 4.4, 4.1, 3.6, 2.9, 5.5, 5.8, 5.6, 5.3, 5.9, 2.5, 3.0, 3.2, 3.4
87, 6, 3.4, 3.1, 2.8, 2.5, 1.9, 3.7, 3.6, 3.4, 3.2, 3.8, 0.9, 1.2, 1.2, 1.3
87, 7, 4.8, 4.9, 4.5, 3.9, 3.1, 6.3, 6.6, 6.4, 6.0, 6.8, 2.9, 3.7, 3.8, 4.1
87, 8, 3.9, 4.4, 4.2, 3.8, 3.1, 5.5, 6.0, 5.8, 5.6, 6.0, 2.5, 3.3, 3.7, 3.8
87, 9, 2.3, 3.0, 3.0, 2.8, 2.4, 3.2, 3.8, 3.8, 3.6, 3.8, 1.6, 1.7, 2.2, 2.2
87,10, 1.4, 2.5, 2.6, 2.6, 2.4, 2.2, 3.0, 3.1, 3.1, 3.2, 1.7, 1.3, 2.1, 2.1
87,11, 0.6, 1.4, 1.5, 1.5, 1.5, 1.0, 1.5, 1.6, 1.7, 1.7, 1.0, 0.5, 1.1, 1.1
87,12, 0.4, 1.3, 1.5, 1.6, 1.6, 0.8, 1.5, 1.7, 1.8, 1.8, 1.3, 0.5, 1.3, 1.4
88, 1, 0.4, 1.1, 1.3, 1.3, 1.3, 0.7, 1.2, 1.4, 1.4, 1.4, 0.9, 0.4, 0.9, 1.0
88, 2, 0.9, 1.4, 1.5, 1.5, 1.4, 1.1, 1.6, 1.6, 1.6, 1.6, 0.8, 0.5, 0.9, 0.9
88, 3, 2.0, 2.7, 2.7, 2.6, 2.3, 2.7, 3.3, 3.3, 3.2, 3.3, 1.5, 1.5, 2.0, 2.0
88, 4, 3.0, 3.5, 3.4, 3.1, 2.7, 4.0, 4.5, 4.4, 4.2, 4.5, 1.7, 2.1, 2.5, 2.5
88, 5, 3.7, 3.6, 3.3, 2.9, 2.3, 4.6, 4.7, 4.5, 4.2, 4.8, 1.5, 2.0, 2.1, 2.3
88, 6, 4.1, 4.0, 3.6, 3.1, 2.4, 4.8, 4.8, 4.6, 4.2, 5.0, 1.5, 1.9, 1.9, 2.1
88, 7, 4.2, 4.1, 3.8, 3.3, 2.6, 5.1, 5.3, 5.0, 4.7, 5.4, 2.0, 2.5, 2.6, 2.8
88, 8, 3.6, 4.0, 3.8, 3.4, 2.7, 4.8, 5.2, 5.1, 4.8, 5.3, 2.0, 2.6, 2.8, 2.9
88, 9, 2.5, 3.6, 3.6, 3.4, 2.9, 3.7, 4.5, 4.6, 4.4, 4.6, 2.2, 2.3, 3.1, 3.1
88,10, 1.3, 2.2, 2.3, 2.3, 2.1, 1.9, 2.6, 2.7, 2.7, 2.7, 1.5, 1.1, 1.8, 1.8
88,11, 0.6, 1.6, 1.8, 1.8, 1.8, 1.1, 1.8, 2.0, 2.0, 2.0, 1.3, 0.7, 1.4, 1.4
88,12, 0.3, 1.0, 1.1, 1.2, 1.2, 0.6, 1.1, 1.2, 1.3, 1.3, 0.9, 0.3, 0.9, 0.9
89, 1, 0.6, 1.8, 2.1, 2.2, 2.2, 1.1, 2.1, 2.3, 2.4, 2.4, 1.6, 0.7, 1.7, 1.8
89, 2, 1.1, 2.2, 2.4, 2.4, 2.3, 1.9, 2.6, 2.8, 2.8, 2.8, 1.6, 1.1, 1.9, 1.9
89, 3, 2.4, 4.0, 4.1, 4.1, 3.7, 3.8, 5.0, 5.2, 5.1, 5.2, 3.0, 2.6, 3.8, 3.9
89, 4, 3.0, 3.6, 3.5, 3.2, 2.7, 4.1, 4.6, 4.6, 4.4, 4.7, 2.0, 2.4, 2.8, 2.9
89, 5, 4.3, 4.5, 4.2, 3.7, 2.9, 5.7, 6.0, 5.8, 5.4, 6.1, 2.5, 3.2, 3.4, 3.6
89, 6, 4.3, 4.2, 3.8, 3.2, 2.5, 5.4, 5.5, 5.2, 4.9, 5.7, 2.2, 2.8, 2.8, 3.1
89, 7, 4.7, 4.7, 4.3, 3.8, 2.9, 6.1, 6.3, 6.1, 5.7, 6.5, 2.8, 3.5, 3.6, 3.9
89, 8, 3.2, 3.4, 3.2, 2.9, 2.3, 4.1, 4.4, 4.2, 4.0, 4.4, 1.5, 2.0, 2.2, 2.2
89, 9, 2.2, 2.8, 2.8, 2.6, 2.3, 3.0, 3.5, 3.4, 3.3, 3.5, 1.4, 1.5, 1.9, 1.9
89,10, 1.5, 2.8, 2.9, 2.9, 2.7, 2.4, 3.3, 3.5, 3.5, 3.5, 2.0, 1.5, 2.5, 2.5
89,11, 0.7, 1.7, 1.9, 2.0, 2.0, 1.2, 2.0, 2.1, 2.2, 2.2, 1.3, 0.7, 1.4, 1.5
89,12, 0.3, 0.8, 0.9, 0.9, 0.9, 0.5, 0.8, 0.9, 1.0, 1.0, 0.6, 0.3, 0.6, 0.7
90, 1, 0.5, 1.2, 1.4, 1.5, 1.5, 0.8, 1.4, 1.5, 1.6, 1.6, 0.9, 0.4, 0.9, 1.0
90, 2, 1.3, 2.5, 2.7, 2.8, 2.7, 2.0, 2.9, 3.1, 3.2, 3.2, 1.6, 1.1, 1.9, 2.0
90, 3, 2.2, 3.3, 3.3, 3.2, 2.9, 3.3, 4.1, 4.2, 4.1, 4.2, 2.1, 2.1, 2.8, 2.8
90, 4, 3.2, 3.8, 3.7, 3.3, 2.8, 4.4, 4.9, 4.9, 4.7, 5.0, 2.3, 2.8, 3.3, 3.3
90, 5, 3.4, 3.4, 3.1, 2.7, 2.2, 4.0, 4.1, 4.0, 3.7, 4.3, 1.2, 1.5, 1.6, 1.7
90, 6, 5.0, 4.8, 4.4, 3.8, 2.9, 6.6, 6.8, 6.5, 6.1, 7.1, 3.0, 4.0, 4.0, 4.3
90, 7, 4.0, 3.9, 3.6, 3.1, 2.4, 5.0, 5.1, 4.9, 4.6, 5.3, 2.0, 2.6, 2.7, 2.9
90, 8, 3.9, 4.5, 4.3, 3.9, 3.2, 5.5, 6.1, 5.9, 5.7, 6.1, 2.7, 3.4, 3.8, 3.9
90, 9, 2.6, 3.5, 3.5, 3.3, 2.9, 3.7, 4.5, 4.5, 4.3, 4.5, 2.0, 2.1, 2.8, 2.8
90,10, 1.6, 3.0, 3.3, 3.3, 3.0, 2.7, 3.7, 3.9, 3.9, 3.9, 2.3, 1.8, 2.8, 2.9
90,11, 0.7, 2.0, 2.2, 2.3, 2.3, 1.4, 2.3, 2.5, 2.6, 2.6, 1.7, 0.9, 1.9, 2.0
90,12, 0.4, 1.2, 1.4, 1.5, 1.5, 0.7, 1.4, 1.5, 1.6, 1.7, 1.1, 0.4, 1.1, 1.1
