"City:    ","GULKANA               "
"State:   ","AK"
"WBAN No: ", 26425
"Lat(N):  ", 62.15
"Long(W): ",145.45
"Elev(m): ",   481
"Pres(mb):",   952
"Stn Type:","Secondary"
"MONTHLY SOLAR RADIATION (kWh/m2/day)"
"COLUMN A: Year"
"COLUMN B: Month"
"COLUMN C: Flat-Plate Collector Facing South at Fixed Tilt=0"
"COLUMN D: Flat-Plate Collector Facing South at Fixed Tilt=Lat-15"
"COLUMN E: Flat-Plate Collector Facing South at Fixed Tilt=Lat"
"COLUMN F: Flat-Plate Collector Facing South at Fixed Tilt=Lat+15"
"COLUMN G: Flat-Plate Collector Facing South at Fixed Tilt=90"
"COLUMN H: 1-Axis Tracking Flat-Plate Collector with North-South Axis, Axis Tilt=0"
"COLUMN I: 1-Axis Tracking Flat-Plate Collector with North-South Axis, Axis Tilt=Lat-15"
"COLUMN J: 1-Axis Tracking Flat-Plate Collector with North-South Axis, Axis Tilt=Lat"
"COLUMN K: 1-Axis Tracking Flat-Plate Collector with North-South Axis, Axis Tilt=Lat+15"
"COLUMN L: 2-Axis Tracking Flat-Plate Collector"
"COLUMN M: 1-Axis Tracking Concentrating Collector with East-West Horizontal Axis"
"COLUMN N: 1-Axis Tracking Concentrating Collector with North-South Horizontal Axis"
"COLUMN O: 1-Axis Tracking Concentrating Collector with North-South Axis, Axis Tilt=Lat"
"COLUMN P: 2-Axis Tracking Concentrating Collector"
"COL A","COL B","COL C","COL D","COL E","COL F","COL G","COL H","COL I","COL J","COL K","COL L","COL M","COL N","COL O","COL P"
61, 1, 0.3, 1.1, 1.2, 1.3, 1.3, 0.6, 1.2, 1.3, 1.4, 1.4, 0.9, 0.3, 0.9, 0.9
61, 2, 1.0, 2.3, 2.6, 2.7, 2.6, 1.7, 2.8, 2.9, 3.0, 3.0, 1.6, 0.9, 1.8, 1.9
61, 3, 2.6, 4.9, 5.2, 5.2, 4.9, 4.6, 6.3, 6.6, 6.5, 6.5, 3.4, 3.0, 4.5, 4.5
61, 4, 4.0, 5.4, 5.4, 5.1, 4.7, 6.3, 7.6, 7.6, 7.4, 7.6, 3.3, 4.0, 4.8, 4.9
61, 5, 5.1, 5.6, 5.2, 4.6, 3.9, 7.6, 8.3, 8.1, 7.7, 8.5, 3.9, 5.1, 5.5, 5.8
61, 6, 5.3, 5.2, 4.7, 4.1, 3.4, 7.3, 7.7, 7.4, 7.0, 8.0, 3.5, 4.5, 4.6, 5.1
61, 7, 4.9, 5.0, 4.6, 4.0, 3.3, 6.8, 7.2, 6.9, 6.6, 7.4, 3.0, 3.9, 4.1, 4.4
61, 8, 4.0, 4.8, 4.6, 4.1, 3.6, 5.7, 6.5, 6.3, 6.0, 6.5, 3.0, 3.5, 4.1, 4.2
61, 9, 2.4, 3.4, 3.4, 3.2, 2.9, 3.5, 4.4, 4.4, 4.2, 4.4, 2.0, 2.1, 2.8, 2.8
61,10, 1.3, 2.5, 2.7, 2.7, 2.6, 2.1, 3.0, 3.1, 3.1, 3.2, 1.6, 1.2, 2.0, 2.0
61,11, 0.4, 1.4, 1.6, 1.7, 1.7, 0.8, 1.6, 1.8, 1.8, 1.9, 1.1, 0.5, 1.2, 1.2
61,12, 0.2, 0.8, 0.9, 1.0, 1.0, 0.3, 0.8, 0.9, 1.0, 1.0, 0.8, 0.2, 0.7, 0.8
62, 1, 0.3, 1.3, 1.5, 1.6, 1.6, 0.7, 1.5, 1.7, 1.8, 1.8, 1.2, 0.5, 1.2, 1.3
62, 2, 1.0, 2.6, 2.8, 2.9, 2.9, 1.9, 3.0, 3.3, 3.3, 3.3, 1.9, 1.1, 2.1, 2.2
62, 3, 2.6, 4.8, 5.0, 5.0, 4.8, 4.7, 6.3, 6.4, 6.4, 6.4, 3.2, 3.0, 4.3, 4.3
62, 4, 4.3, 5.9, 5.9, 5.6, 5.2, 6.8, 8.1, 8.2, 8.0, 8.2, 3.5, 4.1, 5.0, 5.1
62, 5, 4.7, 5.2, 4.9, 4.4, 3.8, 6.9, 7.5, 7.3, 7.0, 7.6, 3.1, 4.1, 4.4, 4.7
62, 6, 5.3, 5.3, 4.8, 4.2, 3.4, 7.4, 7.7, 7.4, 7.0, 8.0, 3.5, 4.5, 4.6, 5.0
62, 7, 5.6, 5.9, 5.5, 4.7, 4.0, 8.1, 8.7, 8.4, 7.9, 8.9, 4.1, 5.2, 5.5, 5.9
62, 8, 4.3, 5.2, 5.0, 4.4, 3.8, 6.3, 7.2, 7.0, 6.7, 7.2, 3.4, 4.1, 4.7, 4.9
62, 9, 2.6, 4.0, 4.0, 3.8, 3.5, 4.1, 5.2, 5.2, 5.0, 5.2, 2.6, 2.6, 3.5, 3.5
62,10, 1.4, 2.9, 3.0, 3.0, 2.9, 2.3, 3.5, 3.6, 3.6, 3.6, 2.2, 1.5, 2.6, 2.7
62,11, 0.4, 1.2, 1.4, 1.4, 1.4, 0.7, 1.4, 1.5, 1.5, 1.5, 0.9, 0.4, 0.9, 1.0
62,12, 0.2, 0.7, 0.8, 0.8, 0.9, 0.3, 0.7, 0.8, 0.9, 0.9, 0.6, 0.2, 0.6, 0.6
63, 1, 0.3, 0.8, 0.9, 0.9, 0.9, 0.4, 0.8, 0.9, 1.0, 1.0, 0.5, 0.2, 0.5, 0.6
63, 2, 1.0, 2.4, 2.6, 2.7, 2.7, 1.7, 2.8, 3.0, 3.0, 3.0, 1.6, 0.9, 1.8, 1.9
63, 3, 2.5, 4.3, 4.5, 4.5, 4.3, 4.2, 5.6, 5.8, 5.7, 5.8, 2.8, 2.6, 3.7, 3.7
63, 4, 4.0, 5.5, 5.5, 5.3, 4.9, 6.5, 7.7, 7.8, 7.6, 7.8, 3.4, 4.0, 4.9, 5.0
63, 5, 5.2, 5.7, 5.2, 4.6, 3.8, 7.9, 8.6, 8.4, 7.9, 8.8, 4.1, 5.4, 5.7, 6.1
63, 6, 5.3, 5.4, 4.9, 4.2, 3.5, 7.4, 7.8, 7.5, 7.1, 8.1, 3.3, 4.3, 4.4, 4.8
63, 7, 5.2, 5.5, 5.1, 4.4, 3.7, 7.2, 7.8, 7.5, 7.1, 8.0, 3.6, 4.5, 4.7, 5.1
63, 8, 4.2, 5.2, 4.9, 4.4, 3.8, 6.4, 7.3, 7.1, 6.8, 7.3, 3.3, 4.1, 4.8, 4.9
63, 9, 2.5, 3.6, 3.6, 3.4, 3.1, 3.7, 4.6, 4.6, 4.5, 4.7, 2.2, 2.2, 3.0, 3.0
63,10, 1.3, 2.5, 2.7, 2.7, 2.5, 2.0, 3.0, 3.1, 3.1, 3.1, 1.8, 1.2, 2.1, 2.1
63,11, 0.4, 1.6, 1.8, 1.9, 1.9, 0.9, 1.8, 2.0, 2.0, 2.1, 1.5, 0.6, 1.5, 1.6
63,12, 0.1, 0.5, 0.6, 0.6, 0.6, 0.2, 0.6, 0.6, 0.7, 0.7, 0.4, 0.1, 0.4, 0.5
64, 1, 0.3, 1.0, 1.2, 1.2, 1.2, 0.6, 1.1, 1.3, 1.3, 1.3, 0.8, 0.3, 0.8, 0.9
64, 2, 0.9, 2.0, 2.2, 2.2, 2.2, 1.5, 2.3, 2.5, 2.5, 2.5, 1.3, 0.7, 1.4, 1.5
64, 3, 2.6, 4.8, 5.1, 5.1, 4.9, 4.6, 6.3, 6.5, 6.4, 6.4, 3.4, 3.0, 4.4, 4.4
64, 4, 4.0, 5.3, 5.3, 5.1, 4.7, 5.9, 7.0, 7.0, 6.8, 7.0, 2.7, 3.1, 3.8, 3.8
64, 5, 5.3, 5.8, 5.4, 4.8, 4.1, 7.8, 8.4, 8.2, 7.8, 8.6, 3.8, 5.0, 5.3, 5.6
64, 6, 5.0, 5.0, 4.5, 3.9, 3.2, 6.8, 7.0, 6.8, 6.4, 7.3, 2.9, 3.8, 3.8, 4.2
64, 7, 4.9, 5.2, 4.8, 4.1, 3.5, 6.7, 7.1, 6.9, 6.5, 7.3, 3.2, 3.9, 4.1, 4.4
64, 8, 3.8, 4.5, 4.2, 3.8, 3.3, 5.2, 5.8, 5.7, 5.4, 5.9, 2.4, 2.9, 3.3, 3.4
64, 9, 2.5, 3.7, 3.7, 3.5, 3.1, 3.8, 4.7, 4.7, 4.6, 4.8, 2.3, 2.4, 3.1, 3.2
64,10, 1.1, 2.2, 2.3, 2.3, 2.2, 1.7, 2.5, 2.6, 2.6, 2.7, 1.5, 0.9, 1.7, 1.7
64,11, 0.4, 1.4, 1.5, 1.6, 1.6, 0.8, 1.5, 1.6, 1.7, 1.7, 1.1, 0.4, 1.1, 1.2
64,12, 0.2, 0.7, 0.9, 0.9, 0.9, 0.3, 0.8, 0.9, 0.9, 1.0, 0.7, 0.2, 0.7, 0.8
65, 1, 0.3, 1.0, 1.1, 1.1, 1.1, 0.5, 1.0, 1.1, 1.2, 1.2, 0.7, 0.2, 0.7, 0.8
65, 2, 1.0, 2.3, 2.5, 2.6, 2.6, 1.7, 2.7, 2.9, 3.0, 2.9, 1.5, 0.9, 1.7, 1.7
65, 3, 2.1, 3.3, 3.5, 3.4, 3.3, 3.0, 4.0, 4.1, 4.1, 4.1, 1.6, 1.3, 2.1, 2.1
65, 4, 3.7, 4.8, 4.7, 4.3, 3.8, 5.5, 6.5, 6.4, 6.2, 6.5, 2.8, 3.3, 4.1, 4.1
65, 5, 4.9, 5.3, 4.8, 4.2, 3.6, 7.0, 7.6, 7.3, 6.9, 7.7, 3.2, 4.2, 4.5, 4.7
65, 6, 4.9, 4.8, 4.3, 3.7, 3.1, 6.4, 6.6, 6.3, 5.9, 6.9, 2.3, 3.1, 3.1, 3.4
65, 7, 4.7, 4.8, 4.4, 3.8, 3.2, 5.8, 6.1, 5.9, 5.5, 6.3, 2.3, 2.7, 2.9, 3.1
65, 8, 4.3, 5.2, 4.9, 4.4, 3.8, 6.4, 7.3, 7.1, 6.8, 7.3, 3.2, 4.1, 4.7, 4.8
65, 9, 2.5, 3.5, 3.5, 3.3, 3.0, 3.6, 4.5, 4.5, 4.3, 4.5, 2.0, 2.1, 2.8, 2.8
65,10, 1.3, 2.4, 2.6, 2.6, 2.5, 2.0, 2.9, 3.0, 3.0, 3.0, 1.5, 1.0, 1.7, 1.8
65,11, 0.6, 2.0, 2.2, 2.4, 2.4, 1.2, 2.3, 2.5, 2.6, 2.6, 1.7, 0.8, 1.8, 1.9
65,12, 0.2, 0.6, 0.6, 0.7, 0.7, 0.2, 0.6, 0.7, 0.7, 0.7, 0.4, 0.1, 0.4, 0.4
66, 1, 0.3, 1.2, 1.4, 1.4, 1.4, 0.6, 1.3, 1.4, 1.5, 1.5, 1.0, 0.4, 1.0, 1.1
66, 2, 1.0, 2.3, 2.5, 2.5, 2.5, 1.7, 2.6, 2.8, 2.9, 2.8, 1.4, 0.8, 1.6, 1.6
66, 3, 2.6, 4.6, 4.8, 4.8, 4.6, 4.3, 5.8, 5.9, 5.9, 5.9, 2.8, 2.3, 3.5, 3.6
66, 4, 4.3, 6.0, 6.0, 5.8, 5.4, 6.9, 8.3, 8.4, 8.2, 8.4, 3.6, 4.2, 5.2, 5.3
66, 5, 4.6, 5.0, 4.7, 4.1, 3.5, 6.0, 6.6, 6.4, 6.0, 6.7, 2.6, 3.1, 3.4, 3.6
66, 6, 5.8, 5.9, 5.4, 4.6, 3.8, 8.1, 8.6, 8.3, 7.8, 8.9, 4.0, 5.0, 5.1, 5.6
66, 7, 5.6, 5.9, 5.4, 4.7, 3.9, 8.1, 8.7, 8.4, 8.0, 9.0, 4.1, 5.3, 5.5, 5.9
66, 8, 3.9, 4.5, 4.3, 3.8, 3.3, 5.3, 5.9, 5.8, 5.5, 6.0, 2.4, 2.8, 3.3, 3.4
66, 9, 2.7, 4.1, 4.1, 3.9, 3.5, 4.2, 5.3, 5.3, 5.2, 5.3, 2.7, 2.7, 3.6, 3.7
66,10, 1.3, 2.5, 2.7, 2.7, 2.6, 2.0, 3.0, 3.1, 3.1, 3.2, 1.7, 1.1, 2.0, 2.0
66,11, 0.5, 1.6, 1.8, 1.9, 1.9, 0.9, 1.8, 2.0, 2.1, 2.1, 1.3, 0.6, 1.4, 1.4
66,12, 0.2, 0.9, 1.0, 1.1, 1.1, 0.4, 0.9, 1.0, 1.1, 1.1, 0.8, 0.3, 0.8, 0.9
67, 1, 0.3, 1.3, 1.5, 1.6, 1.6, 0.7, 1.4, 1.6, 1.7, 1.7, 1.1, 0.4, 1.1, 1.2
67, 2, 1.0, 2.1, 2.3, 2.3, 2.3, 1.5, 2.4, 2.5, 2.6, 2.6, 1.2, 0.7, 1.3, 1.4
67, 3, 2.7, 5.1, 5.4, 5.4, 5.1, 4.8, 6.6, 6.8, 6.8, 6.8, 3.6, 3.2, 4.8, 4.8
67, 4, 4.4, 6.1, 6.1, 5.8, 5.3, 7.4, 8.8, 8.8, 8.6, 8.8, 4.2, 5.0, 6.0, 6.1
67, 5, 5.1, 5.6, 5.2, 4.6, 3.9, 7.5, 8.2, 7.9, 7.5, 8.4, 3.8, 4.9, 5.3, 5.6
67, 6, 5.6, 5.6, 5.1, 4.4, 3.6, 8.0, 8.3, 8.1, 7.6, 8.7, 3.7, 4.8, 4.9, 5.3
67, 7, 5.3, 5.5, 5.1, 4.4, 3.7, 7.4, 7.9, 7.6, 7.2, 8.1, 3.5, 4.5, 4.7, 5.0
67, 8, 3.7, 4.2, 3.9, 3.5, 3.0, 4.8, 5.3, 5.1, 4.8, 5.3, 1.9, 2.3, 2.7, 2.7
67, 9, 2.5, 3.8, 3.8, 3.7, 3.3, 3.8, 4.8, 4.8, 4.7, 4.9, 2.3, 2.2, 3.1, 3.1
67,10, 1.3, 2.6, 2.7, 2.7, 2.6, 2.2, 3.2, 3.3, 3.3, 3.3, 1.8, 1.4, 2.2, 2.3
67,11, 0.4, 1.2, 1.3, 1.4, 1.4, 0.7, 1.3, 1.4, 1.5, 1.5, 0.9, 0.4, 0.9, 1.0
67,12, 0.1, 0.5, 0.6, 0.6, 0.6, 0.2, 0.5, 0.6, 0.7, 0.7, 0.4, 0.1, 0.4, 0.4
68, 1, 0.3, 1.4, 1.6, 1.7, 1.7, 0.7, 1.5, 1.7, 1.8, 1.8, 1.3, 0.5, 1.3, 1.4
68, 2, 0.9, 2.0, 2.2, 2.2, 2.2, 1.4, 2.3, 2.4, 2.5, 2.5, 1.3, 0.7, 1.4, 1.5
68, 3, 2.6, 4.9, 5.2, 5.2, 5.0, 4.8, 6.5, 6.7, 6.7, 6.7, 3.6, 3.3, 4.8, 4.8
68, 4, 4.2, 5.8, 5.8, 5.5, 5.0, 6.7, 8.0, 8.0, 7.8, 8.0, 3.6, 4.1, 5.0, 5.1
68, 5, 5.0, 5.4, 5.0, 4.4, 3.7, 7.1, 7.7, 7.4, 7.1, 7.8, 3.3, 4.2, 4.6, 4.8
68, 6, 5.6, 5.6, 5.1, 4.4, 3.6, 7.6, 7.9, 7.7, 7.2, 8.3, 3.4, 4.3, 4.4, 4.8
68, 7, 5.5, 5.8, 5.3, 4.6, 3.8, 7.8, 8.4, 8.1, 7.7, 8.6, 3.8, 4.9, 5.1, 5.5
68, 8, 4.4, 5.4, 5.1, 4.6, 4.0, 6.5, 7.4, 7.3, 6.9, 7.5, 3.4, 4.1, 4.8, 4.9
68, 9, 2.6, 4.0, 4.0, 3.8, 3.5, 4.1, 5.1, 5.2, 5.0, 5.2, 2.5, 2.5, 3.4, 3.4
68,10, 1.2, 2.4, 2.5, 2.5, 2.4, 2.0, 2.9, 3.0, 3.0, 3.0, 1.5, 1.1, 1.9, 1.9
68,11, 0.4, 1.2, 1.3, 1.4, 1.4, 0.7, 1.3, 1.4, 1.5, 1.5, 0.8, 0.3, 0.8, 0.9
68,12, 0.2, 0.9, 1.1, 1.2, 1.2, 0.4, 1.0, 1.1, 1.2, 1.2, 0.9, 0.3, 0.9, 0.9
69, 1, 0.3, 1.5, 1.7, 1.8, 1.8, 0.7, 1.6, 1.8, 1.9, 1.9, 1.4, 0.5, 1.4, 1.5
69, 2, 1.0, 2.6, 2.9, 3.0, 2.9, 1.9, 3.1, 3.3, 3.4, 3.4, 1.9, 1.0, 2.1, 2.2
69, 3, 2.5, 4.5, 4.7, 4.7, 4.5, 4.2, 5.7, 5.9, 5.9, 5.9, 2.9, 2.5, 3.7, 3.8
69, 4, 4.2, 5.9, 5.8, 5.5, 4.9, 7.0, 8.4, 8.3, 8.1, 8.4, 4.0, 4.8, 5.8, 5.8
69, 5, 5.5, 6.2, 5.7, 5.0, 4.2, 8.3, 9.1, 8.9, 8.4, 9.3, 4.3, 5.5, 5.9, 6.3
69, 6, 6.3, 6.4, 5.8, 5.0, 4.1, 9.3, 9.8, 9.5, 9.0,10.2, 5.0, 6.3, 6.5, 7.1
69, 7, 5.6, 5.9, 5.5, 4.7, 4.0, 7.8, 8.4, 8.2, 7.7, 8.7, 3.9, 4.9, 5.1, 5.5
69, 8, 4.4, 5.3, 5.1, 4.6, 4.0, 6.7, 7.6, 7.4, 7.1, 7.7, 3.4, 4.2, 4.8, 5.0
69, 9, 3.0, 5.0, 5.1, 4.8, 4.4, 5.2, 6.7, 6.7, 6.6, 6.8, 3.6, 3.6, 4.9, 4.9
69,10, 1.4, 3.0, 3.2, 3.3, 3.1, 2.5, 3.7, 3.9, 3.9, 3.9, 2.3, 1.6, 2.8, 2.8
69,11, 0.5, 1.5, 1.6, 1.7, 1.7, 0.9, 1.6, 1.8, 1.9, 1.9, 1.2, 0.5, 1.2, 1.3
69,12, 0.2, 0.6, 0.7, 0.8, 0.8, 0.3, 0.6, 0.7, 0.8, 0.8, 0.5, 0.2, 0.5, 0.5
70, 1, 0.3, 1.4, 1.6, 1.7, 1.7, 0.7, 1.5, 1.7, 1.8, 1.8, 1.3, 0.5, 1.3, 1.4
70, 2, 0.9, 2.2, 2.4, 2.5, 2.4, 1.6, 2.5, 2.7, 2.8, 2.8, 1.4, 0.8, 1.6, 1.6
70, 3, 2.3, 4.1, 4.2, 4.2, 4.0, 3.8, 5.1, 5.3, 5.2, 5.2, 2.5, 2.2, 3.3, 3.3
70, 4, 3.9, 5.1, 5.0, 4.7, 4.2, 6.1, 7.1, 7.1, 6.8, 7.2, 3.1, 3.7, 4.5, 4.5
70, 5, 5.3, 5.8, 5.4, 4.7, 4.0, 8.2, 8.9, 8.6, 8.2, 9.1, 4.0, 5.3, 5.7, 6.0
70, 6, 5.5, 5.5, 5.0, 4.3, 3.5, 7.6, 7.9, 7.6, 7.2, 8.2, 3.3, 4.3, 4.4, 4.8
70, 7, 5.0, 5.1, 4.7, 4.0, 3.4, 7.1, 7.4, 7.2, 6.8, 7.7, 2.9, 3.9, 4.1, 4.4
70, 8, 4.0, 4.9, 4.6, 4.2, 3.6, 5.6, 6.4, 6.3, 5.9, 6.5, 2.8, 3.2, 3.8, 3.9
70, 9, 2.6, 3.8, 3.8, 3.6, 3.3, 3.9, 4.9, 4.9, 4.8, 5.0, 2.3, 2.3, 3.1, 3.1
70,10, 1.3, 2.5, 2.7, 2.7, 2.6, 2.1, 3.0, 3.1, 3.1, 3.2, 1.5, 1.1, 1.8, 1.9
70,11, 0.4, 1.2, 1.3, 1.4, 1.4, 0.7, 1.3, 1.4, 1.5, 1.5, 0.8, 0.3, 0.8, 0.8
70,12, 0.2, 0.9, 1.0, 1.1, 1.1, 0.4, 0.9, 1.1, 1.1, 1.1, 0.8, 0.3, 0.8, 0.9
71, 1, 0.3, 1.8, 2.1, 2.2, 2.2, 0.9, 2.0, 2.2, 2.4, 2.4, 1.8, 0.7, 1.8, 2.0
71, 2, 0.9, 2.0, 2.2, 2.2, 2.2, 1.5, 2.3, 2.5, 2.5, 2.5, 1.2, 0.7, 1.3, 1.4
71, 3, 2.7, 5.3, 5.6, 5.6, 5.3, 4.9, 6.8, 7.1, 7.1, 7.1, 3.8, 3.3, 5.0, 5.0
71, 4, 3.8, 5.1, 5.1, 4.8, 4.5, 6.0, 7.1, 7.1, 6.9, 7.1, 2.8, 3.4, 4.1, 4.2
71, 5, 5.0, 5.4, 5.0, 4.4, 3.7, 7.3, 7.9, 7.7, 7.3, 8.1, 3.4, 4.4, 4.8, 5.0
71, 6, 6.2, 6.4, 5.8, 5.0, 4.1, 9.0, 9.6, 9.3, 8.8, 9.9, 4.7, 5.9, 6.1, 6.7
71, 7, 5.5, 5.8, 5.4, 4.6, 3.9, 7.9, 8.5, 8.2, 7.7, 8.7, 3.9, 4.9, 5.2, 5.6
71, 8, 3.8, 4.4, 4.2, 3.7, 3.2, 5.3, 5.9, 5.8, 5.5, 6.0, 2.4, 3.0, 3.4, 3.5
71, 9, 2.7, 4.2, 4.2, 4.0, 3.6, 4.3, 5.4, 5.4, 5.3, 5.5, 2.7, 2.7, 3.7, 3.7
71,10, 1.2, 2.3, 2.4, 2.4, 2.3, 1.9, 2.7, 2.8, 2.8, 2.8, 1.4, 1.0, 1.7, 1.7
71,11, 0.5, 1.5, 1.7, 1.8, 1.8, 0.9, 1.7, 1.8, 1.9, 1.9, 1.1, 0.4, 1.1, 1.2
71,12, 0.2, 0.6, 0.7, 0.7, 0.7, 0.3, 0.6, 0.7, 0.7, 0.7, 0.4, 0.1, 0.4, 0.5
72, 1, 0.3, 1.4, 1.6, 1.7, 1.7, 0.7, 1.5, 1.7, 1.8, 1.8, 1.3, 0.5, 1.3, 1.4
72, 2, 1.1, 3.4, 3.8, 3.9, 3.9, 2.5, 4.2, 4.5, 4.6, 4.6, 3.1, 1.9, 3.6, 3.7
72, 3, 2.4, 4.7, 4.9, 4.9, 4.8, 4.5, 6.2, 6.4, 6.4, 6.4, 3.4, 3.1, 4.6, 4.6
72, 4, 4.4, 6.2, 6.2, 5.9, 5.5, 7.5, 8.9, 9.0, 8.8, 9.0, 4.1, 5.0, 6.0, 6.1
72, 5, 5.6, 6.3, 5.9, 5.3, 4.6, 8.6, 9.4, 9.2, 8.9, 9.6, 4.1, 5.4, 5.8, 6.2
72, 6, 5.5, 5.5, 4.9, 4.3, 3.5, 7.9, 8.2, 7.9, 7.5, 8.5, 3.5, 4.6, 4.8, 5.2
72, 7, 5.9, 6.3, 5.8, 5.0, 4.1, 8.9, 9.6, 9.3, 8.8, 9.9, 4.7, 6.1, 6.4, 6.8
72, 8, 4.2, 5.2, 4.9, 4.4, 3.8, 6.2, 7.1, 6.9, 6.6, 7.1, 3.2, 3.8, 4.4, 4.5
72, 9, 2.8, 4.4, 4.4, 4.2, 3.8, 4.6, 5.8, 5.8, 5.7, 5.8, 3.0, 3.0, 4.1, 4.1
72,10, 1.1, 2.0, 2.2, 2.1, 2.1, 1.7, 2.4, 2.5, 2.5, 2.5, 1.1, 0.8, 1.3, 1.4
72,11, 0.4, 1.4, 1.5, 1.6, 1.6, 0.8, 1.5, 1.7, 1.7, 1.7, 1.0, 0.5, 1.1, 1.1
72,12, 0.2, 0.8, 0.9, 1.0, 1.0, 0.3, 0.9, 1.0, 1.0, 1.0, 0.8, 0.2, 0.7, 0.8
73, 1, 0.3, 1.1, 1.3, 1.4, 1.4, 0.6, 1.2, 1.4, 1.4, 1.5, 0.9, 0.3, 0.9, 1.0
73, 2, 1.1, 3.3, 3.7, 3.8, 3.8, 2.4, 4.0, 4.3, 4.4, 4.4, 2.8, 1.6, 3.2, 3.3
73, 3, 2.3, 4.0, 4.2, 4.2, 4.0, 3.9, 5.1, 5.3, 5.2, 5.3, 2.4, 2.2, 3.2, 3.2
73, 4, 3.8, 4.9, 4.9, 4.6, 4.2, 5.5, 6.5, 6.5, 6.3, 6.6, 2.7, 3.1, 3.8, 3.8
73, 5, 5.3, 5.8, 5.4, 4.8, 4.0, 8.3, 9.0, 8.8, 8.3, 9.2, 4.0, 5.4, 5.8, 6.1
73, 6, 5.4, 5.4, 4.9, 4.2, 3.5, 7.1, 7.5, 7.2, 6.8, 7.8, 3.2, 4.0, 4.1, 4.4
73, 7, 5.8, 6.3, 5.8, 5.0, 4.2, 8.4, 9.1, 8.8, 8.3, 9.3, 4.5, 5.6, 5.9, 6.4
73, 8, 4.1, 4.9, 4.7, 4.2, 3.6, 5.9, 6.7, 6.5, 6.2, 6.7, 2.9, 3.5, 4.1, 4.2
73, 9, 2.9, 4.4, 4.4, 4.2, 3.8, 4.6, 5.8, 5.8, 5.6, 5.8, 2.9, 3.0, 4.0, 4.0
73,10, 1.4, 3.0, 3.2, 3.2, 3.0, 2.5, 3.6, 3.8, 3.8, 3.8, 2.2, 1.6, 2.7, 2.7
73,11, 0.4, 1.1, 1.3, 1.3, 1.3, 0.6, 1.2, 1.4, 1.4, 1.4, 0.9, 0.3, 0.9, 0.9
73,12, 0.2, 0.7, 0.9, 0.9, 0.9, 0.3, 0.8, 0.9, 1.0, 1.0, 0.7, 0.2, 0.7, 0.7
74, 1, 0.3, 1.6, 1.9, 2.0, 2.0, 0.8, 1.8, 2.0, 2.1, 2.2, 1.6, 0.6, 1.6, 1.7
74, 2, 1.0, 2.4, 2.6, 2.7, 2.6, 1.8, 2.8, 3.0, 3.0, 3.0, 1.5, 0.9, 1.7, 1.8
74, 3, 2.6, 4.9, 5.2, 5.2, 4.9, 4.7, 6.3, 6.5, 6.5, 6.5, 3.3, 2.9, 4.4, 4.4
74, 4, 4.3, 6.0, 6.0, 5.8, 5.3, 7.1, 8.5, 8.5, 8.3, 8.5, 3.8, 4.6, 5.5, 5.6
74, 5, 5.5, 6.2, 5.8, 5.1, 4.3, 8.6, 9.4, 9.2, 8.7, 9.6, 4.5, 5.8, 6.3, 6.6
74, 6, 5.9, 6.0, 5.5, 4.7, 3.9, 8.3, 8.8, 8.5, 8.0, 9.1, 4.2, 5.2, 5.4, 5.8
74, 7, 5.3, 5.6, 5.1, 4.4, 3.7, 7.4, 7.9, 7.7, 7.2, 8.2, 3.5, 4.4, 4.6, 5.0
74, 8, 4.6, 5.7, 5.4, 4.9, 4.2, 7.1, 8.1, 7.9, 7.6, 8.1, 3.8, 4.7, 5.3, 5.5
74, 9, 2.8, 4.4, 4.4, 4.2, 3.8, 4.8, 6.0, 6.1, 5.9, 6.1, 3.2, 3.5, 4.5, 4.6
74,10, 1.1, 2.0, 2.0, 2.0, 1.9, 1.6, 2.3, 2.3, 2.3, 2.4, 1.1, 0.8, 1.4, 1.4
74,11, 0.4, 1.3, 1.5, 1.6, 1.5, 0.8, 1.5, 1.6, 1.7, 1.7, 1.0, 0.4, 1.1, 1.1
74,12, 0.2, 0.4, 0.4, 0.5, 0.5, 0.2, 0.4, 0.4, 0.5, 0.5, 0.2, 0.1, 0.2, 0.2
75, 1, 0.3, 1.2, 1.4, 1.4, 1.4, 0.6, 1.3, 1.5, 1.5, 1.5, 1.0, 0.3, 1.0, 1.0
75, 2, 1.1, 3.2, 3.6, 3.8, 3.7, 2.3, 3.8, 4.1, 4.3, 4.3, 2.7, 1.5, 3.0, 3.1
75, 3, 2.6, 5.0, 5.3, 5.3, 5.1, 4.7, 6.4, 6.7, 6.7, 6.7, 3.4, 2.9, 4.4, 4.4
75, 4, 4.1, 5.5, 5.4, 5.1, 4.6, 6.3, 7.4, 7.4, 7.2, 7.5, 3.2, 3.7, 4.5, 4.6
75, 5, 5.0, 5.4, 5.1, 4.4, 3.8, 7.1, 7.7, 7.5, 7.1, 7.9, 3.3, 4.2, 4.5, 4.8
75, 6, 5.1, 5.0, 4.5, 3.8, 3.2, 7.1, 7.3, 7.1, 6.7, 7.6, 3.0, 3.9, 4.0, 4.4
75, 7, 5.0, 5.1, 4.6, 4.0, 3.3, 7.0, 7.3, 7.0, 6.7, 7.6, 3.0, 4.0, 4.1, 4.5
75, 8, 4.3, 5.2, 5.0, 4.5, 3.9, 6.3, 7.2, 7.1, 6.7, 7.3, 3.3, 4.0, 4.6, 4.7
75, 9, 2.5, 3.6, 3.6, 3.3, 3.0, 3.7, 4.6, 4.6, 4.4, 4.6, 2.0, 2.1, 2.8, 2.8
75,10, 1.3, 2.8, 3.0, 3.0, 2.9, 2.2, 3.4, 3.5, 3.5, 3.6, 2.1, 1.4, 2.5, 2.5
75,11, 0.5, 1.5, 1.7, 1.8, 1.8, 0.9, 1.7, 1.9, 2.0, 2.0, 1.2, 0.6, 1.3, 1.4
75,12, 0.2, 0.8, 0.9, 1.0, 1.0, 0.3, 0.8, 0.9, 1.0, 1.0, 0.8, 0.2, 0.7, 0.8
76, 1, 0.3, 1.0, 1.1, 1.2, 1.2, 0.5, 1.0, 1.2, 1.2, 1.2, 0.7, 0.3, 0.7, 0.8
76, 2, 1.1, 2.7, 3.0, 3.1, 3.0, 2.1, 3.3, 3.5, 3.6, 3.6, 2.0, 1.3, 2.4, 2.4
76, 3, 2.5, 4.4, 4.6, 4.5, 4.3, 4.1, 5.5, 5.7, 5.7, 5.7, 2.6, 2.3, 3.4, 3.4
76, 4, 4.2, 5.7, 5.6, 5.2, 4.7, 6.7, 8.0, 8.0, 7.7, 8.1, 3.8, 4.5, 5.4, 5.6
76, 5, 4.8, 5.1, 4.7, 4.1, 3.5, 6.6, 7.1, 6.9, 6.5, 7.3, 2.9, 3.7, 4.0, 4.2
76, 6, 6.2, 6.4, 5.8, 5.0, 4.1, 9.1, 9.7, 9.4, 8.9,10.1, 4.7, 6.0, 6.2, 6.7
76, 7, 5.4, 5.8, 5.3, 4.6, 3.9, 7.7, 8.3, 8.0, 7.6, 8.5, 3.8, 4.7, 5.0, 5.3
76, 8, 4.4, 5.5, 5.3, 4.7, 4.1, 6.7, 7.7, 7.5, 7.2, 7.7, 3.7, 4.4, 5.1, 5.3
76, 9, 2.6, 3.9, 3.9, 3.7, 3.3, 3.9, 4.9, 4.9, 4.8, 5.0, 2.3, 2.3, 3.1, 3.2
76,10, 1.1, 2.1, 2.2, 2.2, 2.0, 1.8, 2.5, 2.6, 2.5, 2.6, 1.3, 1.0, 1.6, 1.6
76,11, 0.4, 1.0, 1.1, 1.1, 1.1, 0.6, 1.0, 1.1, 1.2, 1.2, 0.6, 0.3, 0.6, 0.7
76,12, 0.2, 0.6, 0.7, 0.7, 0.7, 0.3, 0.6, 0.7, 0.8, 0.8, 0.5, 0.1, 0.4, 0.5
77, 1, 0.3, 0.6, 0.7, 0.8, 0.8, 0.4, 0.7, 0.8, 0.8, 0.8, 0.3, 0.1, 0.3, 0.4
77, 2, 0.9, 2.0, 2.2, 2.2, 2.2, 1.5, 2.3, 2.5, 2.5, 2.5, 1.3, 0.8, 1.5, 1.6
77, 3, 2.3, 4.0, 4.2, 4.2, 4.0, 3.8, 5.1, 5.2, 5.2, 5.2, 2.5, 2.2, 3.2, 3.2
77, 4, 3.7, 4.8, 4.7, 4.4, 3.9, 5.7, 6.7, 6.6, 6.4, 6.7, 2.9, 3.5, 4.2, 4.2
77, 5, 4.8, 5.2, 4.8, 4.2, 3.6, 6.8, 7.3, 7.1, 6.7, 7.5, 3.0, 3.9, 4.2, 4.4
77, 6, 5.5, 5.5, 5.0, 4.3, 3.5, 7.6, 7.9, 7.6, 7.2, 8.2, 3.4, 4.3, 4.4, 4.8
77, 7, 5.7, 6.1, 5.7, 4.9, 4.1, 8.3, 8.9, 8.7, 8.2, 9.2, 4.3, 5.4, 5.6, 6.1
77, 8, 4.5, 5.6, 5.4, 4.9, 4.2, 6.8, 7.8, 7.7, 7.3, 7.9, 3.8, 4.6, 5.3, 5.5
77, 9, 2.7, 3.9, 3.9, 3.7, 3.3, 4.1, 5.1, 5.1, 5.0, 5.2, 2.5, 2.6, 3.5, 3.5
77,10, 1.1, 2.0, 2.0, 2.0, 1.9, 1.7, 2.3, 2.4, 2.3, 2.4, 1.1, 0.8, 1.3, 1.3
77,11, 0.4, 1.2, 1.3, 1.4, 1.4, 0.7, 1.3, 1.4, 1.5, 1.5, 0.9, 0.3, 0.9, 0.9
77,12, 0.2, 0.7, 0.8, 0.9, 0.9, 0.3, 0.8, 0.9, 0.9, 0.9, 0.7, 0.2, 0.6, 0.7
78, 1, 0.3, 0.9, 1.0, 1.0, 1.0, 0.5, 0.9, 1.0, 1.1, 1.1, 0.6, 0.2, 0.6, 0.6
78, 2, 1.0, 2.4, 2.6, 2.7, 2.7, 1.8, 2.8, 3.0, 3.1, 3.1, 1.6, 1.0, 1.9, 1.9
78, 3, 2.5, 4.4, 4.7, 4.7, 4.5, 4.2, 5.7, 5.9, 5.8, 5.9, 2.8, 2.4, 3.7, 3.7
78, 4, 4.2, 5.7, 5.7, 5.4, 4.9, 6.8, 8.1, 8.1, 7.9, 8.2, 3.7, 4.4, 5.3, 5.4
78, 5, 4.9, 5.3, 4.9, 4.3, 3.6, 7.1, 7.7, 7.4, 7.0, 7.8, 3.2, 4.2, 4.5, 4.8
78, 6, 5.4, 5.4, 4.9, 4.2, 3.5, 7.3, 7.6, 7.3, 6.9, 7.9, 3.2, 4.0, 4.1, 4.5
78, 7, 5.2, 5.4, 5.0, 4.3, 3.6, 7.3, 7.7, 7.4, 7.0, 7.9, 3.3, 4.2, 4.4, 4.8
78, 8, 4.4, 5.4, 5.2, 4.6, 4.0, 6.5, 7.5, 7.3, 7.0, 7.6, 3.5, 4.2, 4.9, 5.0
78, 9, 2.5, 3.6, 3.6, 3.4, 3.1, 3.7, 4.6, 4.6, 4.4, 4.6, 2.1, 2.1, 2.8, 2.8
78,10, 1.2, 2.0, 2.1, 2.1, 2.0, 1.7, 2.3, 2.4, 2.4, 2.4, 1.0, 0.7, 1.2, 1.3
78,11, 0.5, 1.3, 1.5, 1.5, 1.5, 0.8, 1.5, 1.6, 1.7, 1.7, 0.9, 0.4, 1.0, 1.0
78,12, 0.2, 0.5, 0.5, 0.6, 0.6, 0.2, 0.5, 0.6, 0.6, 0.6, 0.3, 0.1, 0.3, 0.3
79, 1, 0.3, 0.8, 0.9, 1.0, 1.0, 0.4, 0.9, 1.0, 1.0, 1.0, 0.5, 0.2, 0.5, 0.5
79, 2, 1.2, 4.0, 4.5, 4.7, 4.6, 2.9, 4.9, 5.3, 5.4, 5.4, 3.8, 2.3, 4.3, 4.4
79, 3, 2.4, 3.8, 4.0, 3.9, 3.7, 3.7, 4.8, 4.9, 4.9, 4.9, 1.9, 1.8, 2.6, 2.6
79, 4, 4.6, 6.5, 6.5, 6.2, 5.7, 7.6, 9.1, 9.1, 8.9, 9.1, 4.2, 4.9, 6.0, 6.1
79, 5, 5.5, 6.2, 5.8, 5.1, 4.3, 8.3, 9.2, 8.9, 8.5, 9.4, 4.3, 5.4, 5.9, 6.2
79, 6, 5.3, 5.3, 4.8, 4.2, 3.4, 7.1, 7.4, 7.2, 6.7, 7.7, 3.0, 3.8, 4.0, 4.3
79, 7, 5.0, 5.1, 4.7, 4.1, 3.4, 6.7, 7.1, 6.8, 6.4, 7.3, 2.9, 3.6, 3.8, 4.1
79, 8, 4.3, 5.3, 5.1, 4.6, 4.0, 6.4, 7.3, 7.1, 6.8, 7.3, 3.3, 4.0, 4.7, 4.8
79, 9, 2.7, 4.0, 4.0, 3.8, 3.4, 4.2, 5.3, 5.3, 5.1, 5.3, 2.5, 2.6, 3.5, 3.5
79,10, 1.2, 2.2, 2.3, 2.3, 2.2, 1.9, 2.7, 2.8, 2.8, 2.8, 1.4, 1.0, 1.7, 1.7
79,11, 0.4, 0.9, 0.9, 1.0, 0.9, 0.5, 0.9, 1.0, 1.0, 1.0, 0.5, 0.2, 0.5, 0.5
79,12, 0.2, 0.8, 0.9, 1.0, 1.0, 0.3, 0.8, 0.9, 1.0, 1.0, 0.7, 0.2, 0.7, 0.8
80, 1, 0.3, 1.3, 1.5, 1.6, 1.6, 0.7, 1.5, 1.6, 1.7, 1.7, 1.2, 0.4, 1.2, 1.3
80, 2, 1.0, 2.5, 2.8, 2.9, 2.8, 1.9, 3.0, 3.2, 3.3, 3.3, 1.9, 1.1, 2.2, 2.2
80, 3, 2.4, 4.1, 4.3, 4.2, 4.1, 3.9, 5.1, 5.3, 5.2, 5.3, 2.3, 2.0, 2.9, 3.0
80, 4, 3.9, 5.3, 5.2, 4.8, 4.4, 6.0, 7.2, 7.1, 6.9, 7.2, 3.2, 3.7, 4.5, 4.5
80, 5, 5.5, 6.2, 5.8, 5.1, 4.3, 8.3, 9.1, 8.8, 8.4, 9.3, 4.2, 5.4, 5.8, 6.1
80, 6, 5.9, 6.1, 5.5, 4.8, 3.9, 8.4, 8.9, 8.6, 8.2, 9.3, 4.2, 5.2, 5.4, 5.9
80, 7, 5.0, 5.2, 4.8, 4.1, 3.5, 6.9, 7.3, 7.0, 6.6, 7.5, 3.0, 3.8, 4.0, 4.3
80, 8, 4.0, 4.8, 4.6, 4.1, 3.6, 5.9, 6.7, 6.5, 6.2, 6.8, 2.9, 3.6, 4.1, 4.2
80, 9, 2.7, 4.2, 4.2, 4.0, 3.6, 4.3, 5.5, 5.5, 5.3, 5.5, 2.7, 2.8, 3.8, 3.8
80,10, 1.2, 2.3, 2.5, 2.5, 2.3, 1.9, 2.7, 2.8, 2.8, 2.9, 1.4, 1.0, 1.7, 1.7
80,11, 0.4, 1.0, 1.2, 1.2, 1.2, 0.6, 1.1, 1.3, 1.3, 1.3, 0.7, 0.3, 0.8, 0.8
80,12, 0.2, 1.2, 1.4, 1.5, 1.5, 0.5, 1.3, 1.4, 1.5, 1.6, 1.2, 0.4, 1.2, 1.3
81, 1, 0.3, 0.8, 0.9, 1.0, 1.0, 0.4, 0.9, 1.0, 1.0, 1.0, 0.5, 0.2, 0.5, 0.6
81, 2, 0.9, 2.0, 2.1, 2.2, 2.1, 1.5, 2.3, 2.4, 2.5, 2.5, 1.2, 0.7, 1.4, 1.4
81, 3, 2.4, 4.6, 4.8, 4.8, 4.6, 4.4, 6.0, 6.2, 6.2, 6.2, 3.2, 2.9, 4.2, 4.2
81, 4, 4.5, 6.4, 6.3, 5.9, 5.3, 7.9, 9.4, 9.4, 9.1, 9.5, 4.8, 5.9, 7.1, 7.2
81, 5, 5.6, 6.3, 5.9, 5.2, 4.4, 8.3, 9.2, 9.0, 8.5, 9.4, 4.5, 5.7, 6.1, 6.5
81, 6, 5.9, 6.1, 5.6, 4.8, 4.0, 8.5, 9.1, 8.8, 8.3, 9.4, 4.3, 5.4, 5.6, 6.1
81, 7, 4.7, 4.8, 4.4, 3.8, 3.2, 6.1, 6.4, 6.2, 5.8, 6.6, 2.4, 2.9, 3.1, 3.3
81, 8, 4.0, 4.8, 4.6, 4.2, 3.6, 5.8, 6.6, 6.5, 6.2, 6.7, 3.0, 3.6, 4.3, 4.4
81, 9, 2.6, 3.9, 3.9, 3.7, 3.3, 4.0, 5.0, 5.0, 4.8, 5.0, 2.4, 2.4, 3.3, 3.3
81,10, 1.2, 2.0, 2.1, 2.1, 2.0, 1.7, 2.4, 2.5, 2.5, 2.5, 1.1, 0.8, 1.4, 1.4
81,11, 0.4, 1.1, 1.2, 1.3, 1.3, 0.7, 1.2, 1.3, 1.4, 1.4, 0.8, 0.3, 0.8, 0.8
81,12, 0.2, 0.7, 0.8, 0.9, 0.9, 0.3, 0.8, 0.9, 0.9, 0.9, 0.6, 0.2, 0.6, 0.6
82, 1, 0.3, 1.6, 1.9, 2.0, 2.0, 0.8, 1.8, 2.0, 2.2, 2.2, 1.6, 0.6, 1.6, 1.7
82, 2, 1.1, 3.0, 3.3, 3.4, 3.3, 2.2, 3.6, 3.8, 3.9, 3.9, 2.4, 1.4, 2.7, 2.8
82, 3, 2.6, 4.5, 4.7, 4.7, 4.5, 4.3, 5.7, 5.9, 5.9, 5.9, 2.7, 2.4, 3.5, 3.6
82, 4, 4.5, 6.5, 6.5, 6.3, 5.8, 7.3, 8.9, 9.0, 8.8, 8.9, 4.0, 4.5, 5.6, 5.7
82, 5, 5.1, 5.6, 5.2, 4.6, 3.8, 7.4, 8.0, 7.8, 7.3, 8.2, 3.5, 4.4, 4.8, 5.0
82, 6, 5.6, 5.6, 5.1, 4.4, 3.6, 7.8, 8.2, 7.9, 7.5, 8.5, 3.5, 4.6, 4.7, 5.1
82, 7, 5.4, 5.7, 5.2, 4.5, 3.8, 7.7, 8.2, 7.9, 7.5, 8.4, 3.7, 4.7, 4.9, 5.2
82, 8, 4.5, 5.6, 5.3, 4.8, 4.1, 6.7, 7.7, 7.6, 7.2, 7.8, 3.7, 4.4, 5.1, 5.2
82, 9, 2.4, 3.4, 3.4, 3.2, 2.9, 3.4, 4.2, 4.2, 4.1, 4.2, 1.9, 1.8, 2.5, 2.5
82,10, 1.1, 2.1, 2.2, 2.2, 2.1, 1.7, 2.4, 2.5, 2.5, 2.5, 1.2, 0.8, 1.4, 1.4
82,11, 0.4, 0.9, 1.0, 1.1, 1.0, 0.6, 1.0, 1.1, 1.1, 1.1, 0.5, 0.2, 0.6, 0.6
82,12, 0.1, 0.3, 0.3, 0.3, 0.3, 0.1, 0.3, 0.3, 0.3, 0.3, 0.2, 0.0, 0.2, 0.2
83, 1, 0.2, 0.6, 0.6, 0.6, 0.6, 0.3, 0.6, 0.6, 0.7, 0.7, 0.3, 0.1, 0.3, 0.3
83, 2, 0.9, 2.2, 2.3, 2.4, 2.4, 1.5, 2.5, 2.6, 2.7, 2.7, 1.4, 0.7, 1.5, 1.6
83, 3, 2.5, 4.3, 4.5, 4.5, 4.3, 4.0, 5.4, 5.6, 5.5, 5.5, 2.6, 2.2, 3.3, 3.3
83, 4, 4.0, 5.4, 5.4, 5.1, 4.7, 6.1, 7.3, 7.2, 7.0, 7.3, 3.1, 3.5, 4.3, 4.4
83, 5, 4.9, 5.4, 5.1, 4.4, 3.8, 6.9, 7.5, 7.3, 6.9, 7.7, 3.2, 4.0, 4.3, 4.5
83, 6, 5.5, 5.6, 5.1, 4.4, 3.6, 7.6, 8.0, 7.7, 7.2, 8.3, 3.4, 4.3, 4.4, 4.8
83, 7, 4.9, 5.2, 4.8, 4.2, 3.5, 6.7, 7.1, 6.9, 6.4, 7.3, 2.9, 3.7, 3.9, 4.2
83, 8, 3.5, 4.1, 3.8, 3.4, 3.0, 4.7, 5.2, 5.1, 4.8, 5.3, 2.0, 2.4, 2.8, 2.9
83, 9, 2.4, 3.5, 3.4, 3.2, 2.9, 3.4, 4.3, 4.3, 4.1, 4.3, 2.0, 1.9, 2.6, 2.6
83,10, 1.1, 2.0, 2.1, 2.0, 1.9, 1.6, 2.3, 2.3, 2.3, 2.4, 1.1, 0.8, 1.4, 1.4
83,11, 0.4, 0.7, 0.8, 0.8, 0.8, 0.5, 0.8, 0.8, 0.8, 0.8, 0.3, 0.1, 0.3, 0.3
83,12, 0.1, 0.4, 0.5, 0.5, 0.5, 0.2, 0.4, 0.5, 0.5, 0.5, 0.3, 0.1, 0.3, 0.4
84, 1, 0.2, 0.6, 0.6, 0.7, 0.7, 0.3, 0.6, 0.7, 0.7, 0.7, 0.3, 0.1, 0.3, 0.3
84, 2, 0.9, 1.9, 2.0, 2.1, 2.0, 1.4, 2.1, 2.2, 2.3, 2.3, 0.9, 0.5, 1.0, 1.0
84, 3, 2.5, 4.6, 4.8, 4.8, 4.6, 4.3, 5.9, 6.1, 6.0, 6.0, 3.0, 2.7, 4.0, 4.0
84, 4, 4.0, 5.4, 5.4, 5.1, 4.7, 6.2, 7.3, 7.3, 7.1, 7.4, 3.1, 3.6, 4.4, 4.4
84, 5, 5.5, 6.1, 5.7, 5.0, 4.2, 8.4, 9.1, 8.9, 8.4, 9.3, 4.2, 5.5, 5.9, 6.2
84, 6, 5.8, 5.9, 5.4, 4.6, 3.8, 8.3, 8.8, 8.5, 8.0, 9.1, 4.1, 5.2, 5.3, 5.8
84, 7, 4.6, 4.7, 4.3, 3.8, 3.2, 5.9, 6.2, 6.0, 5.6, 6.4, 2.4, 2.9, 3.1, 3.3
84, 8, 4.2, 5.1, 4.9, 4.4, 3.8, 6.2, 7.1, 6.9, 6.6, 7.1, 3.3, 3.9, 4.5, 4.7
84, 9, 2.8, 4.3, 4.3, 4.1, 3.7, 4.5, 5.7, 5.7, 5.5, 5.7, 2.9, 2.9, 3.9, 4.0
84,10, 1.4, 3.1, 3.4, 3.4, 3.3, 2.5, 3.8, 4.0, 4.0, 4.0, 2.4, 1.6, 2.8, 2.9
84,11, 0.4, 1.2, 1.4, 1.4, 1.4, 0.8, 1.4, 1.5, 1.5, 1.5, 0.9, 0.4, 1.0, 1.0
84,12, 0.2, 0.6, 0.7, 0.7, 0.8, 0.3, 0.6, 0.7, 0.8, 0.8, 0.5, 0.1, 0.5, 0.5
85, 1, 0.3, 0.6, 0.7, 0.7, 0.7, 0.3, 0.7, 0.7, 0.8, 0.8, 0.4, 0.1, 0.4, 0.4
85, 2, 1.0, 2.5, 2.8, 2.9, 2.8, 1.8, 2.9, 3.2, 3.2, 3.2, 1.9, 1.0, 2.1, 2.2
85, 3, 2.5, 4.6, 4.8, 4.8, 4.5, 4.4, 5.9, 6.1, 6.1, 6.1, 2.9, 2.7, 3.9, 3.9
85, 4, 4.1, 5.3, 5.2, 5.0, 4.6, 6.0, 7.0, 7.0, 6.8, 7.0, 2.5, 2.9, 3.5, 3.6
85, 5, 5.2, 5.7, 5.4, 4.8, 4.1, 7.8, 8.4, 8.2, 7.8, 8.6, 3.7, 4.8, 5.2, 5.5
85, 6, 4.7, 4.5, 4.1, 3.5, 2.9, 6.1, 6.2, 5.9, 5.6, 6.5, 2.3, 3.0, 3.0, 3.3
85, 7, 5.1, 5.3, 4.9, 4.3, 3.5, 7.2, 7.7, 7.4, 7.0, 7.9, 3.3, 4.3, 4.5, 4.8
85, 8, 3.8, 4.5, 4.2, 3.8, 3.3, 5.5, 6.1, 6.0, 5.7, 6.2, 2.5, 3.1, 3.6, 3.7
85, 9, 2.5, 3.6, 3.6, 3.4, 3.1, 3.9, 4.8, 4.8, 4.7, 4.9, 2.2, 2.4, 3.2, 3.2
85,10, 1.3, 2.7, 2.9, 2.9, 2.8, 2.2, 3.3, 3.4, 3.4, 3.5, 1.9, 1.3, 2.3, 2.3
85,11, 0.5, 1.8, 2.1, 2.2, 2.2, 1.1, 2.1, 2.3, 2.4, 2.4, 1.6, 0.7, 1.7, 1.8
85,12, 0.1, 0.3, 0.4, 0.4, 0.4, 0.2, 0.4, 0.4, 0.4, 0.4, 0.2, 0.1, 0.2, 0.2
86, 1, 0.3, 0.7, 0.8, 0.8, 0.8, 0.4, 0.8, 0.8, 0.9, 0.9, 0.4, 0.2, 0.4, 0.4
86, 2, 1.0, 2.7, 2.9, 3.0, 3.0, 1.9, 3.2, 3.4, 3.5, 3.5, 2.1, 1.2, 2.4, 2.5
86, 3, 2.5, 4.5, 4.7, 4.7, 4.5, 4.3, 5.8, 5.9, 5.9, 5.9, 2.8, 2.6, 3.8, 3.8
86, 4, 4.5, 6.2, 6.2, 5.9, 5.4, 7.4, 8.8, 8.8, 8.6, 8.8, 3.7, 4.6, 5.4, 5.6
86, 5, 5.2, 5.7, 5.3, 4.7, 3.9, 7.5, 8.2, 8.0, 7.6, 8.4, 3.7, 4.7, 5.0, 5.3
86, 6, 6.1, 6.2, 5.7, 4.9, 4.0, 8.9, 9.5, 9.2, 8.7, 9.9, 4.6, 5.9, 6.1, 6.6
86, 7, 5.3, 5.5, 5.0, 4.3, 3.6, 7.7, 8.1, 7.9, 7.5, 8.4, 3.6, 4.7, 4.9, 5.3
86, 8, 3.9, 4.6, 4.4, 3.9, 3.4, 5.5, 6.2, 6.0, 5.7, 6.2, 2.5, 3.1, 3.5, 3.7
86, 9, 3.0, 4.7, 4.7, 4.5, 4.1, 5.0, 6.3, 6.3, 6.2, 6.4, 3.3, 3.5, 4.6, 4.6
86,10, 1.2, 2.4, 2.5, 2.5, 2.4, 1.9, 2.8, 2.9, 2.9, 3.0, 1.6, 1.1, 1.9, 1.9
86,11, 0.4, 1.0, 1.2, 1.2, 1.2, 0.7, 1.2, 1.3, 1.3, 1.3, 0.7, 0.3, 0.7, 0.8
86,12, 0.1, 0.4, 0.4, 0.4, 0.4, 0.2, 0.4, 0.4, 0.5, 0.5, 0.3, 0.1, 0.2, 0.3
87, 1, 0.3, 1.0, 1.1, 1.1, 1.1, 0.5, 1.0, 1.2, 1.2, 1.2, 0.8, 0.3, 0.8, 0.8
87, 2, 1.0, 2.5, 2.7, 2.8, 2.8, 1.8, 3.0, 3.2, 3.2, 3.2, 1.9, 1.1, 2.2, 2.2
87, 3, 2.4, 4.8, 5.1, 5.1, 4.8, 4.6, 6.3, 6.5, 6.5, 6.6, 3.7, 3.2, 4.8, 4.8
87, 4, 3.7, 4.9, 4.8, 4.4, 3.9, 5.7, 6.8, 6.7, 6.4, 6.8, 3.1, 3.6, 4.4, 4.5
87, 5, 4.8, 5.3, 4.9, 4.3, 3.6, 6.9, 7.4, 7.2, 6.8, 7.6, 3.1, 4.0, 4.3, 4.6
87, 6, 4.9, 4.7, 4.3, 3.7, 3.0, 6.5, 6.7, 6.4, 6.0, 6.9, 2.5, 3.3, 3.4, 3.7
87, 7, 5.1, 5.2, 4.8, 4.2, 3.5, 7.0, 7.5, 7.2, 6.8, 7.7, 3.1, 4.0, 4.2, 4.5
87, 8, 4.6, 5.7, 5.4, 4.9, 4.2, 7.0, 8.0, 7.9, 7.5, 8.1, 3.9, 4.7, 5.5, 5.7
87, 9, 2.1, 2.7, 2.7, 2.5, 2.2, 2.8, 3.3, 3.3, 3.1, 3.3, 1.2, 1.2, 1.7, 1.7
87,10, 1.1, 1.8, 1.9, 1.9, 1.8, 1.5, 2.1, 2.2, 2.2, 2.2, 1.0, 0.7, 1.2, 1.2
87,11, 0.4, 0.9, 1.0, 1.0, 1.0, 0.6, 0.9, 1.0, 1.1, 1.1, 0.4, 0.2, 0.5, 0.5
87,12, 0.2, 0.5, 0.6, 0.7, 0.7, 0.3, 0.6, 0.6, 0.7, 0.7, 0.4, 0.1, 0.4, 0.4
88, 1, 0.3, 1.0, 1.1, 1.2, 1.2, 0.5, 1.1, 1.2, 1.3, 1.3, 0.7, 0.3, 0.7, 0.8
88, 2, 1.0, 2.2, 2.4, 2.5, 2.4, 1.6, 2.5, 2.7, 2.7, 2.7, 1.4, 0.8, 1.6, 1.6
88, 3, 2.4, 3.7, 3.8, 3.8, 3.6, 3.5, 4.6, 4.7, 4.7, 4.7, 1.8, 1.6, 2.3, 2.4
88, 4, 3.9, 5.1, 5.1, 4.8, 4.4, 6.0, 7.0, 7.0, 6.8, 7.1, 2.8, 3.3, 4.0, 4.1
88, 5, 4.4, 4.6, 4.3, 3.7, 3.2, 6.3, 6.7, 6.5, 6.2, 6.9, 2.6, 3.6, 3.8, 4.0
88, 6, 5.2, 5.1, 4.7, 4.0, 3.3, 7.0, 7.3, 7.1, 6.6, 7.6, 3.1, 3.9, 4.0, 4.4
88, 7, 5.0, 5.3, 4.9, 4.2, 3.5, 6.7, 7.2, 6.9, 6.5, 7.4, 3.1, 3.8, 4.1, 4.4
88, 8, 3.7, 4.4, 4.2, 3.7, 3.2, 5.3, 5.9, 5.8, 5.5, 6.0, 2.5, 3.1, 3.6, 3.7
88, 9, 2.7, 4.3, 4.4, 4.2, 3.8, 4.4, 5.7, 5.7, 5.6, 5.8, 3.0, 3.0, 4.1, 4.1
88,10, 1.1, 1.8, 1.9, 1.9, 1.8, 1.5, 2.0, 2.1, 2.1, 2.1, 0.7, 0.5, 0.9, 0.9
88,11, 0.4, 1.0, 1.1, 1.1, 1.1, 0.6, 1.1, 1.2, 1.2, 1.2, 0.5, 0.2, 0.5, 0.5
88,12, 0.2, 0.6, 0.7, 0.7, 0.7, 0.3, 0.6, 0.7, 0.8, 0.8, 0.5, 0.2, 0.5, 0.5
89, 1, 0.3, 1.1, 1.3, 1.3, 1.3, 0.6, 1.2, 1.4, 1.4, 1.4, 0.9, 0.3, 0.9, 1.0
89, 2, 1.1, 2.8, 3.1, 3.2, 3.2, 2.1, 3.3, 3.6, 3.7, 3.7, 2.1, 1.2, 2.4, 2.5
89, 3, 2.8, 5.5, 5.8, 5.8, 5.6, 5.3, 7.3, 7.5, 7.5, 7.5, 4.2, 3.8, 5.5, 5.6
89, 4, 4.3, 6.0, 6.1, 5.8, 5.3, 7.1, 8.5, 8.5, 8.3, 8.6, 3.9, 4.6, 5.7, 5.7
89, 5, 4.3, 4.6, 4.3, 3.7, 3.2, 5.9, 6.4, 6.2, 5.8, 6.5, 2.5, 3.2, 3.5, 3.7
89, 6, 5.4, 5.4, 4.9, 4.2, 3.5, 7.6, 7.9, 7.7, 7.2, 8.3, 3.3, 4.3, 4.4, 4.8
89, 7, 5.8, 6.0, 5.5, 4.8, 4.0, 8.6, 9.2, 8.9, 8.4, 9.5, 4.5, 5.8, 6.1, 6.5
89, 8, 4.2, 5.1, 4.9, 4.4, 3.8, 6.4, 7.2, 7.1, 6.7, 7.3, 3.3, 4.1, 4.7, 4.8
89, 9, 2.1, 2.8, 2.8, 2.6, 2.3, 2.9, 3.5, 3.5, 3.3, 3.5, 1.4, 1.4, 1.9, 1.9
89,10, 1.2, 2.2, 2.3, 2.3, 2.2, 1.9, 2.7, 2.8, 2.8, 2.8, 1.4, 1.0, 1.7, 1.7
89,11, 0.5, 1.2, 1.4, 1.4, 1.4, 0.8, 1.4, 1.5, 1.5, 1.5, 0.7, 0.3, 0.8, 0.8
89,12, 0.2, 0.5, 0.5, 0.6, 0.6, 0.2, 0.5, 0.6, 0.6, 0.6, 0.3, 0.1, 0.3, 0.3
90, 1, 0.3, 1.1, 1.2, 1.3, 1.3, 0.6, 1.2, 1.3, 1.4, 1.4, 0.8, 0.3, 0.9, 0.9
90, 2, 0.9, 2.3, 2.5, 2.6, 2.5, 1.7, 2.7, 2.8, 2.9, 2.9, 1.5, 0.9, 1.8, 1.8
90, 3, 2.5, 4.4, 4.6, 4.6, 4.4, 4.3, 5.7, 5.9, 5.9, 5.9, 2.8, 2.6, 3.8, 3.8
90, 4, 4.4, 6.3, 6.3, 6.0, 5.5, 7.6, 9.1, 9.2, 8.9, 9.2, 4.5, 5.4, 6.6, 6.7
90, 5, 5.2, 5.8, 5.3, 4.7, 3.9, 7.9, 8.6, 8.3, 7.9, 8.7, 3.9, 5.1, 5.4, 5.8
90, 6, 5.5, 5.5, 5.0, 4.3, 3.6, 7.7, 8.1, 7.9, 7.4, 8.5, 3.6, 4.6, 4.7, 5.1
90, 7, 5.8, 6.1, 5.7, 4.9, 4.1, 8.6, 9.3, 9.0, 8.6, 9.6, 4.5, 5.8, 6.1, 6.6
90, 8, 3.8, 4.4, 4.2, 3.7, 3.2, 5.5, 6.1, 6.0, 5.7, 6.2, 2.6, 3.3, 3.7, 3.9
90, 9, 2.2, 3.0, 2.9, 2.8, 2.5, 2.9, 3.6, 3.6, 3.4, 3.6, 1.5, 1.5, 2.0, 2.0
90,10, 1.2, 2.1, 2.2, 2.2, 2.1, 1.8, 2.5, 2.6, 2.6, 2.6, 1.2, 0.9, 1.5, 1.5
90,11, 0.5, 1.7, 2.0, 2.1, 2.1, 1.0, 2.0, 2.2, 2.3, 2.3, 1.4, 0.6, 1.5, 1.6
90,12, 0.2, 0.7, 0.8, 0.8, 0.8, 0.3, 0.7, 0.8, 0.9, 0.9, 0.6, 0.2, 0.6, 0.6
