"City:    ","MCGRATH               "
"State:   ","AK"
"WBAN No: ", 26510
"Lat(N):  ", 62.97
"Long(W): ",155.62
"Elev(m): ",   103
"Pres(mb):",   997
"Stn Type:","Secondary"
"MONTHLY SOLAR RADIATION (kWh/m2/day)"
"COLUMN A: Year"
"COLUMN B: Month"
"COLUMN C: Flat-Plate Collector Facing South at Fixed Tilt=0"
"COLUMN D: Flat-Plate Collector Facing South at Fixed Tilt=Lat-15"
"COLUMN E: Flat-Plate Collector Facing South at Fixed Tilt=Lat"
"COLUMN F: Flat-Plate Collector Facing South at Fixed Tilt=Lat+15"
"COLUMN G: Flat-Plate Collector Facing South at Fixed Tilt=90"
"COLUMN H: 1-Axis Tracking Flat-Plate Collector with North-South Axis, Axis Tilt=0"
"COLUMN I: 1-Axis Tracking Flat-Plate Collector with North-South Axis, Axis Tilt=Lat-15"
"COLUMN J: 1-Axis Tracking Flat-Plate Collector with North-South Axis, Axis Tilt=Lat"
"COLUMN K: 1-Axis Tracking Flat-Plate Collector with North-South Axis, Axis Tilt=Lat+15"
"COLUMN L: 2-Axis Tracking Flat-Plate Collector"
"COLUMN M: 1-Axis Tracking Concentrating Collector with East-West Horizontal Axis"
"COLUMN N: 1-Axis Tracking Concentrating Collector with North-South Horizontal Axis"
"COLUMN O: 1-Axis Tracking Concentrating Collector with North-South Axis, Axis Tilt=Lat"
"COLUMN P: 2-Axis Tracking Concentrating Collector"
"COL A","COL B","COL C","COL D","COL E","COL F","COL G","COL H","COL I","COL J","COL K","COL L","COL M","COL N","COL O","COL P"
61, 1, 0.3, 1.3, 1.5, 1.6, 1.6, 0.6, 1.5, 1.6, 1.7, 1.7, 1.3, 0.4, 1.3, 1.3
61, 2, 1.0, 2.9, 3.2, 3.3, 3.3, 2.0, 3.4, 3.7, 3.8, 3.8, 2.5, 1.4, 2.8, 2.9
61, 3, 2.6, 5.2, 5.5, 5.5, 5.3, 5.0, 6.8, 7.1, 7.1, 7.1, 3.8, 3.4, 5.1, 5.1
61, 4, 3.6, 4.6, 4.5, 4.3, 3.9, 5.2, 6.1, 6.0, 5.8, 6.1, 2.2, 2.6, 3.2, 3.2
61, 5, 4.8, 5.4, 5.0, 4.4, 3.8, 7.1, 7.8, 7.5, 7.1, 7.9, 3.7, 4.7, 5.1, 5.4
61, 6, 4.3, 4.3, 3.9, 3.4, 2.8, 5.1, 5.3, 5.1, 4.7, 5.5, 1.9, 2.2, 2.3, 2.5
61, 7, 4.0, 3.9, 3.6, 3.1, 2.6, 5.3, 5.5, 5.3, 5.0, 5.7, 2.0, 2.7, 2.8, 3.0
61, 8, 2.9, 3.3, 3.1, 2.8, 2.4, 3.8, 4.2, 4.0, 3.8, 4.2, 1.5, 1.8, 2.1, 2.1
61, 9, 1.9, 2.5, 2.4, 2.3, 2.0, 2.6, 3.0, 3.0, 2.9, 3.1, 1.3, 1.3, 1.8, 1.8
61,10, 1.1, 2.3, 2.4, 2.4, 2.3, 1.8, 2.7, 2.8, 2.8, 2.8, 1.5, 1.0, 1.8, 1.8
61,11, 0.4, 1.1, 1.3, 1.3, 1.3, 0.6, 1.2, 1.4, 1.4, 1.4, 0.8, 0.3, 0.8, 0.9
61,12, 0.1, 0.8, 0.9, 1.0, 1.0, 0.3, 0.9, 1.0, 1.0, 1.0, 0.8, 0.2, 0.8, 0.9
62, 1, 0.3, 1.1, 1.3, 1.4, 1.4, 0.6, 1.2, 1.4, 1.4, 1.5, 1.0, 0.3, 1.0, 1.0
62, 2, 0.9, 1.8, 1.9, 2.0, 2.0, 1.3, 2.0, 2.2, 2.2, 2.2, 0.9, 0.5, 1.0, 1.0
62, 3, 2.4, 4.1, 4.3, 4.3, 4.1, 4.1, 5.3, 5.5, 5.4, 5.5, 2.4, 2.3, 3.3, 3.3
62, 4, 4.3, 5.7, 5.7, 5.4, 5.1, 6.8, 8.0, 8.0, 7.8, 8.0, 3.1, 3.8, 4.6, 4.7
62, 5, 4.4, 4.8, 4.5, 4.1, 3.6, 6.3, 6.8, 6.7, 6.4, 7.0, 2.7, 3.6, 3.9, 4.1
62, 6, 4.8, 4.8, 4.3, 3.7, 3.1, 6.6, 6.9, 6.7, 6.3, 7.2, 3.1, 3.9, 4.1, 4.4
62, 7, 5.0, 5.1, 4.7, 4.1, 3.4, 7.0, 7.5, 7.3, 6.8, 7.7, 3.3, 4.3, 4.5, 4.8
62, 8, 3.2, 3.6, 3.4, 3.0, 2.6, 4.3, 4.7, 4.6, 4.3, 4.8, 1.8, 2.2, 2.5, 2.6
62, 9, 2.0, 2.8, 2.7, 2.5, 2.3, 2.9, 3.5, 3.5, 3.3, 3.5, 1.4, 1.5, 2.0, 2.0
62,10, 1.1, 1.9, 2.0, 2.0, 1.9, 1.6, 2.2, 2.3, 2.3, 2.3, 1.0, 0.7, 1.2, 1.2
62,11, 0.4, 1.3, 1.4, 1.5, 1.5, 0.7, 1.4, 1.5, 1.6, 1.6, 1.0, 0.4, 1.0, 1.0
62,12, 0.1, 0.7, 0.8, 0.8, 0.8, 0.3, 0.7, 0.8, 0.9, 0.9, 0.6, 0.2, 0.6, 0.7
63, 1, 0.2, 0.8, 0.9, 0.9, 0.9, 0.4, 0.9, 0.9, 1.0, 1.0, 0.6, 0.2, 0.6, 0.6
63, 2, 1.0, 2.4, 2.7, 2.8, 2.7, 1.7, 2.8, 3.0, 3.1, 3.1, 1.7, 0.9, 1.9, 1.9
63, 3, 2.3, 3.8, 4.0, 3.9, 3.8, 3.8, 4.9, 5.0, 5.0, 5.0, 2.1, 2.0, 2.9, 2.9
63, 4, 4.0, 5.2, 5.2, 5.0, 4.7, 5.9, 7.0, 7.0, 6.8, 7.0, 2.4, 2.8, 3.5, 3.5
63, 5, 4.8, 5.3, 4.9, 4.4, 3.9, 7.1, 7.7, 7.5, 7.2, 7.9, 3.3, 4.3, 4.6, 4.8
63, 6, 4.3, 4.2, 3.8, 3.2, 2.7, 5.4, 5.6, 5.4, 5.0, 5.8, 2.1, 2.6, 2.7, 3.0
63, 7, 4.4, 4.3, 4.0, 3.4, 2.9, 5.7, 5.9, 5.7, 5.3, 6.1, 2.3, 2.9, 3.0, 3.3
63, 8, 2.8, 3.0, 2.8, 2.4, 2.1, 3.6, 3.8, 3.7, 3.4, 3.8, 1.1, 1.5, 1.7, 1.8
63, 9, 2.7, 4.2, 4.2, 4.0, 3.6, 4.3, 5.5, 5.5, 5.4, 5.6, 2.9, 2.9, 4.0, 4.0
63,10, 1.0, 1.8, 1.9, 1.8, 1.8, 1.5, 2.0, 2.1, 2.1, 2.1, 0.9, 0.6, 1.0, 1.0
63,11, 0.4, 1.5, 1.7, 1.8, 1.8, 0.8, 1.7, 1.9, 2.0, 2.0, 1.3, 0.5, 1.3, 1.4
63,12, 0.1, 0.4, 0.5, 0.5, 0.5, 0.2, 0.4, 0.5, 0.5, 0.5, 0.4, 0.1, 0.3, 0.4
64, 1, 0.2, 0.9, 1.1, 1.1, 1.2, 0.4, 1.0, 1.1, 1.2, 1.2, 0.8, 0.3, 0.8, 0.9
64, 2, 0.9, 2.1, 2.3, 2.4, 2.3, 1.5, 2.4, 2.6, 2.6, 2.6, 1.4, 0.8, 1.6, 1.6
64, 3, 2.5, 4.6, 4.8, 4.8, 4.6, 4.4, 5.9, 6.1, 6.1, 6.1, 2.9, 2.7, 3.9, 3.9
64, 4, 3.9, 5.1, 5.0, 4.8, 4.5, 5.5, 6.4, 6.4, 6.3, 6.4, 2.1, 2.3, 2.9, 3.0
64, 5, 5.3, 5.8, 5.6, 5.1, 4.7, 7.5, 8.2, 8.1, 7.8, 8.4, 3.1, 4.0, 4.3, 4.5
64, 6, 4.9, 4.9, 4.4, 3.8, 3.2, 6.5, 6.8, 6.5, 6.1, 7.1, 2.9, 3.5, 3.7, 4.0
64, 7, 4.5, 4.7, 4.3, 3.7, 3.1, 5.9, 6.3, 6.0, 5.7, 6.4, 2.5, 3.1, 3.3, 3.5
64, 8, 3.3, 3.7, 3.4, 3.1, 2.7, 4.3, 4.7, 4.6, 4.3, 4.8, 1.8, 2.1, 2.4, 2.5
64, 9, 2.0, 2.7, 2.6, 2.4, 2.2, 2.7, 3.2, 3.2, 3.1, 3.3, 1.3, 1.3, 1.7, 1.7
64,10, 0.9, 1.3, 1.3, 1.3, 1.2, 1.1, 1.5, 1.5, 1.5, 1.5, 0.6, 0.4, 0.7, 0.7
64,11, 0.4, 1.1, 1.2, 1.3, 1.3, 0.6, 1.2, 1.3, 1.4, 1.4, 0.8, 0.3, 0.8, 0.9
64,12, 0.1, 0.5, 0.5, 0.6, 0.6, 0.2, 0.5, 0.6, 0.6, 0.6, 0.4, 0.1, 0.4, 0.4
65, 1, 0.2, 0.8, 0.9, 1.0, 1.0, 0.4, 0.9, 1.0, 1.1, 1.1, 0.7, 0.2, 0.7, 0.7
65, 2, 1.0, 2.7, 3.0, 3.1, 3.0, 1.9, 3.2, 3.4, 3.5, 3.5, 2.1, 1.2, 2.4, 2.5
65, 3, 1.9, 2.7, 2.8, 2.7, 2.6, 2.5, 3.1, 3.2, 3.2, 3.2, 1.0, 0.8, 1.2, 1.2
65, 4, 3.5, 4.4, 4.3, 4.0, 3.6, 5.1, 5.9, 5.9, 5.7, 6.0, 2.5, 2.9, 3.5, 3.6
65, 5, 4.1, 4.2, 3.9, 3.4, 2.9, 5.3, 5.6, 5.4, 5.0, 5.7, 1.8, 2.4, 2.6, 2.7
65, 6, 4.9, 4.9, 4.5, 3.9, 3.3, 6.4, 6.7, 6.4, 6.0, 6.9, 2.5, 3.1, 3.2, 3.5
65, 7, 4.3, 4.2, 3.8, 3.3, 2.8, 5.4, 5.6, 5.4, 5.1, 5.8, 1.9, 2.4, 2.5, 2.7
65, 8, 3.1, 3.4, 3.1, 2.8, 2.4, 3.8, 4.1, 4.0, 3.7, 4.2, 1.2, 1.5, 1.8, 1.8
65, 9, 1.8, 2.0, 1.9, 1.7, 1.6, 2.0, 2.2, 2.2, 2.0, 2.2, 0.5, 0.5, 0.7, 0.7
65,10, 1.1, 2.2, 2.3, 2.3, 2.2, 1.7, 2.5, 2.6, 2.6, 2.7, 1.3, 0.8, 1.5, 1.5
65,11, 0.4, 1.3, 1.5, 1.6, 1.5, 0.8, 1.5, 1.6, 1.7, 1.7, 1.1, 0.5, 1.2, 1.2
65,12, 0.1, 0.5, 0.6, 0.6, 0.6, 0.2, 0.5, 0.6, 0.6, 0.6, 0.4, 0.1, 0.4, 0.4
66, 1, 0.3, 1.1, 1.3, 1.4, 1.4, 0.5, 1.2, 1.4, 1.4, 1.5, 1.0, 0.3, 0.9, 1.0
66, 2, 0.9, 1.9, 2.1, 2.1, 2.1, 1.4, 2.2, 2.3, 2.4, 2.4, 1.1, 0.7, 1.3, 1.3
66, 3, 2.5, 4.9, 5.1, 5.1, 4.9, 4.5, 6.2, 6.4, 6.4, 6.4, 3.3, 2.8, 4.2, 4.3
66, 4, 4.5, 6.3, 6.3, 6.1, 5.7, 7.3, 8.9, 8.9, 8.7, 8.9, 3.9, 4.6, 5.6, 5.7
66, 5, 4.4, 4.8, 4.4, 3.9, 3.4, 6.0, 6.5, 6.3, 6.0, 6.7, 2.5, 3.2, 3.5, 3.7
66, 6, 5.5, 5.5, 5.0, 4.3, 3.6, 7.9, 8.3, 8.1, 7.6, 8.7, 3.7, 4.8, 4.9, 5.4
66, 7, 4.5, 4.6, 4.2, 3.6, 3.1, 6.0, 6.2, 6.0, 5.7, 6.4, 2.4, 3.1, 3.3, 3.5
66, 8, 3.3, 3.7, 3.5, 3.1, 2.7, 4.3, 4.8, 4.6, 4.4, 4.8, 1.7, 2.1, 2.4, 2.5
66, 9, 2.2, 3.0, 3.0, 2.8, 2.5, 3.1, 3.8, 3.8, 3.6, 3.8, 1.6, 1.6, 2.2, 2.2
66,10, 1.0, 1.7, 1.8, 1.8, 1.7, 1.4, 1.9, 2.0, 2.0, 2.0, 0.8, 0.5, 1.0, 1.0
66,11, 0.4, 0.9, 1.0, 1.0, 1.0, 0.6, 1.0, 1.1, 1.1, 1.1, 0.5, 0.2, 0.5, 0.6
66,12, 0.1, 0.6, 0.7, 0.8, 0.8, 0.3, 0.7, 0.8, 0.8, 0.8, 0.6, 0.2, 0.6, 0.6
67, 1, 0.3, 1.1, 1.2, 1.3, 1.3, 0.5, 1.2, 1.3, 1.4, 1.4, 0.9, 0.3, 1.0, 1.0
67, 2, 0.9, 2.4, 2.7, 2.8, 2.7, 1.8, 2.9, 3.1, 3.2, 3.1, 1.8, 1.0, 2.0, 2.1
67, 3, 2.3, 4.0, 4.2, 4.2, 4.0, 3.8, 5.1, 5.2, 5.2, 5.2, 2.3, 2.1, 3.1, 3.1
67, 4, 3.8, 4.6, 4.5, 4.3, 4.0, 4.9, 5.6, 5.6, 5.5, 5.7, 1.5, 1.7, 2.1, 2.1
67, 5, 5.1, 5.7, 5.3, 4.7, 4.1, 7.6, 8.3, 8.1, 7.8, 8.5, 3.8, 4.9, 5.4, 5.6
67, 6, 4.5, 4.3, 3.9, 3.4, 2.8, 5.6, 5.7, 5.5, 5.1, 6.0, 2.0, 2.5, 2.5, 2.8
67, 7, 4.4, 4.4, 4.0, 3.4, 2.9, 5.9, 6.1, 5.9, 5.5, 6.3, 2.3, 3.0, 3.1, 3.4
67, 8, 3.6, 4.1, 3.8, 3.4, 3.0, 4.8, 5.3, 5.2, 4.9, 5.4, 2.1, 2.5, 2.9, 3.0
67, 9, 2.3, 3.4, 3.4, 3.2, 2.9, 3.5, 4.4, 4.4, 4.2, 4.4, 2.0, 2.0, 2.8, 2.8
67,10, 1.1, 2.2, 2.3, 2.3, 2.2, 1.8, 2.5, 2.7, 2.7, 2.7, 1.4, 1.0, 1.7, 1.7
67,11, 0.3, 0.9, 1.0, 1.0, 1.0, 0.5, 1.0, 1.1, 1.1, 1.1, 0.6, 0.2, 0.6, 0.6
67,12, 0.1, 0.4, 0.5, 0.5, 0.5, 0.2, 0.5, 0.5, 0.6, 0.6, 0.4, 0.1, 0.4, 0.4
68, 1, 0.3, 1.0, 1.2, 1.2, 1.3, 0.5, 1.1, 1.3, 1.3, 1.3, 0.9, 0.3, 0.9, 1.0
68, 2, 1.0, 2.5, 2.8, 2.8, 2.8, 1.8, 2.9, 3.1, 3.2, 3.2, 1.9, 1.0, 2.1, 2.2
68, 3, 2.6, 4.8, 5.1, 5.1, 4.9, 4.5, 6.1, 6.3, 6.3, 6.3, 3.2, 2.7, 4.1, 4.1
68, 4, 4.0, 5.1, 5.0, 4.8, 4.5, 5.8, 6.8, 6.8, 6.6, 6.8, 2.3, 2.7, 3.3, 3.4
68, 5, 4.9, 5.3, 4.9, 4.4, 3.8, 7.0, 7.6, 7.4, 7.1, 7.8, 3.2, 4.2, 4.5, 4.7
68, 6, 5.1, 5.1, 4.6, 4.0, 3.3, 6.8, 7.1, 6.9, 6.5, 7.4, 2.9, 3.7, 3.8, 4.2
68, 7, 5.0, 5.3, 4.9, 4.3, 3.6, 6.9, 7.4, 7.2, 6.8, 7.7, 3.3, 4.1, 4.3, 4.7
68, 8, 3.9, 4.8, 4.5, 4.1, 3.6, 5.7, 6.5, 6.3, 6.0, 6.5, 2.8, 3.4, 3.9, 4.1
68, 9, 2.5, 3.7, 3.7, 3.5, 3.2, 3.9, 4.9, 4.9, 4.8, 4.9, 2.3, 2.4, 3.2, 3.3
68,10, 1.0, 1.7, 1.8, 1.8, 1.8, 1.4, 2.0, 2.1, 2.1, 2.1, 0.9, 0.6, 1.0, 1.1
68,11, 0.4, 1.1, 1.3, 1.3, 1.3, 0.6, 1.2, 1.4, 1.4, 1.4, 0.9, 0.4, 0.9, 0.9
68,12, 0.1, 0.8, 0.9, 1.0, 1.0, 0.3, 0.9, 1.0, 1.0, 1.1, 0.8, 0.2, 0.8, 0.9
69, 1, 0.2, 0.8, 0.9, 1.0, 1.0, 0.4, 0.9, 1.0, 1.0, 1.0, 0.6, 0.2, 0.6, 0.6
69, 2, 0.9, 2.2, 2.4, 2.4, 2.4, 1.5, 2.5, 2.7, 2.7, 2.7, 1.4, 0.7, 1.5, 1.6
69, 3, 2.3, 3.9, 4.0, 4.0, 3.8, 3.6, 4.8, 4.9, 4.9, 4.9, 2.0, 1.7, 2.5, 2.5
69, 4, 4.1, 5.6, 5.5, 5.2, 4.8, 6.5, 7.8, 7.8, 7.5, 7.8, 3.4, 4.0, 4.9, 5.0
69, 5, 4.7, 5.0, 4.7, 4.1, 3.5, 6.7, 7.3, 7.1, 6.7, 7.4, 3.1, 4.0, 4.3, 4.5
69, 6, 5.0, 5.0, 4.5, 3.9, 3.3, 6.7, 6.9, 6.7, 6.3, 7.2, 2.8, 3.5, 3.7, 4.0
69, 7, 4.1, 3.9, 3.5, 3.0, 2.6, 4.8, 4.9, 4.7, 4.4, 5.1, 1.4, 1.8, 1.9, 2.1
69, 8, 3.8, 4.6, 4.3, 3.9, 3.4, 5.6, 6.3, 6.1, 5.8, 6.3, 2.7, 3.3, 3.9, 4.0
69, 9, 2.8, 4.5, 4.5, 4.3, 3.9, 4.8, 6.1, 6.2, 6.0, 6.2, 3.2, 3.4, 4.6, 4.6
69,10, 1.0, 1.9, 2.0, 1.9, 1.8, 1.5, 2.2, 2.3, 2.2, 2.3, 1.1, 0.8, 1.4, 1.4
69,11, 0.4, 1.3, 1.4, 1.5, 1.5, 0.8, 1.4, 1.5, 1.6, 1.6, 0.9, 0.4, 1.0, 1.0
69,12, 0.1, 0.4, 0.4, 0.5, 0.5, 0.2, 0.4, 0.5, 0.5, 0.5, 0.3, 0.1, 0.3, 0.3
70, 1, 0.3, 1.6, 1.9, 2.0, 2.0, 0.8, 1.8, 2.0, 2.2, 2.2, 1.7, 0.6, 1.7, 1.8
70, 2, 0.9, 2.0, 2.1, 2.2, 2.2, 1.4, 2.3, 2.4, 2.5, 2.5, 1.1, 0.6, 1.3, 1.3
70, 3, 2.2, 3.5, 3.6, 3.6, 3.4, 3.2, 4.2, 4.3, 4.3, 4.3, 1.6, 1.3, 2.0, 2.0
70, 4, 3.8, 5.0, 5.0, 4.8, 4.5, 5.6, 6.7, 6.7, 6.5, 6.7, 2.5, 2.8, 3.6, 3.6
70, 5, 5.1, 5.7, 5.3, 4.6, 3.9, 7.7, 8.4, 8.1, 7.7, 8.6, 3.9, 4.9, 5.3, 5.7
70, 6, 5.3, 5.4, 4.9, 4.2, 3.5, 7.3, 7.8, 7.5, 7.1, 8.1, 3.4, 4.3, 4.5, 4.8
70, 7, 4.5, 4.5, 4.1, 3.5, 3.0, 5.8, 6.0, 5.8, 5.4, 6.2, 2.2, 2.8, 2.9, 3.1
70, 8, 3.5, 4.0, 3.7, 3.3, 2.9, 4.6, 5.1, 4.9, 4.7, 5.1, 1.9, 2.2, 2.6, 2.7
70, 9, 2.4, 3.5, 3.5, 3.2, 3.0, 3.6, 4.4, 4.4, 4.3, 4.5, 2.0, 2.1, 2.8, 2.8
70,10, 1.3, 2.8, 2.9, 2.9, 2.8, 2.2, 3.3, 3.5, 3.5, 3.5, 2.1, 1.5, 2.6, 2.6
70,11, 0.4, 0.9, 1.0, 1.0, 1.0, 0.6, 1.0, 1.1, 1.1, 1.1, 0.5, 0.2, 0.5, 0.5
70,12, 0.1, 0.7, 0.8, 0.9, 0.9, 0.3, 0.7, 0.8, 0.9, 0.9, 0.7, 0.2, 0.6, 0.7
71, 1, 0.3, 1.5, 1.7, 1.8, 1.8, 0.7, 1.6, 1.8, 1.9, 1.9, 1.4, 0.5, 1.4, 1.5
71, 2, 0.9, 2.0, 2.2, 2.3, 2.2, 1.5, 2.3, 2.5, 2.5, 2.5, 1.1, 0.7, 1.3, 1.3
71, 3, 2.8, 5.5, 5.8, 5.8, 5.6, 5.3, 7.3, 7.5, 7.5, 7.5, 4.0, 3.7, 5.4, 5.4
71, 4, 4.6, 6.2, 6.2, 5.9, 5.6, 7.1, 8.5, 8.5, 8.3, 8.5, 3.4, 4.0, 4.8, 4.9
71, 5, 4.5, 4.8, 4.5, 4.1, 3.6, 5.9, 6.4, 6.2, 5.9, 6.5, 2.0, 2.6, 2.8, 3.0
71, 6, 5.4, 5.5, 5.0, 4.3, 3.6, 7.4, 7.9, 7.6, 7.2, 8.2, 3.6, 4.5, 4.6, 5.1
71, 7, 4.4, 4.4, 4.0, 3.4, 2.9, 5.7, 5.9, 5.7, 5.3, 6.1, 2.1, 2.7, 2.8, 3.0
71, 8, 3.5, 4.0, 3.8, 3.4, 2.9, 4.7, 5.2, 5.1, 4.8, 5.3, 2.0, 2.4, 2.8, 2.8
71, 9, 2.1, 2.8, 2.8, 2.6, 2.4, 3.0, 3.5, 3.5, 3.4, 3.6, 1.4, 1.5, 2.0, 2.0
71,10, 1.1, 1.8, 1.8, 1.8, 1.7, 1.5, 2.0, 2.1, 2.1, 2.1, 0.7, 0.6, 0.9, 0.9
71,11, 0.4, 1.4, 1.5, 1.6, 1.6, 0.8, 1.5, 1.6, 1.7, 1.7, 1.0, 0.4, 1.0, 1.1
71,12, 0.1, 0.4, 0.5, 0.5, 0.5, 0.2, 0.4, 0.5, 0.5, 0.5, 0.3, 0.1, 0.3, 0.3
72, 1, 0.3, 1.2, 1.4, 1.5, 1.5, 0.6, 1.3, 1.5, 1.5, 1.5, 1.1, 0.4, 1.1, 1.2
72, 2, 1.1, 3.6, 4.0, 4.2, 4.1, 2.6, 4.4, 4.7, 4.8, 4.8, 3.3, 1.9, 3.7, 3.8
72, 3, 2.9, 5.8, 6.1, 6.2, 5.9, 5.6, 7.8, 8.0, 8.0, 8.0, 4.4, 4.0, 5.9, 5.9
72, 4, 4.3, 5.9, 5.9, 5.7, 5.3, 6.8, 8.2, 8.2, 8.1, 8.2, 3.6, 4.2, 5.1, 5.2
72, 5, 5.4, 6.2, 5.9, 5.4, 4.8, 8.1, 9.0, 8.9, 8.5, 9.1, 4.0, 5.0, 5.5, 5.8
72, 6, 5.4, 5.5, 5.0, 4.3, 3.6, 7.6, 8.0, 7.7, 7.3, 8.3, 3.6, 4.5, 4.7, 5.1
72, 7, 5.3, 5.6, 5.1, 4.4, 3.8, 7.8, 8.4, 8.1, 7.7, 8.6, 3.8, 5.0, 5.2, 5.6
72, 8, 3.7, 4.3, 4.1, 3.7, 3.2, 5.3, 5.9, 5.8, 5.5, 6.0, 2.5, 3.1, 3.6, 3.7
72, 9, 2.4, 3.6, 3.6, 3.4, 3.1, 3.7, 4.6, 4.7, 4.5, 4.7, 2.2, 2.2, 3.0, 3.0
72,10, 1.0, 1.4, 1.4, 1.4, 1.3, 1.2, 1.6, 1.6, 1.6, 1.6, 0.5, 0.3, 0.6, 0.6
72,11, 0.4, 1.1, 1.3, 1.4, 1.3, 0.7, 1.3, 1.4, 1.5, 1.5, 0.9, 0.4, 0.9, 1.0
72,12, 0.1, 0.6, 0.7, 0.8, 0.8, 0.2, 0.6, 0.7, 0.8, 0.8, 0.6, 0.2, 0.6, 0.6
73, 1, 0.3, 1.4, 1.6, 1.7, 1.7, 0.7, 1.5, 1.7, 1.8, 1.9, 1.4, 0.5, 1.4, 1.5
73, 2, 1.0, 3.1, 3.4, 3.6, 3.5, 2.3, 3.7, 4.0, 4.1, 4.1, 2.6, 1.5, 3.0, 3.1
73, 3, 2.3, 4.0, 4.2, 4.2, 4.0, 3.8, 5.0, 5.2, 5.1, 5.2, 2.3, 1.9, 2.9, 3.0
73, 4, 4.2, 5.7, 5.7, 5.5, 5.1, 6.7, 7.9, 7.9, 7.8, 7.9, 3.2, 3.8, 4.6, 4.7
73, 5, 4.9, 5.4, 5.0, 4.4, 3.8, 6.9, 7.6, 7.4, 7.0, 7.8, 3.3, 4.1, 4.5, 4.7
73, 6, 5.3, 5.3, 4.8, 4.1, 3.4, 7.4, 7.7, 7.5, 7.1, 8.1, 3.4, 4.3, 4.4, 4.8
73, 7, 4.3, 4.3, 3.9, 3.4, 2.9, 5.3, 5.6, 5.3, 5.0, 5.8, 2.0, 2.4, 2.6, 2.8
73, 8, 3.2, 3.3, 3.1, 2.8, 2.4, 4.0, 4.3, 4.2, 4.0, 4.4, 1.3, 1.7, 2.0, 2.0
73, 9, 2.4, 3.4, 3.3, 3.1, 2.8, 3.6, 4.4, 4.4, 4.3, 4.5, 2.1, 2.3, 3.0, 3.0
73,10, 1.1, 2.1, 2.2, 2.2, 2.1, 1.7, 2.4, 2.5, 2.5, 2.5, 1.1, 0.7, 1.3, 1.3
73,11, 0.4, 1.4, 1.6, 1.7, 1.7, 0.8, 1.6, 1.8, 1.8, 1.9, 1.1, 0.5, 1.2, 1.3
73,12, 0.1, 0.6, 0.7, 0.8, 0.8, 0.3, 0.7, 0.8, 0.8, 0.8, 0.6, 0.2, 0.6, 0.6
74, 1, 0.3, 1.3, 1.5, 1.6, 1.6, 0.6, 1.4, 1.6, 1.7, 1.7, 1.2, 0.4, 1.2, 1.3
74, 2, 1.1, 3.1, 3.4, 3.5, 3.5, 2.2, 3.7, 4.0, 4.1, 4.1, 2.5, 1.5, 2.9, 3.0
74, 3, 2.5, 4.8, 5.0, 5.0, 4.8, 4.5, 6.2, 6.4, 6.3, 6.3, 3.2, 2.8, 4.2, 4.2
74, 4, 4.4, 6.2, 6.2, 6.0, 5.6, 7.1, 8.6, 8.6, 8.4, 8.6, 3.8, 4.3, 5.3, 5.4
74, 5, 5.7, 6.5, 6.1, 5.3, 4.5, 9.1,10.1, 9.9, 9.4,10.3, 5.2, 6.7, 7.3, 7.7
74, 6, 5.7, 5.8, 5.2, 4.5, 3.7, 8.2, 8.6, 8.3, 7.9, 8.9, 4.0, 5.1, 5.3, 5.7
74, 7, 5.2, 5.3, 4.8, 4.2, 3.5, 7.4, 7.8, 7.6, 7.2, 8.1, 3.6, 4.6, 4.8, 5.2
74, 8, 3.6, 4.1, 3.9, 3.5, 3.0, 5.2, 5.7, 5.6, 5.3, 5.8, 2.3, 3.0, 3.4, 3.5
74, 9, 2.7, 4.2, 4.2, 4.0, 3.6, 4.5, 5.7, 5.7, 5.6, 5.8, 3.0, 3.2, 4.2, 4.3
74,10, 1.3, 2.4, 2.5, 2.6, 2.5, 2.0, 2.8, 3.0, 3.0, 3.0, 1.4, 1.0, 1.7, 1.7
74,11, 0.4, 1.1, 1.2, 1.3, 1.3, 0.6, 1.2, 1.3, 1.4, 1.4, 0.7, 0.3, 0.8, 0.8
74,12, 0.1, 0.5, 0.6, 0.6, 0.6, 0.2, 0.6, 0.6, 0.7, 0.7, 0.4, 0.1, 0.4, 0.5
75, 1, 0.3, 0.9, 1.1, 1.1, 1.1, 0.4, 1.0, 1.1, 1.2, 1.2, 0.8, 0.3, 0.8, 0.8
75, 2, 0.9, 2.2, 2.5, 2.5, 2.5, 1.6, 2.6, 2.8, 2.8, 2.8, 1.5, 0.8, 1.7, 1.7
75, 3, 2.5, 4.5, 4.8, 4.7, 4.6, 4.3, 5.8, 6.0, 6.0, 6.0, 2.9, 2.5, 3.8, 3.8
75, 4, 4.3, 5.7, 5.7, 5.4, 5.0, 6.6, 7.7, 7.7, 7.6, 7.8, 2.9, 3.4, 4.2, 4.2
75, 5, 4.8, 5.3, 4.9, 4.4, 3.9, 6.7, 7.3, 7.2, 6.8, 7.5, 3.0, 3.8, 4.1, 4.3
75, 6, 4.6, 4.5, 4.0, 3.5, 2.9, 5.8, 5.9, 5.7, 5.3, 6.2, 2.1, 2.6, 2.7, 3.0
75, 7, 4.7, 4.8, 4.4, 3.8, 3.2, 6.3, 6.6, 6.4, 6.0, 6.8, 2.7, 3.3, 3.5, 3.8
75, 8, 4.0, 4.7, 4.5, 4.0, 3.5, 5.7, 6.5, 6.3, 6.0, 6.6, 2.8, 3.4, 3.9, 4.1
75, 9, 2.1, 2.9, 2.9, 2.7, 2.5, 2.9, 3.5, 3.5, 3.4, 3.6, 1.5, 1.4, 2.0, 2.0
75,10, 1.2, 2.5, 2.6, 2.7, 2.6, 2.0, 2.9, 3.1, 3.1, 3.1, 1.6, 1.1, 2.0, 2.0
75,11, 0.4, 1.7, 1.9, 2.0, 2.0, 1.0, 1.9, 2.1, 2.2, 2.2, 1.5, 0.6, 1.6, 1.7
75,12, 0.1, 0.7, 0.8, 0.9, 0.9, 0.3, 0.7, 0.8, 0.9, 0.9, 0.7, 0.2, 0.6, 0.7
76, 1, 0.3, 1.0, 1.1, 1.2, 1.2, 0.5, 1.1, 1.2, 1.3, 1.3, 0.9, 0.3, 0.9, 0.9
76, 2, 1.1, 3.5, 3.9, 4.0, 4.0, 2.5, 4.3, 4.6, 4.7, 4.7, 3.0, 1.9, 3.5, 3.6
76, 3, 2.5, 4.5, 4.7, 4.6, 4.4, 4.4, 5.8, 6.0, 5.9, 6.0, 2.8, 2.6, 3.8, 3.8
76, 4, 4.3, 5.7, 5.7, 5.4, 5.1, 6.8, 7.9, 8.0, 7.8, 8.0, 3.0, 3.7, 4.4, 4.5
76, 5, 4.7, 5.1, 4.7, 4.2, 3.6, 6.5, 7.0, 6.8, 6.5, 7.2, 2.8, 3.6, 3.9, 4.1
76, 6, 5.3, 5.3, 4.8, 4.2, 3.5, 7.1, 7.5, 7.2, 6.8, 7.8, 3.3, 4.1, 4.2, 4.6
76, 7, 4.9, 5.1, 4.6, 4.0, 3.4, 6.7, 7.1, 6.8, 6.4, 7.3, 2.9, 3.6, 3.8, 4.1
76, 8, 4.0, 4.9, 4.7, 4.2, 3.7, 5.9, 6.8, 6.6, 6.3, 6.8, 3.0, 3.6, 4.3, 4.4
76, 9, 2.3, 3.5, 3.5, 3.3, 3.0, 3.6, 4.5, 4.5, 4.4, 4.6, 2.2, 2.2, 3.0, 3.0
76,10, 1.0, 1.8, 1.8, 1.8, 1.7, 1.5, 2.1, 2.1, 2.1, 2.2, 0.9, 0.7, 1.2, 1.2
76,11, 0.4, 1.1, 1.2, 1.3, 1.3, 0.7, 1.2, 1.3, 1.4, 1.4, 0.8, 0.3, 0.8, 0.8
76,12, 0.1, 0.7, 0.8, 0.8, 0.8, 0.3, 0.7, 0.8, 0.9, 0.9, 0.6, 0.2, 0.6, 0.7
77, 1, 0.2, 0.7, 0.8, 0.8, 0.8, 0.4, 0.7, 0.8, 0.8, 0.8, 0.4, 0.2, 0.4, 0.4
77, 2, 0.9, 1.8, 2.0, 2.0, 2.0, 1.4, 2.1, 2.2, 2.3, 2.3, 0.9, 0.5, 1.1, 1.1
77, 3, 2.4, 4.1, 4.3, 4.3, 4.1, 4.0, 5.3, 5.4, 5.4, 5.4, 2.3, 2.1, 3.1, 3.1
77, 4, 4.3, 5.7, 5.7, 5.5, 5.1, 6.6, 7.8, 7.8, 7.7, 7.8, 3.1, 3.7, 4.5, 4.6
77, 5, 4.7, 5.1, 4.8, 4.3, 3.8, 6.5, 7.0, 6.8, 6.5, 7.2, 2.6, 3.3, 3.5, 3.7
77, 6, 5.5, 5.5, 5.0, 4.3, 3.6, 7.9, 8.3, 8.1, 7.7, 8.7, 3.8, 4.9, 5.1, 5.5
77, 7, 5.4, 5.8, 5.3, 4.6, 3.9, 7.9, 8.5, 8.2, 7.8, 8.7, 4.0, 5.0, 5.3, 5.7
77, 8, 4.0, 4.9, 4.6, 4.2, 3.7, 5.8, 6.7, 6.5, 6.2, 6.7, 3.0, 3.6, 4.3, 4.4
77, 9, 2.1, 2.8, 2.7, 2.5, 2.3, 2.8, 3.3, 3.3, 3.2, 3.4, 1.4, 1.4, 1.8, 1.9
77,10, 1.1, 2.0, 2.1, 2.1, 2.0, 1.7, 2.4, 2.5, 2.5, 2.5, 1.2, 0.9, 1.5, 1.5
77,11, 0.4, 1.4, 1.6, 1.7, 1.7, 0.8, 1.6, 1.8, 1.8, 1.8, 1.2, 0.5, 1.2, 1.3
77,12, 0.1, 0.7, 0.8, 0.9, 0.9, 0.3, 0.7, 0.8, 0.9, 0.9, 0.7, 0.2, 0.6, 0.7
78, 1, 0.3, 0.8, 0.9, 0.9, 0.9, 0.4, 0.8, 0.9, 1.0, 1.0, 0.5, 0.2, 0.5, 0.6
78, 2, 0.9, 2.2, 2.3, 2.4, 2.4, 1.5, 2.5, 2.7, 2.7, 2.7, 1.3, 0.7, 1.5, 1.5
78, 3, 2.7, 5.2, 5.4, 5.4, 5.2, 4.9, 6.8, 7.0, 7.0, 7.0, 3.7, 3.3, 4.9, 4.9
78, 4, 3.9, 5.2, 5.2, 4.9, 4.5, 6.2, 7.2, 7.2, 7.0, 7.3, 3.0, 3.6, 4.3, 4.4
78, 5, 4.9, 5.5, 5.1, 4.5, 3.8, 7.2, 7.9, 7.7, 7.2, 8.0, 3.6, 4.4, 4.9, 5.1
78, 6, 4.3, 4.1, 3.7, 3.2, 2.7, 5.1, 5.2, 4.9, 4.6, 5.4, 1.5, 1.9, 2.0, 2.2
78, 7, 5.0, 5.3, 4.8, 4.2, 3.5, 7.1, 7.6, 7.3, 6.9, 7.8, 3.3, 4.2, 4.4, 4.7
78, 8, 4.1, 5.1, 4.8, 4.3, 3.8, 6.2, 7.1, 6.9, 6.6, 7.2, 3.3, 3.9, 4.6, 4.7
78, 9, 2.3, 3.4, 3.3, 3.2, 2.9, 3.3, 4.2, 4.2, 4.1, 4.2, 1.9, 1.9, 2.6, 2.6
78,10, 1.1, 2.1, 2.2, 2.2, 2.1, 1.8, 2.5, 2.6, 2.6, 2.6, 1.2, 1.0, 1.5, 1.6
78,11, 0.4, 1.1, 1.2, 1.3, 1.3, 0.7, 1.2, 1.3, 1.4, 1.4, 0.8, 0.3, 0.8, 0.8
78,12, 0.1, 0.3, 0.3, 0.3, 0.3, 0.1, 0.3, 0.3, 0.3, 0.3, 0.2, 0.0, 0.1, 0.2
79, 1, 0.2, 0.7, 0.8, 0.8, 0.8, 0.3, 0.7, 0.8, 0.8, 0.8, 0.4, 0.1, 0.4, 0.4
79, 2, 1.2, 4.2, 4.7, 4.9, 4.9, 3.0, 5.2, 5.6, 5.7, 5.7, 4.1, 2.4, 4.7, 4.8
79, 3, 2.3, 3.9, 4.1, 4.1, 3.9, 3.8, 5.0, 5.1, 5.1, 5.1, 2.1, 1.9, 2.8, 2.8
79, 4, 4.1, 5.5, 5.5, 5.2, 4.9, 6.3, 7.4, 7.4, 7.3, 7.4, 2.8, 3.3, 4.0, 4.1
79, 5, 5.2, 5.8, 5.4, 4.8, 4.1, 7.6, 8.4, 8.2, 7.8, 8.6, 3.8, 4.8, 5.2, 5.5
79, 6, 5.0, 4.9, 4.5, 3.9, 3.3, 6.6, 6.9, 6.7, 6.3, 7.2, 2.8, 3.5, 3.7, 4.0
79, 7, 4.6, 4.6, 4.2, 3.7, 3.1, 6.1, 6.4, 6.2, 5.9, 6.7, 2.5, 3.2, 3.4, 3.6
79, 8, 3.5, 4.1, 3.8, 3.4, 3.0, 4.9, 5.4, 5.3, 5.0, 5.4, 2.1, 2.6, 3.0, 3.1
79, 9, 2.6, 3.8, 3.8, 3.6, 3.3, 4.2, 5.2, 5.2, 5.0, 5.2, 2.6, 2.8, 3.7, 3.8
79,10, 1.0, 1.8, 1.8, 1.8, 1.7, 1.5, 2.0, 2.0, 2.0, 2.1, 0.9, 0.6, 1.0, 1.0
79,11, 0.3, 0.7, 0.8, 0.8, 0.8, 0.5, 0.8, 0.8, 0.9, 0.9, 0.3, 0.2, 0.4, 0.4
79,12, 0.1, 0.9, 1.0, 1.1, 1.1, 0.3, 0.9, 1.1, 1.1, 1.1, 0.9, 0.2, 0.9, 0.9
80, 1, 0.3, 1.2, 1.4, 1.4, 1.4, 0.6, 1.3, 1.4, 1.5, 1.5, 1.1, 0.4, 1.1, 1.1
80, 2, 1.0, 2.8, 3.0, 3.2, 3.1, 2.1, 3.3, 3.5, 3.6, 3.6, 2.1, 1.3, 2.5, 2.5
80, 3, 2.5, 4.3, 4.5, 4.4, 4.3, 4.1, 5.4, 5.6, 5.6, 5.6, 2.5, 2.2, 3.3, 3.3
80, 4, 4.4, 6.2, 6.2, 5.9, 5.4, 7.3, 8.8, 8.8, 8.6, 8.8, 4.0, 4.7, 5.7, 5.8
80, 5, 4.6, 5.0, 4.7, 4.1, 3.5, 6.1, 6.7, 6.5, 6.1, 6.8, 2.8, 3.3, 3.7, 3.9
80, 6, 4.5, 4.3, 3.9, 3.3, 2.8, 5.5, 5.6, 5.4, 5.0, 5.9, 1.8, 2.3, 2.4, 2.6
80, 7, 4.4, 4.4, 4.0, 3.5, 2.9, 5.6, 5.8, 5.6, 5.2, 6.0, 2.1, 2.7, 2.8, 3.0
80, 8, 3.5, 4.1, 3.8, 3.4, 3.0, 4.8, 5.3, 5.2, 4.9, 5.4, 2.1, 2.6, 3.0, 3.1
80, 9, 2.1, 2.9, 2.9, 2.7, 2.4, 3.0, 3.6, 3.6, 3.4, 3.6, 1.5, 1.5, 2.0, 2.0
80,10, 1.0, 1.4, 1.5, 1.5, 1.4, 1.3, 1.6, 1.7, 1.6, 1.7, 0.5, 0.4, 0.7, 0.7
80,11, 0.4, 0.9, 1.0, 1.0, 1.0, 0.6, 1.0, 1.1, 1.1, 1.1, 0.5, 0.2, 0.6, 0.6
80,12, 0.1, 1.1, 1.3, 1.4, 1.4, 0.4, 1.2, 1.4, 1.5, 1.5, 1.3, 0.3, 1.2, 1.3
81, 1, 0.2, 0.6, 0.6, 0.6, 0.6, 0.3, 0.6, 0.6, 0.7, 0.7, 0.3, 0.1, 0.3, 0.3
81, 2, 0.9, 2.1, 2.3, 2.4, 2.3, 1.5, 2.4, 2.6, 2.6, 2.7, 1.3, 0.7, 1.5, 1.5
81, 3, 2.4, 4.1, 4.3, 4.3, 4.1, 3.8, 5.1, 5.3, 5.3, 5.3, 2.3, 2.0, 3.0, 3.0
81, 4, 4.3, 6.0, 6.0, 5.7, 5.2, 7.2, 8.7, 8.7, 8.4, 8.7, 4.2, 5.0, 6.1, 6.2
81, 5, 5.1, 5.7, 5.3, 4.7, 4.0, 7.7, 8.4, 8.2, 7.8, 8.6, 4.1, 5.2, 5.6, 5.9
81, 6, 5.5, 5.6, 5.1, 4.4, 3.7, 7.8, 8.2, 8.0, 7.5, 8.6, 3.7, 4.6, 4.8, 5.2
81, 7, 4.1, 3.9, 3.5, 3.1, 2.6, 4.9, 5.0, 4.8, 4.4, 5.2, 1.5, 1.8, 1.9, 2.1
81, 8, 3.8, 4.6, 4.4, 3.9, 3.4, 5.9, 6.7, 6.6, 6.3, 6.8, 3.0, 3.9, 4.5, 4.6
81, 9, 2.3, 3.3, 3.3, 3.1, 2.8, 3.5, 4.3, 4.3, 4.1, 4.3, 1.9, 2.0, 2.7, 2.7
81,10, 0.9, 1.4, 1.4, 1.3, 1.3, 1.2, 1.5, 1.5, 1.5, 1.5, 0.5, 0.4, 0.6, 0.6
81,11, 0.4, 1.3, 1.5, 1.5, 1.5, 0.8, 1.5, 1.6, 1.7, 1.7, 1.0, 0.4, 1.0, 1.1
81,12, 0.1, 0.7, 0.8, 0.9, 0.9, 0.3, 0.7, 0.8, 0.9, 0.9, 0.6, 0.2, 0.6, 0.7
82, 1, 0.3, 1.1, 1.3, 1.4, 1.4, 0.6, 1.2, 1.4, 1.5, 1.5, 1.0, 0.3, 1.0, 1.0
82, 2, 1.1, 3.1, 3.4, 3.6, 3.5, 2.3, 3.8, 4.0, 4.1, 4.1, 2.6, 1.6, 3.1, 3.1
82, 3, 2.3, 3.9, 4.0, 4.0, 3.8, 3.7, 4.9, 5.0, 5.0, 5.0, 2.2, 2.0, 2.9, 2.9
82, 4, 4.3, 5.8, 5.8, 5.5, 5.2, 6.5, 7.8, 7.8, 7.6, 7.8, 3.0, 3.5, 4.3, 4.3
82, 5, 4.4, 4.8, 4.5, 4.0, 3.5, 6.5, 7.0, 6.8, 6.5, 7.1, 2.7, 3.7, 3.9, 4.2
82, 6, 4.9, 4.9, 4.5, 3.8, 3.2, 6.5, 6.9, 6.6, 6.2, 7.1, 2.8, 3.5, 3.6, 3.9
82, 7, 4.3, 4.4, 4.0, 3.5, 2.9, 5.4, 5.7, 5.5, 5.1, 5.9, 2.3, 2.8, 2.9, 3.1
82, 8, 3.5, 4.1, 3.8, 3.5, 3.0, 4.8, 5.4, 5.2, 5.0, 5.4, 2.3, 2.7, 3.1, 3.2
82, 9, 1.8, 2.3, 2.2, 2.0, 1.8, 2.1, 2.6, 2.5, 2.4, 2.6, 0.9, 0.8, 1.2, 1.2
82,10, 1.1, 2.1, 2.2, 2.2, 2.1, 1.6, 2.4, 2.5, 2.5, 2.5, 1.3, 0.8, 1.5, 1.5
82,11, 0.3, 0.8, 0.8, 0.9, 0.8, 0.4, 0.8, 0.9, 0.9, 0.9, 0.4, 0.2, 0.4, 0.4
82,12, 0.1, 0.4, 0.4, 0.5, 0.5, 0.2, 0.4, 0.4, 0.5, 0.5, 0.3, 0.1, 0.3, 0.3
83, 1, 0.2, 0.7, 0.8, 0.8, 0.8, 0.3, 0.7, 0.8, 0.9, 0.9, 0.5, 0.2, 0.5, 0.5
83, 2, 0.8, 1.8, 2.0, 2.0, 2.0, 1.3, 2.0, 2.2, 2.2, 2.2, 1.1, 0.5, 1.2, 1.2
83, 3, 2.5, 4.9, 5.2, 5.2, 4.9, 4.5, 6.3, 6.5, 6.5, 6.5, 3.4, 2.9, 4.4, 4.4
83, 4, 3.6, 4.7, 4.7, 4.4, 4.1, 5.2, 6.1, 6.1, 6.0, 6.2, 2.2, 2.5, 3.1, 3.1
83, 5, 4.8, 5.3, 4.9, 4.3, 3.7, 6.8, 7.4, 7.2, 6.8, 7.6, 3.3, 4.1, 4.5, 4.7
83, 6, 5.9, 6.1, 5.6, 4.8, 4.0, 8.4, 9.0, 8.7, 8.3, 9.4, 4.2, 5.3, 5.5, 6.0
83, 7, 4.8, 5.0, 4.6, 4.0, 3.4, 6.4, 6.9, 6.6, 6.2, 7.1, 2.8, 3.5, 3.7, 4.0
83, 8, 2.9, 3.2, 3.0, 2.7, 2.3, 3.7, 4.0, 3.9, 3.7, 4.1, 1.3, 1.6, 1.8, 1.9
83, 9, 2.1, 2.9, 2.9, 2.7, 2.5, 2.9, 3.6, 3.6, 3.5, 3.6, 1.6, 1.6, 2.2, 2.2
83,10, 0.9, 1.6, 1.7, 1.7, 1.6, 1.3, 1.9, 1.9, 1.9, 1.9, 0.9, 0.6, 1.1, 1.1
83,11, 0.3, 0.6, 0.7, 0.7, 0.7, 0.4, 0.6, 0.7, 0.7, 0.7, 0.3, 0.1, 0.3, 0.3
83,12, 0.1, 0.4, 0.5, 0.5, 0.5, 0.2, 0.4, 0.5, 0.6, 0.6, 0.4, 0.1, 0.4, 0.4
84, 1, 0.2, 0.9, 1.0, 1.0, 1.0, 0.4, 0.9, 1.1, 1.1, 1.1, 0.7, 0.3, 0.7, 0.8
84, 2, 0.9, 2.2, 2.3, 2.4, 2.4, 1.5, 2.5, 2.6, 2.7, 2.7, 1.4, 0.8, 1.5, 1.6
84, 3, 2.5, 4.3, 4.5, 4.4, 4.3, 3.9, 5.3, 5.5, 5.4, 5.5, 2.5, 2.1, 3.2, 3.2
84, 4, 4.4, 6.0, 6.0, 5.8, 5.4, 6.7, 8.1, 8.1, 7.9, 8.1, 3.2, 3.6, 4.4, 4.5
84, 5, 5.3, 6.1, 5.7, 5.1, 4.4, 8.2, 9.1, 8.9, 8.5, 9.2, 4.3, 5.4, 5.9, 6.3
84, 6, 5.8, 6.0, 5.5, 4.8, 4.0, 8.4, 9.0, 8.7, 8.3, 9.4, 4.2, 5.3, 5.5, 6.0
84, 7, 4.4, 4.6, 4.2, 3.6, 3.0, 5.7, 6.0, 5.8, 5.4, 6.2, 2.3, 2.8, 3.0, 3.2
84, 8, 3.4, 4.0, 3.8, 3.4, 3.0, 4.7, 5.2, 5.1, 4.8, 5.3, 2.1, 2.5, 3.0, 3.0
84, 9, 2.7, 4.3, 4.3, 4.1, 3.7, 4.3, 5.6, 5.6, 5.5, 5.7, 3.0, 3.0, 4.1, 4.1
84,10, 1.1, 2.2, 2.3, 2.3, 2.2, 1.7, 2.5, 2.6, 2.6, 2.7, 1.4, 0.9, 1.6, 1.6
84,11, 0.3, 1.0, 1.1, 1.1, 1.1, 0.6, 1.1, 1.2, 1.2, 1.2, 0.7, 0.3, 0.8, 0.8
84,12, 0.1, 0.3, 0.3, 0.3, 0.3, 0.1, 0.3, 0.3, 0.3, 0.3, 0.2, 0.0, 0.2, 0.2
85, 1, 0.2, 0.6, 0.6, 0.7, 0.7, 0.3, 0.6, 0.7, 0.7, 0.7, 0.3, 0.1, 0.3, 0.3
85, 2, 1.0, 3.1, 3.4, 3.5, 3.5, 2.2, 3.7, 4.0, 4.1, 4.1, 2.6, 1.5, 3.0, 3.1
85, 3, 2.1, 3.7, 3.9, 3.8, 3.7, 3.6, 4.8, 4.9, 4.9, 4.9, 2.3, 2.2, 3.1, 3.1
85, 4, 4.7, 6.8, 6.8, 6.6, 6.1, 7.9, 9.6, 9.6, 9.4, 9.6, 4.4, 5.1, 6.3, 6.4
85, 5, 5.2, 5.8, 5.6, 5.1, 4.6, 7.6, 8.3, 8.2, 7.9, 8.4, 3.4, 4.3, 4.7, 4.9
85, 6, 4.7, 4.7, 4.3, 3.7, 3.1, 6.3, 6.6, 6.3, 5.9, 6.8, 2.6, 3.3, 3.4, 3.7
85, 7, 5.2, 5.6, 5.1, 4.4, 3.7, 7.6, 8.2, 8.0, 7.5, 8.5, 3.8, 4.9, 5.2, 5.6
85, 8, 3.0, 3.2, 3.0, 2.6, 2.3, 3.9, 4.2, 4.0, 3.8, 4.2, 1.5, 1.8, 2.0, 2.1
85, 9, 1.7, 2.1, 2.0, 1.8, 1.6, 2.1, 2.4, 2.4, 2.3, 2.5, 0.8, 0.8, 1.1, 1.1
85,10, 1.1, 2.3, 2.5, 2.5, 2.5, 1.8, 2.7, 2.9, 2.9, 2.9, 1.6, 1.0, 1.9, 1.9
85,11, 0.4, 1.3, 1.5, 1.5, 1.5, 0.8, 1.5, 1.6, 1.7, 1.7, 0.9, 0.4, 1.0, 1.0
85,12, 0.1, 0.4, 0.4, 0.5, 0.5, 0.2, 0.4, 0.4, 0.5, 0.5, 0.3, 0.1, 0.3, 0.3
86, 1, 0.3, 1.0, 1.2, 1.2, 1.2, 0.5, 1.1, 1.2, 1.3, 1.3, 0.9, 0.3, 0.9, 0.9
86, 2, 1.0, 2.7, 3.0, 3.1, 3.1, 2.0, 3.3, 3.5, 3.6, 3.6, 2.1, 1.3, 2.5, 2.5
86, 3, 2.9, 6.2, 6.6, 6.6, 6.4, 5.9, 8.3, 8.6, 8.6, 8.6, 5.1, 4.5, 6.7, 6.7
86, 4, 4.6, 6.4, 6.4, 6.1, 5.7, 7.5, 9.0, 9.1, 8.9, 9.1, 3.9, 4.7, 5.7, 5.8
86, 5, 5.1, 5.6, 5.3, 4.6, 4.0, 7.9, 8.6, 8.4, 8.0, 8.8, 4.1, 5.3, 5.7, 6.1
86, 6, 5.3, 5.4, 4.9, 4.3, 3.6, 7.4, 7.8, 7.5, 7.1, 8.1, 3.7, 4.5, 4.7, 5.1
86, 7, 4.4, 4.5, 4.1, 3.6, 3.0, 6.1, 6.4, 6.2, 5.8, 6.6, 2.8, 3.6, 3.8, 4.0
86, 8, 3.0, 3.3, 3.1, 2.8, 2.4, 3.9, 4.2, 4.1, 3.9, 4.3, 1.4, 1.8, 2.0, 2.1
86, 9, 1.8, 2.3, 2.2, 2.0, 1.8, 2.2, 2.6, 2.6, 2.5, 2.6, 1.0, 0.9, 1.3, 1.3
86,10, 1.1, 2.2, 2.3, 2.3, 2.3, 1.7, 2.5, 2.7, 2.7, 2.7, 1.4, 0.9, 1.6, 1.7
86,11, 0.4, 1.4, 1.6, 1.7, 1.7, 0.8, 1.6, 1.7, 1.8, 1.8, 1.2, 0.5, 1.3, 1.3
86,12, 0.1, 0.4, 0.5, 0.5, 0.5, 0.2, 0.4, 0.5, 0.6, 0.6, 0.3, 0.1, 0.3, 0.4
87, 1, 0.3, 0.8, 0.9, 1.0, 1.0, 0.4, 0.9, 1.0, 1.1, 1.1, 0.6, 0.2, 0.6, 0.6
87, 2, 0.9, 2.4, 2.7, 2.7, 2.7, 1.8, 2.8, 3.0, 3.1, 3.1, 1.7, 1.0, 2.0, 2.0
87, 3, 2.7, 5.3, 5.6, 5.6, 5.4, 4.9, 6.8, 7.0, 7.0, 7.0, 3.8, 3.2, 4.9, 4.9
87, 4, 4.7, 6.7, 6.7, 6.4, 6.0, 7.8, 9.4, 9.4, 9.2, 9.4, 4.2, 4.9, 6.0, 6.1
87, 5, 4.5, 5.0, 4.7, 4.2, 3.6, 6.5, 7.1, 6.9, 6.6, 7.3, 3.2, 3.9, 4.3, 4.6
87, 6, 5.2, 5.3, 4.8, 4.1, 3.5, 7.3, 7.7, 7.4, 7.0, 8.0, 3.5, 4.3, 4.5, 4.9
87, 7, 4.3, 4.4, 4.0, 3.5, 3.0, 5.8, 6.1, 5.9, 5.6, 6.3, 2.4, 3.1, 3.3, 3.5
87, 8, 3.7, 4.5, 4.3, 3.9, 3.4, 5.5, 6.3, 6.2, 5.9, 6.3, 2.8, 3.4, 4.0, 4.1
87, 9, 2.2, 3.2, 3.2, 3.0, 2.7, 3.2, 4.0, 4.0, 3.9, 4.0, 1.8, 1.8, 2.5, 2.5
87,10, 1.1, 2.3, 2.4, 2.4, 2.3, 1.9, 2.7, 2.8, 2.8, 2.8, 1.5, 1.1, 1.9, 1.9
87,11, 0.4, 0.8, 0.9, 0.9, 0.9, 0.5, 0.9, 0.9, 1.0, 1.0, 0.3, 0.1, 0.3, 0.4
87,12, 0.1, 0.5, 0.6, 0.6, 0.6, 0.2, 0.5, 0.6, 0.6, 0.6, 0.4, 0.1, 0.4, 0.4
88, 1, 0.3, 1.0, 1.1, 1.2, 1.2, 0.5, 1.0, 1.2, 1.2, 1.2, 0.8, 0.3, 0.8, 0.8
88, 2, 0.9, 2.0, 2.2, 2.2, 2.2, 1.4, 2.3, 2.4, 2.5, 2.5, 1.2, 0.6, 1.3, 1.3
88, 3, 2.5, 4.3, 4.5, 4.5, 4.3, 4.2, 5.5, 5.7, 5.7, 5.7, 2.6, 2.3, 3.5, 3.5
88, 4, 4.2, 5.8, 5.8, 5.6, 5.2, 6.7, 8.0, 8.0, 7.8, 8.0, 3.3, 3.8, 4.7, 4.8
88, 5, 3.9, 4.1, 3.8, 3.3, 2.8, 5.1, 5.5, 5.3, 5.0, 5.6, 2.1, 2.6, 2.8, 3.0
88, 6, 5.2, 5.3, 4.8, 4.2, 3.5, 7.1, 7.5, 7.2, 6.8, 7.8, 3.2, 4.0, 4.1, 4.5
88, 7, 5.2, 5.4, 5.0, 4.3, 3.7, 7.4, 7.9, 7.7, 7.3, 8.2, 3.6, 4.6, 4.8, 5.2
88, 8, 3.0, 3.3, 3.1, 2.8, 2.4, 3.8, 4.2, 4.0, 3.8, 4.2, 1.4, 1.7, 2.0, 2.0
88, 9, 2.3, 3.6, 3.6, 3.5, 3.2, 3.6, 4.6, 4.6, 4.4, 4.6, 2.3, 2.2, 3.0, 3.0
88,10, 1.2, 2.6, 2.8, 2.8, 2.7, 2.1, 3.1, 3.2, 3.3, 3.3, 1.7, 1.1, 2.0, 2.0
88,11, 0.4, 0.9, 1.0, 1.0, 1.0, 0.6, 1.0, 1.1, 1.1, 1.1, 0.5, 0.2, 0.5, 0.6
88,12, 0.1, 0.3, 0.4, 0.4, 0.4, 0.2, 0.3, 0.4, 0.4, 0.4, 0.2, 0.1, 0.2, 0.2
89, 1, 0.3, 1.4, 1.5, 1.7, 1.7, 0.7, 1.5, 1.7, 1.8, 1.8, 1.3, 0.5, 1.4, 1.4
89, 2, 0.9, 2.3, 2.5, 2.6, 2.5, 1.6, 2.7, 2.9, 2.9, 2.9, 1.7, 1.0, 1.9, 1.9
89, 3, 2.5, 4.9, 5.2, 5.2, 5.0, 4.9, 6.6, 6.8, 6.8, 6.8, 3.6, 3.4, 4.9, 4.9
89, 4, 4.0, 5.3, 5.3, 5.0, 4.7, 6.1, 7.2, 7.2, 7.1, 7.2, 2.7, 3.2, 4.0, 4.0
89, 5, 4.0, 4.1, 3.8, 3.3, 2.8, 5.3, 5.6, 5.4, 5.1, 5.8, 2.1, 2.7, 2.9, 3.1
89, 6, 5.1, 5.1, 4.6, 4.0, 3.3, 7.1, 7.5, 7.2, 6.8, 7.8, 3.2, 4.2, 4.3, 4.7
89, 7, 4.1, 4.1, 3.7, 3.2, 2.7, 5.1, 5.3, 5.1, 4.8, 5.5, 1.9, 2.4, 2.5, 2.7
89, 8, 3.0, 3.3, 3.1, 2.8, 2.4, 3.8, 4.2, 4.0, 3.8, 4.2, 1.4, 1.7, 1.9, 2.0
89, 9, 1.9, 2.5, 2.4, 2.2, 2.0, 2.4, 2.9, 2.9, 2.8, 2.9, 1.1, 1.1, 1.5, 1.5
89,10, 1.0, 1.8, 1.9, 1.9, 1.8, 1.5, 2.1, 2.2, 2.2, 2.2, 1.0, 0.6, 1.2, 1.2
89,11, 0.4, 1.3, 1.4, 1.5, 1.5, 0.8, 1.4, 1.5, 1.6, 1.6, 0.9, 0.4, 0.9, 1.0
89,12, 0.1, 0.5, 0.6, 0.7, 0.7, 0.2, 0.6, 0.6, 0.7, 0.7, 0.5, 0.1, 0.5, 0.5
90, 1, 0.3, 1.1, 1.2, 1.3, 1.3, 0.5, 1.2, 1.3, 1.4, 1.4, 0.9, 0.3, 0.9, 1.0
90, 2, 0.9, 2.9, 3.2, 3.3, 3.3, 2.1, 3.5, 3.7, 3.8, 3.8, 2.5, 1.5, 2.8, 2.9
90, 3, 2.1, 3.7, 3.9, 3.8, 3.7, 3.6, 4.8, 4.9, 4.9, 4.9, 2.5, 2.3, 3.3, 3.4
90, 4, 4.3, 5.9, 5.9, 5.7, 5.3, 6.9, 8.3, 8.3, 8.1, 8.3, 3.5, 4.2, 5.2, 5.2
90, 5, 4.3, 4.5, 4.2, 3.7, 3.2, 5.9, 6.3, 6.1, 5.8, 6.4, 2.3, 3.1, 3.3, 3.5
90, 6, 5.5, 5.6, 5.1, 4.4, 3.7, 7.9, 8.3, 8.1, 7.6, 8.6, 4.0, 5.0, 5.2, 5.7
90, 7, 5.3, 5.7, 5.2, 4.6, 3.8, 7.4, 8.0, 7.8, 7.3, 8.3, 3.8, 4.6, 4.9, 5.3
90, 8, 3.5, 4.0, 3.8, 3.3, 2.9, 4.9, 5.4, 5.2, 4.9, 5.4, 2.2, 2.7, 3.1, 3.2
90, 9, 1.8, 2.2, 2.2, 2.0, 1.8, 2.5, 2.8, 2.8, 2.7, 2.8, 0.9, 1.1, 1.4, 1.4
90,10, 1.0, 1.7, 1.8, 1.8, 1.7, 1.4, 2.0, 2.0, 2.0, 2.1, 0.9, 0.6, 1.1, 1.1
90,11, 0.4, 1.3, 1.5, 1.5, 1.5, 0.8, 1.5, 1.6, 1.7, 1.7, 1.0, 0.4, 1.0, 1.1
90,12, 0.1, 0.5, 0.6, 0.7, 0.7, 0.2, 0.6, 0.6, 0.7, 0.7, 0.5, 0.1, 0.5, 0.5
