"City:    ","NOME                  "
"State:   ","AK"
"WBAN No: ", 26617
"Lat(N):  ", 64.50
"Long(W): ",165.43
"Elev(m): ",     7
"Pres(mb):",  1009
"Stn Type:","Secondary"
"MONTHLY SOLAR RADIATION (kWh/m2/day)"
"COLUMN A: Year"
"COLUMN B: Month"
"COLUMN C: Flat-Plate Collector Facing South at Fixed Tilt=0"
"COLUMN D: Flat-Plate Collector Facing South at Fixed Tilt=Lat-15"
"COLUMN E: Flat-Plate Collector Facing South at Fixed Tilt=Lat"
"COLUMN F: Flat-Plate Collector Facing South at Fixed Tilt=Lat+15"
"COLUMN G: Flat-Plate Collector Facing South at Fixed Tilt=90"
"COLUMN H: 1-Axis Tracking Flat-Plate Collector with North-South Axis, Axis Tilt=0"
"COLUMN I: 1-Axis Tracking Flat-Plate Collector with North-South Axis, Axis Tilt=Lat-15"
"COLUMN J: 1-Axis Tracking Flat-Plate Collector with North-South Axis, Axis Tilt=Lat"
"COLUMN K: 1-Axis Tracking Flat-Plate Collector with North-South Axis, Axis Tilt=Lat+15"
"COLUMN L: 2-Axis Tracking Flat-Plate Collector"
"COLUMN M: 1-Axis Tracking Concentrating Collector with East-West Horizontal Axis"
"COLUMN N: 1-Axis Tracking Concentrating Collector with North-South Horizontal Axis"
"COLUMN O: 1-Axis Tracking Concentrating Collector with North-South Axis, Axis Tilt=Lat"
"COLUMN P: 2-Axis Tracking Concentrating Collector"
"COL A","COL B","COL C","COL D","COL E","COL F","COL G","COL H","COL I","COL J","COL K","COL L","COL M","COL N","COL O","COL P"
61, 1, 0.2, 0.5, 0.6, 0.6, 0.6, 0.3, 0.5, 0.6, 0.6, 0.6, 0.3, 0.1, 0.3, 0.4
61, 2, 1.0, 3.6, 4.1, 4.2, 4.2, 2.4, 4.4, 4.7, 4.8, 4.8, 3.4, 1.9, 3.8, 3.9
61, 3, 2.3, 4.5, 4.8, 4.8, 4.6, 4.2, 5.8, 6.0, 5.9, 6.0, 3.0, 2.5, 3.9, 3.9
61, 4, 4.1, 5.4, 5.3, 5.1, 4.8, 6.1, 7.1, 7.1, 6.9, 7.1, 2.4, 2.8, 3.4, 3.5
61, 5, 5.0, 5.7, 5.4, 4.9, 4.4, 7.8, 8.7, 8.5, 8.2, 8.8, 3.8, 5.0, 5.4, 5.8
61, 6, 4.5, 4.3, 3.9, 3.3, 2.9, 5.8, 6.0, 5.8, 5.4, 6.3, 2.4, 3.0, 3.1, 3.4
61, 7, 4.2, 4.2, 3.8, 3.3, 2.8, 5.4, 5.7, 5.4, 5.1, 5.9, 2.3, 2.8, 3.0, 3.2
61, 8, 3.3, 3.9, 3.7, 3.3, 3.0, 4.5, 5.1, 5.0, 4.7, 5.2, 2.1, 2.5, 3.0, 3.0
61, 9, 1.6, 2.1, 2.1, 1.9, 1.8, 2.1, 2.5, 2.5, 2.4, 2.5, 1.0, 1.0, 1.4, 1.4
61,10, 1.0, 2.1, 2.2, 2.2, 2.2, 1.7, 2.5, 2.6, 2.6, 2.7, 1.5, 1.0, 1.7, 1.8
61,11, 0.3, 0.8, 0.9, 0.9, 0.9, 0.4, 0.9, 0.9, 1.0, 1.0, 0.4, 0.2, 0.5, 0.5
61,12, 0.1, 0.6, 0.7, 0.7, 0.7, 0.2, 0.6, 0.7, 0.8, 0.8, 0.7, 0.2, 0.7, 0.7
62, 1, 0.2, 0.8, 0.9, 1.0, 1.0, 0.4, 0.9, 1.0, 1.0, 1.1, 0.8, 0.2, 0.8, 0.8
62, 2, 0.7, 1.5, 1.7, 1.7, 1.7, 1.1, 1.7, 1.8, 1.9, 1.9, 0.8, 0.4, 0.8, 0.9
62, 3, 2.3, 4.2, 4.4, 4.4, 4.2, 4.0, 5.5, 5.6, 5.6, 5.6, 2.7, 2.4, 3.6, 3.6
62, 4, 4.5, 6.3, 6.4, 6.1, 5.7, 7.5, 9.1, 9.1, 8.9, 9.1, 4.0, 4.7, 5.8, 5.9
62, 5, 4.8, 4.9, 4.7, 4.3, 4.1, 5.9, 6.3, 6.1, 5.9, 6.4, 1.3, 1.6, 1.8, 1.9
62, 6, 5.3, 5.2, 4.8, 4.1, 3.5, 7.6, 8.0, 7.8, 7.4, 8.4, 3.9, 4.9, 5.1, 5.6
62, 7, 4.3, 4.3, 4.0, 3.4, 2.9, 5.8, 6.1, 5.9, 5.6, 6.4, 2.7, 3.3, 3.5, 3.8
62, 8, 2.9, 3.2, 2.9, 2.6, 2.3, 3.8, 4.1, 4.0, 3.8, 4.2, 1.5, 1.9, 2.2, 2.2
62, 9, 1.7, 2.1, 2.0, 1.9, 1.7, 2.0, 2.4, 2.4, 2.3, 2.5, 0.8, 0.8, 1.1, 1.1
62,10, 1.0, 2.3, 2.5, 2.4, 2.3, 1.8, 2.8, 2.9, 2.9, 2.9, 1.7, 1.1, 2.0, 2.0
62,11, 0.3, 1.0, 1.1, 1.1, 1.1, 0.5, 1.0, 1.2, 1.2, 1.2, 0.8, 0.3, 0.8, 0.8
62,12, 0.1, 0.5, 0.6, 0.7, 0.7, 0.2, 0.6, 0.6, 0.7, 0.7, 0.6, 0.2, 0.6, 0.7
63, 1, 0.1, 0.5, 0.6, 0.6, 0.6, 0.2, 0.5, 0.6, 0.6, 0.6, 0.4, 0.1, 0.4, 0.4
63, 2, 0.8, 2.5, 2.7, 2.8, 2.8, 1.6, 2.9, 3.1, 3.2, 3.2, 2.1, 1.1, 2.3, 2.4
63, 3, 2.3, 4.4, 4.6, 4.5, 4.4, 4.1, 5.6, 5.8, 5.7, 5.8, 2.8, 2.5, 3.7, 3.7
63, 4, 4.2, 5.8, 5.8, 5.5, 5.2, 6.7, 8.0, 8.0, 7.8, 8.0, 3.1, 3.7, 4.6, 4.6
63, 5, 5.2, 5.7, 5.3, 4.8, 4.3, 7.8, 8.5, 8.3, 8.0, 8.7, 3.7, 4.7, 5.1, 5.4
63, 6, 5.2, 5.2, 4.8, 4.1, 3.5, 7.5, 7.9, 7.7, 7.3, 8.3, 3.9, 4.8, 5.1, 5.5
63, 7, 4.5, 4.6, 4.2, 3.6, 3.1, 6.3, 6.7, 6.4, 6.1, 6.9, 2.9, 3.7, 3.9, 4.2
63, 8, 2.5, 2.5, 2.3, 2.0, 1.7, 2.8, 2.9, 2.8, 2.6, 3.0, 0.7, 0.9, 1.1, 1.1
63, 9, 2.5, 4.2, 4.2, 4.0, 3.7, 4.4, 5.7, 5.7, 5.5, 5.7, 3.1, 3.2, 4.3, 4.3
63,10, 1.0, 2.3, 2.5, 2.5, 2.4, 1.8, 2.8, 2.9, 2.9, 2.9, 1.7, 1.1, 2.1, 2.1
63,11, 0.3, 1.3, 1.4, 1.5, 1.5, 0.6, 1.4, 1.5, 1.6, 1.6, 1.2, 0.4, 1.2, 1.3
63,12, 0.1, 0.2, 0.2, 0.2, 0.2, 0.1, 0.2, 0.2, 0.2, 0.2, 0.2, 0.1, 0.2, 0.2
64, 1, 0.2, 0.5, 0.6, 0.6, 0.6, 0.2, 0.5, 0.6, 0.6, 0.6, 0.4, 0.1, 0.4, 0.4
64, 2, 0.8, 2.2, 2.4, 2.5, 2.4, 1.5, 2.5, 2.7, 2.7, 2.7, 1.5, 0.8, 1.6, 1.7
64, 3, 2.5, 5.0, 5.3, 5.3, 5.1, 4.6, 6.5, 6.7, 6.7, 6.7, 3.5, 3.0, 4.6, 4.6
64, 4, 4.3, 5.7, 5.7, 5.4, 5.1, 6.7, 8.0, 8.0, 7.8, 8.0, 3.0, 3.7, 4.5, 4.6
64, 5, 5.3, 6.0, 5.8, 5.4, 5.0, 7.7, 8.5, 8.4, 8.2, 8.6, 3.1, 4.0, 4.4, 4.6
64, 6, 6.2, 6.5, 5.9, 5.1, 4.4, 9.4,10.1, 9.9, 9.4,10.6, 5.4, 6.7, 7.0, 7.6
64, 7, 4.9, 5.1, 4.7, 4.0, 3.5, 6.9, 7.3, 7.1, 6.7, 7.6, 3.4, 4.2, 4.5, 4.8
64, 8, 3.3, 3.7, 3.5, 3.1, 2.7, 4.5, 5.0, 4.9, 4.6, 5.1, 2.1, 2.5, 2.9, 3.0
64, 9, 1.6, 1.9, 1.9, 1.7, 1.5, 1.9, 2.2, 2.2, 2.1, 2.2, 0.8, 0.8, 1.0, 1.0
64,10, 0.8, 1.7, 1.8, 1.7, 1.6, 1.3, 1.9, 2.0, 2.0, 2.0, 1.1, 0.7, 1.3, 1.3
64,11, 0.2, 0.7, 0.8, 0.8, 0.8, 0.4, 0.8, 0.8, 0.9, 0.9, 0.6, 0.2, 0.6, 0.6
64,12, 0.1, 0.4, 0.5, 0.5, 0.5, 0.1, 0.4, 0.5, 0.5, 0.5, 0.5, 0.1, 0.5, 0.5
65, 1, 0.2, 0.8, 0.9, 1.0, 1.0, 0.3, 0.9, 1.0, 1.0, 1.0, 0.8, 0.2, 0.8, 0.8
65, 2, 0.8, 2.7, 3.0, 3.1, 3.0, 1.8, 3.1, 3.4, 3.5, 3.5, 2.2, 1.2, 2.5, 2.5
65, 3, 1.7, 2.4, 2.4, 2.4, 2.3, 2.3, 2.8, 2.8, 2.8, 2.8, 0.7, 0.6, 0.9, 0.9
65, 4, 4.0, 5.3, 5.3, 5.1, 4.7, 6.3, 7.5, 7.5, 7.3, 7.5, 3.0, 3.7, 4.4, 4.5
65, 5, 4.8, 5.3, 5.1, 4.7, 4.2, 6.9, 7.5, 7.4, 7.1, 7.7, 2.8, 3.6, 4.0, 4.2
65, 6, 5.2, 5.2, 4.7, 4.1, 3.5, 7.2, 7.5, 7.3, 6.9, 7.9, 3.3, 4.2, 4.3, 4.7
65, 7, 4.3, 4.3, 3.9, 3.4, 3.0, 5.5, 5.7, 5.5, 5.2, 5.9, 2.1, 2.6, 2.8, 3.0
65, 8, 2.9, 3.0, 2.8, 2.4, 2.1, 3.5, 3.7, 3.5, 3.3, 3.7, 0.9, 1.2, 1.4, 1.4
65, 9, 1.9, 2.5, 2.4, 2.2, 2.0, 2.4, 2.9, 2.9, 2.8, 2.9, 1.0, 1.0, 1.4, 1.4
65,10, 1.2, 2.7, 2.9, 2.9, 2.8, 2.2, 3.3, 3.5, 3.5, 3.5, 2.0, 1.4, 2.4, 2.4
65,11, 0.3, 0.7, 0.8, 0.8, 0.8, 0.4, 0.8, 0.9, 0.9, 0.9, 0.4, 0.2, 0.5, 0.5
65,12, 0.1, 0.4, 0.4, 0.5, 0.5, 0.1, 0.4, 0.5, 0.5, 0.5, 0.5, 0.1, 0.4, 0.5
66, 1, 0.2, 0.7, 0.8, 0.9, 0.9, 0.3, 0.8, 0.9, 0.9, 0.9, 0.6, 0.2, 0.6, 0.7
66, 2, 0.8, 1.6, 1.7, 1.8, 1.8, 1.1, 1.8, 1.9, 2.0, 2.0, 0.9, 0.5, 1.0, 1.0
66, 3, 2.5, 5.0, 5.3, 5.3, 5.1, 4.6, 6.4, 6.6, 6.6, 6.6, 3.4, 2.9, 4.4, 4.4
66, 4, 4.5, 6.4, 6.4, 6.1, 5.8, 7.4, 8.9, 9.0, 8.8, 9.0, 3.8, 4.4, 5.5, 5.6
66, 5, 6.0, 7.0, 6.8, 6.3, 5.8, 9.3,10.4,10.3,10.0,10.5, 4.5, 5.7, 6.2, 6.5
66, 6, 5.3, 5.3, 4.8, 4.1, 3.5, 7.4, 7.8, 7.6, 7.2, 8.2, 3.6, 4.5, 4.7, 5.1
66, 7, 4.2, 4.2, 3.8, 3.3, 2.8, 5.3, 5.5, 5.3, 4.9, 5.7, 2.0, 2.5, 2.7, 2.9
66, 8, 3.6, 4.2, 4.0, 3.5, 3.2, 5.1, 5.7, 5.6, 5.3, 5.8, 2.4, 2.9, 3.4, 3.5
66, 9, 2.1, 2.9, 2.9, 2.7, 2.5, 3.0, 3.7, 3.7, 3.6, 3.8, 1.5, 1.6, 2.2, 2.2
66,10, 0.9, 2.0, 2.2, 2.2, 2.1, 1.6, 2.4, 2.5, 2.5, 2.5, 1.4, 0.9, 1.6, 1.6
66,11, 0.3, 0.8, 0.9, 0.9, 0.9, 0.5, 0.9, 1.0, 1.0, 1.0, 0.5, 0.2, 0.5, 0.6
66,12, 0.1, 0.3, 0.4, 0.4, 0.4, 0.1, 0.4, 0.4, 0.4, 0.4, 0.4, 0.1, 0.4, 0.4
67, 1, 0.2, 0.5, 0.6, 0.6, 0.6, 0.2, 0.5, 0.6, 0.6, 0.6, 0.4, 0.1, 0.4, 0.4
67, 2, 0.8, 2.0, 2.2, 2.2, 2.2, 1.4, 2.2, 2.4, 2.5, 2.5, 1.2, 0.6, 1.4, 1.4
67, 3, 2.0, 3.1, 3.2, 3.2, 3.1, 2.9, 3.8, 3.8, 3.8, 3.8, 1.3, 1.1, 1.7, 1.7
67, 4, 3.6, 4.3, 4.2, 4.0, 3.7, 4.6, 5.2, 5.1, 5.0, 5.2, 1.1, 1.2, 1.5, 1.5
67, 5, 5.5, 6.1, 5.9, 5.4, 5.1, 7.7, 8.4, 8.4, 8.1, 8.6, 2.7, 3.5, 3.8, 4.0
67, 6, 5.8, 5.9, 5.5, 4.7, 4.1, 8.6, 9.1, 8.9, 8.5, 9.5, 4.4, 5.5, 5.8, 6.3
67, 7, 4.2, 4.1, 3.8, 3.2, 2.8, 4.9, 5.1, 4.9, 4.6, 5.3, 1.7, 2.0, 2.2, 2.4
67, 8, 3.3, 3.7, 3.4, 3.0, 2.7, 4.3, 4.7, 4.6, 4.3, 4.8, 1.7, 2.1, 2.4, 2.5
67, 9, 2.8, 4.7, 4.7, 4.4, 4.1, 4.9, 6.3, 6.4, 6.2, 6.4, 3.5, 3.6, 4.8, 4.9
67,10, 1.1, 2.5, 2.7, 2.7, 2.6, 2.0, 3.0, 3.2, 3.2, 3.2, 1.9, 1.3, 2.3, 2.3
67,11, 0.3, 0.9, 1.0, 1.1, 1.1, 0.5, 1.0, 1.1, 1.1, 1.1, 0.8, 0.3, 0.8, 0.8
67,12, 0.1, 0.3, 0.4, 0.4, 0.4, 0.1, 0.4, 0.4, 0.4, 0.4, 0.4, 0.1, 0.4, 0.4
68, 1, 0.2, 0.5, 0.6, 0.6, 0.6, 0.3, 0.6, 0.6, 0.7, 0.7, 0.4, 0.1, 0.4, 0.4
68, 2, 0.9, 2.8, 3.1, 3.2, 3.2, 1.9, 3.3, 3.5, 3.6, 3.6, 2.3, 1.3, 2.6, 2.7
68, 3, 2.1, 3.5, 3.7, 3.6, 3.5, 3.2, 4.3, 4.4, 4.4, 4.4, 1.7, 1.4, 2.2, 2.2
68, 4, 4.3, 5.6, 5.5, 5.3, 4.9, 6.4, 7.6, 7.5, 7.3, 7.6, 2.7, 3.2, 3.9, 4.0
68, 5, 6.0, 6.8, 6.6, 6.0, 5.5, 9.2,10.3,10.1, 9.8,10.4, 4.4, 5.6, 6.1, 6.5
68, 6, 6.8, 7.0, 6.4, 5.4, 4.7,10.6,11.4,11.1,10.6,11.9, 6.4, 8.0, 8.4, 9.1
68, 7, 5.1, 5.4, 4.9, 4.3, 3.7, 7.1, 7.7, 7.4, 7.0, 7.9, 3.5, 4.3, 4.7, 5.0
68, 8, 3.3, 3.7, 3.5, 3.1, 2.7, 4.5, 5.0, 4.8, 4.6, 5.1, 1.8, 2.3, 2.6, 2.7
68, 9, 2.5, 4.1, 4.2, 3.9, 3.7, 4.2, 5.5, 5.5, 5.3, 5.5, 2.8, 2.8, 3.9, 3.9
68,10, 1.0, 2.0, 2.1, 2.1, 2.0, 1.6, 2.3, 2.4, 2.4, 2.5, 1.2, 0.9, 1.5, 1.5
68,11, 0.3, 1.1, 1.2, 1.3, 1.3, 0.6, 1.2, 1.3, 1.4, 1.4, 0.8, 0.3, 0.9, 0.9
68,12, 0.1, 0.5, 0.5, 0.6, 0.6, 0.1, 0.5, 0.6, 0.6, 0.6, 0.6, 0.1, 0.5, 0.6
69, 1, 0.2, 0.4, 0.4, 0.4, 0.4, 0.2, 0.4, 0.4, 0.5, 0.5, 0.2, 0.1, 0.2, 0.2
69, 2, 0.8, 2.1, 2.3, 2.4, 2.4, 1.4, 2.4, 2.6, 2.7, 2.7, 1.5, 0.7, 1.7, 1.7
69, 3, 2.2, 4.1, 4.3, 4.3, 4.1, 3.8, 5.2, 5.3, 5.3, 5.3, 2.5, 2.1, 3.2, 3.3
69, 4, 4.3, 6.3, 6.3, 6.0, 5.6, 7.0, 8.6, 8.6, 8.4, 8.6, 3.9, 4.3, 5.4, 5.5
69, 5, 5.4, 6.1, 5.7, 4.9, 4.3, 8.6, 9.4, 9.2, 8.8, 9.6, 4.7, 6.0, 6.6, 6.9
69, 6, 4.7, 4.5, 4.1, 3.5, 3.0, 6.1, 6.3, 6.1, 5.7, 6.6, 2.4, 3.1, 3.2, 3.5
69, 7, 4.8, 4.8, 4.4, 3.8, 3.3, 6.4, 6.8, 6.6, 6.2, 7.0, 3.0, 3.7, 3.9, 4.2
69, 8, 3.7, 4.4, 4.1, 3.7, 3.3, 5.6, 6.3, 6.1, 5.8, 6.3, 2.6, 3.4, 3.9, 4.0
69, 9, 2.5, 4.1, 4.1, 3.9, 3.6, 4.3, 5.5, 5.5, 5.3, 5.5, 2.8, 2.9, 3.9, 4.0
69,10, 0.9, 1.9, 1.9, 1.9, 1.8, 1.5, 2.2, 2.3, 2.2, 2.3, 1.2, 0.8, 1.4, 1.4
69,11, 0.3, 1.3, 1.5, 1.5, 1.5, 0.7, 1.5, 1.6, 1.7, 1.7, 1.1, 0.5, 1.2, 1.3
69,12, 0.1, 0.4, 0.4, 0.5, 0.5, 0.1, 0.4, 0.4, 0.5, 0.5, 0.4, 0.1, 0.4, 0.4
70, 1, 0.2, 1.4, 1.5, 1.6, 1.7, 0.6, 1.5, 1.6, 1.8, 1.8, 1.5, 0.5, 1.5, 1.5
70, 2, 0.7, 1.7, 1.9, 1.9, 1.9, 1.1, 1.9, 2.1, 2.1, 2.1, 1.2, 0.6, 1.3, 1.4
70, 3, 2.1, 4.2, 4.4, 4.4, 4.3, 3.8, 5.4, 5.6, 5.5, 5.6, 3.0, 2.5, 3.9, 4.0
70, 4, 4.2, 6.0, 6.0, 5.6, 5.2, 7.2, 8.7, 8.7, 8.4, 8.7, 4.2, 5.0, 6.1, 6.2
70, 5, 5.4, 6.2, 5.8, 5.0, 4.4, 8.6, 9.6, 9.3, 8.9, 9.8, 4.8, 6.2, 6.8, 7.2
70, 6, 5.7, 5.8, 5.3, 4.5, 3.9, 8.4, 8.9, 8.6, 8.2, 9.3, 4.3, 5.4, 5.6, 6.1
70, 7, 4.2, 4.1, 3.8, 3.2, 2.8, 5.4, 5.6, 5.4, 5.0, 5.8, 2.0, 2.6, 2.7, 2.9
70, 8, 3.5, 4.0, 3.8, 3.4, 3.0, 4.8, 5.4, 5.3, 5.0, 5.5, 2.1, 2.6, 3.1, 3.2
70, 9, 2.7, 4.5, 4.5, 4.3, 4.0, 4.7, 6.1, 6.1, 6.0, 6.2, 3.2, 3.3, 4.5, 4.5
70,10, 1.1, 2.5, 2.6, 2.7, 2.6, 1.9, 2.9, 3.1, 3.1, 3.1, 1.8, 1.2, 2.2, 2.2
70,11, 0.3, 0.9, 1.0, 1.0, 1.0, 0.5, 1.0, 1.0, 1.1, 1.1, 0.6, 0.2, 0.6, 0.6
70,12, 0.1, 0.5, 0.6, 0.6, 0.6, 0.2, 0.5, 0.6, 0.7, 0.7, 0.6, 0.2, 0.6, 0.6
71, 1, 0.2, 0.9, 1.0, 1.1, 1.1, 0.4, 1.0, 1.1, 1.2, 1.2, 0.9, 0.3, 0.9, 0.9
71, 2, 0.9, 3.2, 3.5, 3.6, 3.6, 2.1, 3.8, 4.0, 4.2, 4.1, 2.7, 1.5, 3.1, 3.2
71, 3, 2.6, 5.6, 5.9, 5.9, 5.7, 5.3, 7.5, 7.7, 7.7, 7.7, 4.3, 3.8, 5.7, 5.8
71, 4, 4.8, 7.1, 7.1, 6.8, 6.4, 8.3,10.1,10.2, 9.9,10.1, 4.6, 5.4, 6.7, 6.8
71, 5, 5.5, 6.2, 6.0, 5.6, 5.2, 7.6, 8.3, 8.2, 8.0, 8.4, 2.7, 3.3, 3.7, 3.8
71, 6, 5.7, 5.7, 5.2, 4.4, 3.8, 8.3, 8.8, 8.6, 8.1, 9.2, 4.4, 5.6, 5.8, 6.3
71, 7, 4.5, 4.5, 4.1, 3.5, 3.1, 5.9, 6.2, 6.0, 5.7, 6.5, 2.5, 3.1, 3.3, 3.5
71, 8, 4.1, 5.0, 4.8, 4.3, 3.8, 6.1, 7.1, 6.9, 6.6, 7.1, 3.4, 4.0, 4.7, 4.9
71, 9, 2.1, 2.8, 2.8, 2.6, 2.4, 2.9, 3.5, 3.5, 3.4, 3.6, 1.5, 1.5, 2.0, 2.0
71,10, 1.1, 2.1, 2.2, 2.2, 2.1, 1.7, 2.5, 2.5, 2.5, 2.5, 1.2, 0.9, 1.5, 1.5
71,11, 0.3, 1.1, 1.3, 1.3, 1.3, 0.6, 1.2, 1.4, 1.4, 1.4, 0.8, 0.3, 0.8, 0.9
71,12, 0.1, 0.4, 0.5, 0.5, 0.5, 0.1, 0.4, 0.5, 0.5, 0.5, 0.5, 0.1, 0.5, 0.5
72, 1, 0.2, 0.9, 1.0, 1.0, 1.0, 0.4, 0.9, 1.0, 1.1, 1.1, 0.8, 0.2, 0.8, 0.8
72, 2, 0.9, 3.2, 3.5, 3.6, 3.6, 2.1, 3.8, 4.0, 4.2, 4.1, 2.8, 1.5, 3.1, 3.2
72, 3, 2.7, 5.6, 6.0, 6.0, 5.8, 5.3, 7.4, 7.7, 7.7, 7.7, 4.3, 3.7, 5.7, 5.7
72, 4, 4.6, 6.4, 6.4, 6.1, 5.8, 7.7, 9.2, 9.2, 9.0, 9.2, 3.9, 4.7, 5.7, 5.8
72, 5, 5.0, 5.6, 5.3, 4.8, 4.3, 7.1, 7.8, 7.7, 7.3, 8.0, 3.3, 4.0, 4.5, 4.7
72, 6, 5.3, 5.3, 4.8, 4.1, 3.6, 7.2, 7.6, 7.3, 6.9, 7.9, 3.5, 4.3, 4.5, 4.9
72, 7, 5.3, 5.5, 5.0, 4.3, 3.7, 7.6, 8.1, 7.9, 7.5, 8.4, 3.9, 4.9, 5.2, 5.6
72, 8, 3.4, 3.9, 3.6, 3.2, 2.8, 4.8, 5.3, 5.2, 4.9, 5.4, 2.1, 2.7, 3.1, 3.2
72, 9, 2.3, 3.6, 3.6, 3.4, 3.1, 3.7, 4.7, 4.7, 4.6, 4.7, 2.3, 2.3, 3.2, 3.2
72,10, 0.9, 1.8, 1.8, 1.8, 1.7, 1.4, 2.0, 2.1, 2.1, 2.1, 1.1, 0.8, 1.3, 1.3
72,11, 0.3, 0.6, 0.7, 0.7, 0.7, 0.4, 0.7, 0.8, 0.8, 0.8, 0.4, 0.2, 0.4, 0.4
72,12, 0.1, 0.6, 0.7, 0.8, 0.8, 0.2, 0.6, 0.7, 0.8, 0.8, 0.7, 0.2, 0.7, 0.8
73, 1, 0.2, 0.9, 1.0, 1.1, 1.1, 0.4, 1.0, 1.1, 1.2, 1.2, 0.9, 0.3, 0.9, 0.9
73, 2, 0.9, 2.7, 3.0, 3.1, 3.0, 1.9, 3.2, 3.5, 3.5, 3.5, 2.2, 1.3, 2.5, 2.5
73, 3, 2.3, 4.7, 5.0, 5.0, 4.9, 4.3, 6.1, 6.3, 6.3, 6.3, 3.3, 2.7, 4.3, 4.3
73, 4, 4.4, 6.2, 6.1, 5.8, 5.3, 7.3, 8.9, 8.9, 8.6, 8.9, 4.2, 4.9, 6.0, 6.1
73, 5, 5.0, 5.5, 5.1, 4.5, 3.9, 7.7, 8.4, 8.2, 7.8, 8.6, 3.9, 5.1, 5.6, 5.9
73, 6, 5.7, 5.8, 5.3, 4.5, 3.8, 8.1, 8.7, 8.4, 7.9, 9.1, 4.4, 5.4, 5.7, 6.2
73, 7, 4.6, 4.5, 4.1, 3.5, 3.0, 5.9, 6.2, 5.9, 5.6, 6.4, 2.4, 3.0, 3.2, 3.4
73, 8, 3.2, 3.4, 3.1, 2.8, 2.4, 4.1, 4.4, 4.2, 4.0, 4.4, 1.4, 1.8, 2.1, 2.2
73, 9, 2.2, 3.1, 3.1, 2.9, 2.6, 3.4, 4.1, 4.1, 4.0, 4.2, 1.9, 2.1, 2.7, 2.7
73,10, 1.0, 2.0, 2.1, 2.1, 2.0, 1.6, 2.3, 2.4, 2.4, 2.4, 1.2, 0.8, 1.4, 1.4
73,11, 0.3, 1.0, 1.1, 1.1, 1.1, 0.5, 1.1, 1.2, 1.2, 1.2, 0.7, 0.3, 0.7, 0.8
73,12, 0.1, 0.5, 0.5, 0.6, 0.6, 0.1, 0.5, 0.6, 0.6, 0.6, 0.6, 0.1, 0.5, 0.6
74, 1, 0.2, 1.3, 1.5, 1.6, 1.6, 0.6, 1.4, 1.6, 1.7, 1.7, 1.4, 0.5, 1.4, 1.5
74, 2, 0.9, 2.8, 3.1, 3.2, 3.2, 1.9, 3.3, 3.5, 3.6, 3.6, 2.3, 1.3, 2.6, 2.7
74, 3, 2.3, 4.5, 4.8, 4.8, 4.6, 4.2, 5.9, 6.1, 6.0, 6.1, 3.1, 2.7, 4.1, 4.1
74, 4, 4.4, 6.4, 6.4, 6.2, 5.8, 7.7, 9.4, 9.4, 9.2, 9.4, 4.3, 5.2, 6.4, 6.5
74, 5, 6.2, 7.1, 6.7, 5.8, 5.1,10.2,11.4,11.2,10.7,11.7, 6.4, 8.1, 8.9, 9.4
74, 6, 5.8, 5.9, 5.4, 4.6, 3.9, 8.6, 9.2, 8.9, 8.4, 9.6, 4.6, 5.7, 6.0, 6.5
74, 7, 5.3, 5.5, 5.0, 4.3, 3.7, 7.9, 8.5, 8.2, 7.8, 8.8, 4.2, 5.3, 5.6, 6.0
74, 8, 3.5, 3.8, 3.6, 3.2, 2.8, 4.8, 5.2, 5.1, 4.8, 5.3, 2.0, 2.6, 3.0, 3.1
74, 9, 2.3, 3.5, 3.5, 3.3, 3.0, 3.8, 4.8, 4.8, 4.6, 4.8, 2.3, 2.5, 3.3, 3.3
74,10, 1.2, 3.0, 3.2, 3.2, 3.1, 2.3, 3.7, 3.8, 3.8, 3.9, 2.5, 1.7, 3.0, 3.0
74,11, 0.3, 1.2, 1.4, 1.4, 1.4, 0.6, 1.3, 1.5, 1.5, 1.5, 1.0, 0.4, 1.0, 1.1
74,12, 0.1, 0.6, 0.6, 0.7, 0.7, 0.2, 0.6, 0.7, 0.7, 0.7, 0.7, 0.2, 0.6, 0.7
75, 1, 0.2, 0.8, 0.9, 1.0, 1.0, 0.3, 0.8, 0.9, 1.0, 1.0, 0.8, 0.2, 0.7, 0.8
75, 2, 0.8, 2.2, 2.4, 2.5, 2.4, 1.5, 2.5, 2.7, 2.8, 2.8, 1.5, 0.8, 1.7, 1.7
75, 3, 2.2, 3.8, 4.0, 3.9, 3.8, 3.5, 4.8, 4.9, 4.9, 4.9, 2.1, 1.8, 2.8, 2.8
75, 4, 4.1, 5.6, 5.6, 5.3, 5.0, 6.3, 7.6, 7.6, 7.4, 7.6, 2.8, 3.3, 4.1, 4.1
75, 5, 5.6, 6.4, 6.0, 5.4, 4.9, 8.3, 9.3, 9.1, 8.7, 9.4, 4.1, 5.2, 5.7, 6.0
75, 6, 6.0, 6.1, 5.6, 4.8, 4.1, 9.0, 9.6, 9.3, 8.9,10.0, 5.1, 6.4, 6.7, 7.3
75, 7, 5.5, 5.8, 5.3, 4.6, 4.0, 8.4, 9.0, 8.8, 8.4, 9.4, 4.4, 5.7, 6.1, 6.5
75, 8, 3.5, 3.9, 3.7, 3.3, 2.9, 4.6, 5.1, 4.9, 4.7, 5.2, 2.0, 2.4, 2.8, 2.8
75, 9, 2.2, 3.3, 3.3, 3.1, 2.9, 3.5, 4.4, 4.4, 4.2, 4.4, 2.1, 2.1, 2.9, 2.9
75,10, 1.0, 2.2, 2.3, 2.3, 2.2, 1.7, 2.6, 2.7, 2.7, 2.8, 1.6, 1.1, 1.9, 2.0
75,11, 0.3, 1.3, 1.5, 1.5, 1.5, 0.7, 1.4, 1.6, 1.6, 1.6, 1.2, 0.5, 1.2, 1.3
75,12, 0.1, 0.4, 0.5, 0.5, 0.5, 0.1, 0.4, 0.5, 0.5, 0.5, 0.5, 0.1, 0.4, 0.5
76, 1, 0.2, 0.8, 1.0, 1.0, 1.0, 0.4, 0.9, 1.0, 1.1, 1.1, 0.8, 0.2, 0.8, 0.8
76, 2, 0.9, 3.2, 3.6, 3.7, 3.7, 2.2, 3.9, 4.2, 4.3, 4.3, 2.8, 1.6, 3.2, 3.3
76, 3, 2.5, 4.7, 4.9, 4.9, 4.7, 4.6, 6.2, 6.4, 6.3, 6.4, 3.0, 2.8, 4.1, 4.1
76, 4, 4.6, 6.4, 6.4, 6.1, 5.7, 7.7, 9.2, 9.2, 9.0, 9.2, 3.8, 4.7, 5.7, 5.8
76, 5, 5.4, 6.1, 5.7, 5.0, 4.4, 8.5, 9.4, 9.1, 8.7, 9.6, 4.6, 5.8, 6.4, 6.7
76, 6, 5.3, 5.1, 4.7, 4.0, 3.4, 7.2, 7.5, 7.3, 6.9, 7.9, 3.5, 4.4, 4.6, 5.0
76, 7, 5.0, 5.1, 4.7, 4.0, 3.5, 7.2, 7.6, 7.4, 7.0, 7.9, 3.5, 4.4, 4.7, 5.1
76, 8, 3.6, 4.3, 4.1, 3.7, 3.3, 5.2, 5.9, 5.8, 5.5, 6.0, 2.6, 3.1, 3.7, 3.8
76, 9, 2.0, 2.8, 2.7, 2.5, 2.3, 2.8, 3.4, 3.4, 3.3, 3.4, 1.4, 1.4, 1.9, 1.9
76,10, 1.0, 2.2, 2.4, 2.3, 2.3, 1.8, 2.7, 2.8, 2.8, 2.8, 1.7, 1.1, 2.0, 2.0
76,11, 0.3, 1.2, 1.4, 1.5, 1.4, 0.7, 1.4, 1.5, 1.6, 1.6, 1.1, 0.5, 1.1, 1.2
76,12, 0.1, 0.6, 0.6, 0.7, 0.7, 0.2, 0.6, 0.7, 0.7, 0.7, 0.7, 0.2, 0.6, 0.7
77, 1, 0.2, 0.8, 0.9, 0.9, 0.9, 0.4, 0.8, 0.9, 1.0, 1.0, 0.7, 0.2, 0.7, 0.7
77, 2, 0.8, 2.0, 2.2, 2.3, 2.2, 1.4, 2.3, 2.5, 2.5, 2.5, 1.3, 0.7, 1.5, 1.5
77, 3, 2.5, 5.1, 5.4, 5.4, 5.2, 4.9, 6.8, 7.1, 7.0, 7.0, 3.8, 3.4, 5.1, 5.1
77, 4, 4.6, 6.9, 6.9, 6.7, 6.3, 8.1,10.0,10.0, 9.8,10.0, 4.7, 5.6, 6.9, 7.0
77, 5, 4.7, 4.9, 4.6, 4.1, 3.7, 6.5, 7.0, 6.8, 6.5, 7.1, 2.7, 3.5, 3.8, 4.0
77, 6, 6.1, 6.1, 5.6, 4.7, 4.1, 9.2, 9.8, 9.5, 9.1,10.3, 5.2, 6.5, 6.9, 7.5
77, 7, 5.2, 5.5, 5.0, 4.3, 3.7, 7.6, 8.2, 8.0, 7.6, 8.5, 3.9, 4.9, 5.2, 5.6
77, 8, 3.8, 4.5, 4.3, 3.8, 3.4, 5.7, 6.4, 6.3, 6.0, 6.5, 2.8, 3.6, 4.1, 4.3
77, 9, 2.0, 2.7, 2.6, 2.4, 2.2, 2.9, 3.4, 3.4, 3.2, 3.4, 1.3, 1.4, 1.9, 1.9
77,10, 1.1, 2.5, 2.7, 2.7, 2.6, 1.9, 3.0, 3.1, 3.2, 3.2, 1.9, 1.2, 2.2, 2.2
77,11, 0.3, 1.5, 1.7, 1.8, 1.8, 0.8, 1.7, 1.9, 1.9, 2.0, 1.4, 0.6, 1.5, 1.5
77,12, 0.1, 0.4, 0.5, 0.5, 0.5, 0.1, 0.4, 0.5, 0.5, 0.5, 0.5, 0.1, 0.5, 0.5
78, 1, 0.2, 0.5, 0.6, 0.6, 0.6, 0.3, 0.6, 0.6, 0.7, 0.7, 0.4, 0.1, 0.4, 0.4
78, 2, 0.8, 2.1, 2.3, 2.4, 2.4, 1.5, 2.5, 2.6, 2.7, 2.7, 1.5, 0.8, 1.6, 1.7
78, 3, 2.4, 4.8, 5.1, 5.1, 4.9, 4.5, 6.3, 6.5, 6.5, 6.5, 3.4, 3.0, 4.5, 4.5
78, 4, 4.2, 5.7, 5.6, 5.3, 5.0, 6.6, 7.9, 7.8, 7.7, 7.9, 3.2, 3.8, 4.6, 4.7
78, 5, 5.1, 5.6, 5.2, 4.5, 3.9, 8.0, 8.7, 8.5, 8.1, 9.0, 4.3, 5.6, 6.0, 6.4
78, 6, 4.2, 3.9, 3.5, 3.0, 2.6, 4.8, 4.8, 4.6, 4.3, 5.1, 1.4, 1.7, 1.8, 1.9
78, 7, 5.0, 5.2, 4.7, 4.1, 3.5, 7.1, 7.5, 7.3, 6.9, 7.8, 3.5, 4.3, 4.6, 5.0
78, 8, 3.2, 3.4, 3.2, 2.8, 2.5, 4.1, 4.4, 4.2, 4.0, 4.4, 1.4, 1.8, 2.0, 2.1
78, 9, 2.0, 2.7, 2.6, 2.4, 2.2, 2.7, 3.3, 3.2, 3.1, 3.3, 1.3, 1.3, 1.8, 1.8
78,10, 1.2, 2.8, 3.0, 3.0, 2.9, 2.3, 3.5, 3.6, 3.6, 3.7, 2.2, 1.6, 2.7, 2.8
78,11, 0.3, 1.1, 1.2, 1.3, 1.3, 0.6, 1.2, 1.3, 1.4, 1.4, 0.8, 0.3, 0.8, 0.9
78,12, 0.1, 0.2, 0.3, 0.3, 0.3, 0.1, 0.3, 0.3, 0.3, 0.3, 0.3, 0.1, 0.3, 0.3
79, 1, 0.2, 0.8, 0.9, 0.9, 0.9, 0.4, 0.8, 0.9, 1.0, 1.0, 0.7, 0.2, 0.7, 0.7
79, 2, 1.0, 3.8, 4.2, 4.4, 4.4, 2.6, 4.6, 4.9, 5.1, 5.1, 3.6, 2.0, 4.1, 4.2
79, 3, 2.3, 4.5, 4.7, 4.7, 4.6, 4.2, 5.8, 6.0, 5.9, 6.0, 3.0, 2.6, 4.0, 4.0
79, 4, 4.1, 5.7, 5.7, 5.4, 5.1, 6.5, 7.7, 7.7, 7.6, 7.8, 3.0, 3.5, 4.4, 4.5
79, 5, 5.5, 6.3, 5.9, 5.2, 4.6, 8.8, 9.7, 9.5, 9.1, 9.9, 4.7, 6.1, 6.6, 7.0
79, 6, 5.1, 4.9, 4.5, 3.8, 3.3, 6.9, 7.2, 7.0, 6.6, 7.6, 3.2, 4.0, 4.2, 4.6
79, 7, 4.7, 4.7, 4.3, 3.7, 3.2, 6.3, 6.6, 6.4, 6.0, 6.9, 2.8, 3.5, 3.8, 4.1
79, 8, 2.9, 3.1, 2.9, 2.6, 2.3, 3.4, 3.7, 3.5, 3.3, 3.8, 1.0, 1.2, 1.4, 1.5
79, 9, 2.4, 3.6, 3.6, 3.3, 3.1, 3.8, 4.7, 4.7, 4.6, 4.8, 2.3, 2.4, 3.3, 3.3
79,10, 1.0, 2.3, 2.4, 2.4, 2.3, 1.8, 2.8, 2.9, 2.9, 2.9, 1.7, 1.1, 2.0, 2.1
79,11, 0.3, 0.8, 0.8, 0.9, 0.9, 0.4, 0.8, 0.9, 0.9, 0.9, 0.5, 0.2, 0.5, 0.6
79,12, 0.1, 0.6, 0.7, 0.8, 0.8, 0.2, 0.6, 0.8, 0.8, 0.8, 0.8, 0.2, 0.7, 0.8
80, 1, 0.2, 0.9, 1.0, 1.1, 1.1, 0.4, 0.9, 1.1, 1.1, 1.1, 0.8, 0.3, 0.8, 0.9
80, 2, 0.9, 2.8, 3.1, 3.2, 3.1, 2.0, 3.3, 3.6, 3.6, 3.6, 2.3, 1.3, 2.7, 2.7
80, 3, 2.2, 3.9, 4.0, 4.0, 3.8, 3.6, 4.8, 4.9, 4.9, 4.9, 2.2, 1.8, 2.8, 2.8
80, 4, 4.6, 6.5, 6.4, 6.1, 5.7, 7.7, 9.3, 9.3, 9.1, 9.3, 4.3, 5.1, 6.2, 6.3
80, 5, 5.0, 5.6, 5.2, 4.5, 4.0, 7.5, 8.3, 8.0, 7.6, 8.4, 4.0, 4.9, 5.4, 5.7
80, 6, 4.4, 4.2, 3.8, 3.2, 2.8, 5.3, 5.4, 5.2, 4.8, 5.7, 1.9, 2.3, 2.5, 2.7
80, 7, 5.0, 5.2, 4.8, 4.1, 3.6, 7.1, 7.6, 7.4, 7.0, 7.9, 3.4, 4.3, 4.6, 4.9
80, 8, 3.4, 3.9, 3.7, 3.3, 2.9, 4.8, 5.3, 5.2, 4.9, 5.4, 2.0, 2.6, 3.0, 3.1
80, 9, 2.3, 3.4, 3.3, 3.1, 2.9, 3.5, 4.4, 4.4, 4.2, 4.4, 2.1, 2.2, 2.9, 2.9
80,10, 0.9, 1.9, 2.0, 2.0, 1.9, 1.5, 2.3, 2.3, 2.3, 2.4, 1.3, 0.9, 1.5, 1.6
80,11, 0.3, 0.9, 1.1, 1.1, 1.1, 0.5, 1.0, 1.1, 1.2, 1.2, 0.7, 0.3, 0.7, 0.8
80,12, 0.1, 0.8, 1.0, 1.0, 1.1, 0.3, 0.9, 1.0, 1.1, 1.1, 1.0, 0.2, 1.0, 1.1
81, 1, 0.2, 0.4, 0.5, 0.5, 0.5, 0.2, 0.5, 0.5, 0.5, 0.5, 0.3, 0.1, 0.3, 0.3
81, 2, 0.8, 2.2, 2.5, 2.5, 2.5, 1.6, 2.6, 2.8, 2.9, 2.9, 1.7, 0.9, 1.9, 2.0
81, 3, 2.1, 3.8, 3.9, 3.9, 3.8, 3.6, 4.8, 4.9, 4.9, 4.9, 2.1, 1.9, 2.9, 2.9
81, 4, 4.2, 5.9, 5.9, 5.6, 5.3, 7.0, 8.4, 8.4, 8.3, 8.4, 3.7, 4.4, 5.4, 5.5
81, 5, 5.9, 6.9, 6.5, 5.8, 5.1, 9.5,10.6,10.4,10.0,10.8, 5.5, 6.9, 7.6, 8.0
81, 6, 5.9, 6.0, 5.4, 4.7, 4.0, 8.9, 9.5, 9.2, 8.8, 9.9, 4.8, 6.0, 6.3, 6.9
81, 7, 4.2, 4.1, 3.7, 3.2, 2.8, 5.1, 5.3, 5.1, 4.8, 5.5, 1.8, 2.2, 2.4, 2.6
81, 8, 4.0, 4.8, 4.5, 4.0, 3.5, 6.2, 7.1, 6.9, 6.6, 7.1, 3.3, 4.3, 4.8, 5.0
81, 9, 2.6, 4.4, 4.4, 4.2, 3.9, 4.5, 5.8, 5.9, 5.7, 5.9, 3.1, 3.1, 4.3, 4.3
81,10, 1.0, 2.1, 2.2, 2.2, 2.1, 1.7, 2.5, 2.6, 2.6, 2.7, 1.5, 1.1, 1.8, 1.9
81,11, 0.3, 0.9, 1.0, 1.1, 1.1, 0.5, 1.0, 1.1, 1.2, 1.2, 0.7, 0.3, 0.7, 0.8
81,12, 0.1, 0.4, 0.5, 0.5, 0.5, 0.1, 0.4, 0.5, 0.6, 0.6, 0.5, 0.1, 0.5, 0.5
82, 1, 0.2, 0.7, 0.8, 0.9, 0.9, 0.3, 0.8, 0.9, 0.9, 0.9, 0.7, 0.2, 0.7, 0.7
82, 2, 0.8, 2.4, 2.6, 2.7, 2.7, 1.7, 2.8, 3.0, 3.1, 3.1, 1.9, 1.1, 2.2, 2.2
82, 3, 2.3, 4.5, 4.7, 4.7, 4.6, 4.3, 5.9, 6.1, 6.0, 6.1, 3.1, 2.8, 4.2, 4.2
82, 4, 4.6, 6.5, 6.5, 6.2, 5.8, 7.8, 9.4, 9.4, 9.2, 9.4, 4.3, 5.1, 6.2, 6.3
82, 5, 4.6, 5.0, 4.7, 4.2, 3.7, 6.4, 7.0, 6.8, 6.5, 7.1, 2.9, 3.6, 4.0, 4.2
82, 6, 5.1, 5.0, 4.6, 3.9, 3.4, 7.1, 7.5, 7.3, 6.9, 7.8, 3.4, 4.3, 4.5, 4.9
82, 7, 4.4, 4.6, 4.2, 3.6, 3.1, 5.8, 6.2, 6.0, 5.6, 6.4, 2.7, 3.3, 3.5, 3.8
82, 8, 3.5, 4.1, 3.8, 3.4, 3.0, 5.1, 5.7, 5.5, 5.3, 5.7, 2.4, 3.0, 3.5, 3.6
82, 9, 1.7, 2.2, 2.1, 2.0, 1.8, 2.4, 2.8, 2.8, 2.6, 2.8, 1.1, 1.2, 1.6, 1.6
82,10, 1.0, 2.3, 2.4, 2.4, 2.3, 1.8, 2.7, 2.8, 2.8, 2.8, 1.6, 1.1, 1.9, 1.9
82,11, 0.2, 0.5, 0.5, 0.6, 0.5, 0.3, 0.5, 0.6, 0.6, 0.6, 0.2, 0.1, 0.2, 0.2
82,12, 0.0, 0.2, 0.2, 0.2, 0.2, 0.1, 0.2, 0.2, 0.2, 0.2, 0.2, 0.0, 0.2, 0.2
83, 1, 0.1, 0.5, 0.6, 0.6, 0.6, 0.2, 0.6, 0.6, 0.7, 0.7, 0.4, 0.1, 0.4, 0.4
83, 2, 0.7, 1.9, 2.1, 2.2, 2.2, 1.3, 2.2, 2.4, 2.4, 2.4, 1.3, 0.7, 1.5, 1.5
83, 3, 2.3, 4.6, 4.8, 4.8, 4.7, 4.2, 5.9, 6.1, 6.0, 6.0, 3.1, 2.6, 4.0, 4.0
83, 4, 3.6, 4.8, 4.8, 4.5, 4.3, 5.2, 6.1, 6.1, 6.0, 6.2, 2.2, 2.4, 3.1, 3.1
83, 5, 5.2, 5.9, 5.6, 4.9, 4.4, 7.6, 8.5, 8.3, 7.9, 8.6, 4.0, 4.9, 5.4, 5.7
83, 6, 5.9, 6.0, 5.5, 4.7, 4.0, 8.7, 9.3, 9.0, 8.5, 9.7, 4.7, 5.9, 6.2, 6.7
83, 7, 4.4, 4.5, 4.1, 3.5, 3.0, 5.8, 6.1, 5.9, 5.6, 6.4, 2.5, 3.2, 3.3, 3.6
83, 8, 3.0, 3.4, 3.2, 2.8, 2.5, 3.9, 4.3, 4.2, 4.0, 4.4, 1.6, 1.9, 2.3, 2.3
83, 9, 1.9, 2.5, 2.5, 2.3, 2.1, 2.6, 3.2, 3.1, 3.0, 3.2, 1.3, 1.3, 1.7, 1.8
83,10, 0.9, 2.2, 2.3, 2.3, 2.3, 1.6, 2.5, 2.6, 2.7, 2.7, 1.6, 0.9, 1.9, 1.9
83,11, 0.3, 0.6, 0.7, 0.7, 0.7, 0.4, 0.7, 0.7, 0.8, 0.8, 0.4, 0.2, 0.4, 0.4
83,12, 0.1, 0.3, 0.3, 0.3, 0.3, 0.1, 0.3, 0.3, 0.3, 0.3, 0.3, 0.1, 0.3, 0.3
84, 1, 0.2, 0.9, 1.1, 1.1, 1.2, 0.4, 1.0, 1.2, 1.2, 1.2, 0.9, 0.3, 0.9, 1.0
84, 2, 0.9, 3.2, 3.6, 3.7, 3.7, 2.1, 3.8, 4.1, 4.2, 4.2, 2.9, 1.5, 3.2, 3.3
84, 3, 2.4, 4.9, 5.2, 5.2, 5.0, 4.7, 6.5, 6.7, 6.7, 6.7, 3.6, 3.2, 4.8, 4.8
84, 4, 4.3, 6.1, 6.2, 5.9, 5.6, 7.3, 8.8, 8.8, 8.6, 8.8, 3.9, 4.7, 5.7, 5.8
84, 5, 5.7, 6.4, 6.1, 5.6, 5.0, 8.7, 9.7, 9.5, 9.1, 9.8, 4.3, 5.5, 6.0, 6.3
84, 6, 6.1, 6.4, 5.8, 5.0, 4.3, 9.2, 9.9, 9.7, 9.2,10.4, 5.2, 6.4, 6.7, 7.3
84, 7, 4.2, 4.2, 3.8, 3.3, 2.8, 5.6, 5.8, 5.6, 5.3, 6.0, 2.5, 3.1, 3.3, 3.5
84, 8, 3.2, 3.7, 3.5, 3.1, 2.8, 4.5, 5.0, 4.9, 4.7, 5.1, 2.0, 2.6, 3.0, 3.1
84, 9, 2.4, 3.8, 3.8, 3.5, 3.3, 4.0, 5.0, 5.0, 4.9, 5.1, 2.5, 2.7, 3.6, 3.6
84,10, 1.0, 2.3, 2.4, 2.4, 2.3, 1.8, 2.8, 2.9, 2.9, 2.9, 1.8, 1.2, 2.1, 2.1
84,11, 0.2, 0.6, 0.7, 0.7, 0.7, 0.4, 0.7, 0.8, 0.8, 0.8, 0.4, 0.2, 0.5, 0.5
84,12, 0.1, 0.2, 0.2, 0.2, 0.2, 0.1, 0.2, 0.2, 0.2, 0.2, 0.2, 0.0, 0.2, 0.2
85, 1, 0.1, 0.4, 0.5, 0.5, 0.5, 0.2, 0.5, 0.5, 0.6, 0.6, 0.4, 0.1, 0.4, 0.4
85, 2, 0.9, 3.0, 3.3, 3.4, 3.4, 2.0, 3.6, 3.8, 3.9, 3.9, 2.6, 1.5, 3.0, 3.1
85, 3, 2.3, 4.3, 4.5, 4.4, 4.3, 4.1, 5.6, 5.7, 5.7, 5.7, 2.9, 2.6, 3.8, 3.8
85, 4, 4.8, 7.3, 7.4, 7.1, 6.7, 8.8,10.8,10.9,10.6,10.8, 5.3, 6.3, 7.7, 7.8
85, 5, 5.3, 5.8, 5.4, 4.9, 4.4, 7.6, 8.3, 8.2, 7.8, 8.5, 3.5, 4.4, 4.7, 5.0
85, 6, 4.9, 4.6, 4.2, 3.5, 3.1, 6.9, 7.2, 7.0, 6.6, 7.6, 3.2, 4.1, 4.3, 4.7
85, 7, 5.3, 5.7, 5.3, 4.5, 3.9, 8.2, 8.9, 8.6, 8.2, 9.2, 4.5, 5.8, 6.2, 6.6
85, 8, 3.2, 3.5, 3.2, 2.8, 2.5, 4.4, 4.8, 4.7, 4.4, 4.9, 1.9, 2.5, 2.7, 2.8
85, 9, 1.9, 2.6, 2.6, 2.4, 2.2, 2.8, 3.3, 3.3, 3.2, 3.4, 1.4, 1.5, 2.0, 2.0
85,10, 0.9, 2.1, 2.3, 2.3, 2.2, 1.6, 2.5, 2.6, 2.6, 2.6, 1.6, 1.0, 1.9, 1.9
85,11, 0.3, 1.0, 1.1, 1.1, 1.1, 0.6, 1.1, 1.2, 1.2, 1.2, 0.8, 0.3, 0.8, 0.9
85,12, 0.1, 0.2, 0.3, 0.3, 0.3, 0.1, 0.2, 0.3, 0.3, 0.3, 0.3, 0.1, 0.3, 0.3
86, 1, 0.2, 0.9, 1.0, 1.1, 1.1, 0.4, 1.0, 1.1, 1.2, 1.2, 0.9, 0.3, 0.9, 0.9
86, 2, 0.9, 2.8, 3.1, 3.2, 3.2, 2.0, 3.4, 3.6, 3.7, 3.7, 2.5, 1.5, 2.8, 2.9
86, 3, 2.5, 5.5, 5.8, 5.8, 5.6, 5.3, 7.4, 7.7, 7.6, 7.6, 4.4, 4.0, 6.0, 6.0
86, 4, 4.6, 6.8, 6.9, 6.6, 6.2, 8.1, 9.9,10.0, 9.8,10.0, 4.8, 5.6, 6.9, 7.0
86, 5, 5.6, 6.3, 5.9, 5.2, 4.6, 8.9, 9.8, 9.6, 9.2,10.0, 4.9, 6.3, 6.9, 7.3
86, 6, 5.6, 5.7, 5.2, 4.4, 3.8, 8.1, 8.6, 8.3, 7.9, 9.0, 4.2, 5.2, 5.5, 5.9
86, 7, 4.4, 4.4, 4.0, 3.5, 3.0, 6.0, 6.3, 6.1, 5.7, 6.6, 2.7, 3.4, 3.6, 3.9
86, 8, 2.7, 2.9, 2.7, 2.4, 2.1, 3.3, 3.6, 3.5, 3.3, 3.6, 1.1, 1.4, 1.6, 1.6
86, 9, 1.7, 2.3, 2.2, 2.1, 1.9, 2.2, 2.6, 2.6, 2.5, 2.7, 1.0, 0.9, 1.3, 1.3
86,10, 1.1, 2.6, 2.8, 2.8, 2.7, 2.1, 3.2, 3.3, 3.3, 3.4, 2.0, 1.4, 2.4, 2.4
86,11, 0.3, 1.0, 1.2, 1.2, 1.2, 0.5, 1.1, 1.3, 1.3, 1.3, 0.9, 0.3, 1.0, 1.0
86,12, 0.1, 0.2, 0.3, 0.3, 0.3, 0.1, 0.2, 0.3, 0.3, 0.3, 0.3, 0.1, 0.3, 0.3
87, 1, 0.2, 0.7, 0.8, 0.8, 0.8, 0.3, 0.7, 0.8, 0.9, 0.9, 0.6, 0.2, 0.6, 0.6
87, 2, 0.8, 2.2, 2.5, 2.5, 2.5, 1.6, 2.6, 2.8, 2.9, 2.9, 1.7, 1.0, 1.9, 2.0
87, 3, 2.1, 4.0, 4.2, 4.2, 4.0, 3.7, 5.1, 5.2, 5.2, 5.2, 2.5, 2.2, 3.3, 3.3
87, 4, 3.9, 5.5, 5.3, 4.9, 4.5, 6.3, 7.7, 7.6, 7.3, 7.7, 3.9, 4.4, 5.5, 5.6
87, 5, 4.7, 5.1, 4.7, 4.1, 3.5, 6.8, 7.4, 7.2, 6.8, 7.6, 3.3, 4.3, 4.7, 4.9
87, 6, 5.7, 5.9, 5.4, 4.6, 4.0, 8.1, 8.7, 8.4, 8.0, 9.1, 4.4, 5.3, 5.6, 6.1
87, 7, 4.3, 4.3, 3.9, 3.3, 2.9, 5.7, 5.9, 5.7, 5.3, 6.1, 2.3, 2.9, 3.1, 3.3
87, 8, 3.0, 3.4, 3.2, 2.9, 2.6, 4.1, 4.5, 4.4, 4.1, 4.6, 1.7, 2.1, 2.4, 2.5
87, 9, 1.9, 2.7, 2.6, 2.5, 2.3, 2.8, 3.4, 3.3, 3.2, 3.4, 1.4, 1.5, 2.0, 2.0
87,10, 0.9, 2.0, 2.1, 2.0, 2.0, 1.5, 2.3, 2.4, 2.4, 2.4, 1.3, 0.8, 1.5, 1.5
87,11, 0.3, 1.4, 1.6, 1.7, 1.7, 0.7, 1.6, 1.7, 1.8, 1.8, 1.3, 0.5, 1.3, 1.4
87,12, 0.1, 0.2, 0.3, 0.3, 0.3, 0.1, 0.3, 0.3, 0.3, 0.3, 0.3, 0.1, 0.3, 0.3
88, 1, 0.2, 0.7, 0.9, 0.9, 0.9, 0.3, 0.8, 0.9, 0.9, 0.9, 0.7, 0.2, 0.7, 0.7
88, 2, 0.8, 2.4, 2.6, 2.7, 2.7, 1.6, 2.8, 3.0, 3.0, 3.0, 1.8, 1.0, 2.0, 2.1
88, 3, 2.6, 5.3, 5.6, 5.5, 5.3, 5.2, 7.2, 7.4, 7.3, 7.3, 3.9, 3.7, 5.4, 5.4
88, 4, 3.7, 5.2, 5.2, 4.9, 4.6, 6.1, 7.3, 7.3, 7.1, 7.3, 3.0, 3.7, 4.6, 4.6
88, 5, 5.1, 5.6, 5.2, 4.5, 3.9, 7.9, 8.6, 8.4, 8.0, 8.9, 4.4, 5.6, 6.1, 6.4
88, 6, 5.0, 4.9, 4.5, 3.8, 3.3, 6.9, 7.2, 7.0, 6.6, 7.6, 3.3, 4.1, 4.3, 4.7
88, 7, 5.1, 5.3, 4.8, 4.1, 3.6, 7.6, 8.1, 7.9, 7.5, 8.4, 4.0, 5.1, 5.4, 5.8
88, 8, 3.1, 3.5, 3.3, 2.9, 2.6, 4.1, 4.5, 4.4, 4.1, 4.6, 1.8, 2.2, 2.5, 2.6
88, 9, 2.5, 4.2, 4.2, 4.0, 3.7, 4.3, 5.5, 5.5, 5.4, 5.6, 2.9, 2.9, 4.0, 4.0
88,10, 1.1, 3.0, 3.2, 3.2, 3.1, 2.3, 3.7, 3.9, 3.9, 3.9, 2.5, 1.7, 3.1, 3.1
88,11, 0.3, 1.2, 1.4, 1.5, 1.4, 0.6, 1.4, 1.5, 1.6, 1.6, 1.1, 0.4, 1.2, 1.2
88,12, 0.1, 0.3, 0.3, 0.4, 0.4, 0.1, 0.3, 0.4, 0.4, 0.4, 0.3, 0.1, 0.3, 0.3
89, 1, 0.2, 1.4, 1.6, 1.8, 1.8, 0.6, 1.6, 1.8, 1.9, 1.9, 1.5, 0.5, 1.5, 1.6
89, 2, 0.7, 1.3, 1.4, 1.4, 1.3, 1.0, 1.4, 1.5, 1.5, 1.5, 0.4, 0.2, 0.5, 0.5
89, 3, 2.5, 5.0, 5.3, 5.3, 5.1, 4.7, 6.6, 6.8, 6.7, 6.7, 3.5, 3.1, 4.7, 4.7
89, 4, 3.6, 4.2, 4.2, 4.0, 3.7, 4.8, 5.5, 5.4, 5.3, 5.5, 1.3, 1.6, 2.0, 2.0
89, 5, 5.3, 6.0, 5.8, 5.3, 4.9, 7.7, 8.5, 8.4, 8.1, 8.6, 3.1, 3.9, 4.3, 4.6
89, 6, 5.8, 5.9, 5.4, 4.6, 3.9, 8.6, 9.1, 8.9, 8.4, 9.6, 4.7, 5.8, 6.1, 6.7
89, 7, 3.3, 3.0, 2.7, 2.3, 2.0, 3.8, 3.8, 3.6, 3.3, 3.9, 0.9, 1.3, 1.3, 1.5
89, 8, 2.8, 2.9, 2.7, 2.4, 2.1, 3.4, 3.6, 3.5, 3.3, 3.7, 1.1, 1.4, 1.6, 1.7
89, 9, 1.9, 2.6, 2.6, 2.4, 2.2, 2.8, 3.3, 3.3, 3.2, 3.3, 1.4, 1.4, 1.9, 1.9
89,10, 1.0, 2.3, 2.4, 2.4, 2.3, 1.8, 2.7, 2.8, 2.9, 2.9, 1.7, 1.1, 2.1, 2.1
89,11, 0.3, 1.4, 1.6, 1.6, 1.6, 0.7, 1.5, 1.7, 1.8, 1.8, 1.3, 0.5, 1.3, 1.4
89,12, 0.1, 0.5, 0.6, 0.6, 0.6, 0.1, 0.5, 0.6, 0.6, 0.6, 0.6, 0.1, 0.5, 0.6
90, 1, 0.2, 0.9, 1.0, 1.1, 1.1, 0.4, 0.9, 1.1, 1.1, 1.1, 0.8, 0.3, 0.8, 0.9
90, 2, 0.9, 3.3, 3.6, 3.8, 3.7, 2.2, 3.9, 4.2, 4.3, 4.3, 2.9, 1.6, 3.3, 3.4
90, 3, 2.2, 4.1, 4.3, 4.3, 4.2, 3.8, 5.3, 5.4, 5.4, 5.4, 2.7, 2.3, 3.5, 3.5
90, 4, 4.2, 6.0, 6.0, 5.7, 5.4, 7.0, 8.5, 8.5, 8.3, 8.5, 3.7, 4.4, 5.4, 5.5
90, 5, 4.0, 4.3, 4.0, 3.6, 3.2, 5.3, 5.6, 5.5, 5.2, 5.8, 2.0, 2.5, 2.7, 2.8
90, 6, 5.5, 5.6, 5.1, 4.4, 3.8, 8.0, 8.6, 8.3, 7.9, 8.9, 4.3, 5.3, 5.6, 6.1
90, 7, 4.3, 4.3, 3.9, 3.3, 2.9, 5.7, 6.0, 5.8, 5.5, 6.3, 2.4, 3.1, 3.3, 3.5
90, 8, 3.3, 3.7, 3.5, 3.0, 2.7, 4.6, 5.1, 4.9, 4.7, 5.2, 2.0, 2.6, 2.9, 3.0
90, 9, 2.2, 3.5, 3.5, 3.3, 3.0, 3.6, 4.6, 4.6, 4.5, 4.6, 2.3, 2.3, 3.2, 3.2
90,10, 0.8, 1.6, 1.6, 1.6, 1.5, 1.2, 1.8, 1.9, 1.8, 1.9, 0.9, 0.6, 1.1, 1.1
90,11, 0.3, 1.1, 1.2, 1.3, 1.3, 0.6, 1.2, 1.3, 1.4, 1.4, 0.9, 0.4, 0.9, 1.0
90,12, 0.1, 0.5, 0.6, 0.6, 0.6, 0.2, 0.5, 0.6, 0.6, 0.7, 0.6, 0.1, 0.6, 0.6
