"City:    ","GUAM                  "
"State:   ","PI"
"WBAN No: ", 41415
"Lat(N):  ", 13.55
"Long(E): ",144.83
"Elev(m): ",   110
"Pres(mb):",   998
"Stn Type:","Primary"
"MONTHLY SOLAR RADIATION (kWh/m2/day)"
"COLUMN A: Year"
"COLUMN B: Month"
"COLUMN C: Flat-Plate Collector Facing South at Fixed Tilt=0"
"COLUMN D: Flat-Plate Collector Facing South at Fixed Tilt=Lat-15"
"COLUMN E: Flat-Plate Collector Facing South at Fixed Tilt=Lat"
"COLUMN F: Flat-Plate Collector Facing South at Fixed Tilt=Lat+15"
"COLUMN G: Flat-Plate Collector Facing South at Fixed Tilt=90"
"COLUMN H: 1-Axis Tracking Flat-Plate Collector with North-South Axis, Axis Tilt=0"
"COLUMN I: 1-Axis Tracking Flat-Plate Collector with North-South Axis, Axis Tilt=Lat-15"
"COLUMN J: 1-Axis Tracking Flat-Plate Collector with North-South Axis, Axis Tilt=Lat"
"COLUMN K: 1-Axis Tracking Flat-Plate Collector with North-South Axis, Axis Tilt=Lat+15"
"COLUMN L: 2-Axis Tracking Flat-Plate Collector"
"COLUMN M: 1-Axis Tracking Concentrating Collector with East-West Horizontal Axis"
"COLUMN N: 1-Axis Tracking Concentrating Collector with North-South Horizontal Axis"
"COLUMN O: 1-Axis Tracking Concentrating Collector with North-South Axis, Axis Tilt=Lat"
"COLUMN P: 2-Axis Tracking Concentrating Collector"
"COL A","COL B","COL C","COL D","COL E","COL F","COL G","COL H","COL I","COL J","COL K","COL L","COL M","COL N","COL O","COL P"
61, 1, 4.1, 4.0, 4.5, 4.8, 3.4, 5.0, 5.0, 5.4, 5.6, 5.7, 2.5, 2.6, 2.9, 3.1
61, 2, 5.1, 5.0, 5.6, 5.8, 3.6, 6.6, 6.5, 6.9, 7.1, 7.1, 3.3, 4.0, 4.2, 4.3
61, 3, 5.5, 5.4, 5.7, 5.6, 2.6, 7.0, 6.9, 7.1, 7.0, 7.1, 3.1, 4.0, 4.1, 4.1
61, 4, 6.3, 6.3, 6.2, 5.8, 1.7, 8.4, 8.4, 8.3, 8.0, 8.4, 4.0, 5.5, 5.4, 5.5
61, 5, 6.0, 6.0, 5.7, 5.1, 1.5, 7.6, 7.6, 7.3, 6.9, 7.7, 3.5, 4.5, 4.3, 4.6
61, 6, 5.5, 5.5, 5.2, 4.5, 1.5, 6.7, 6.7, 6.4, 6.0, 6.9, 3.0, 3.7, 3.5, 3.8
61, 7, 5.4, 5.4, 5.1, 4.5, 1.5, 6.6, 6.7, 6.4, 6.0, 6.7, 2.8, 3.5, 3.4, 3.6
61, 8, 4.6, 4.6, 4.4, 4.1, 1.5, 5.4, 5.4, 5.3, 5.1, 5.4, 1.8, 2.4, 2.4, 2.4
61, 9, 5.1, 5.0, 5.1, 4.9, 2.1, 6.1, 6.1, 6.2, 6.1, 6.2, 2.4, 3.1, 3.2, 3.2
61,10, 4.4, 4.3, 4.6, 4.6, 2.6, 5.2, 5.2, 5.4, 5.4, 5.4, 2.0, 2.4, 2.5, 2.6
61,11, 5.0, 4.9, 5.6, 6.0, 4.2, 6.6, 6.5, 7.0, 7.3, 7.4, 3.8, 4.2, 4.5, 4.7
61,12, 4.4, 4.3, 5.0, 5.4, 4.1, 5.7, 5.6, 6.1, 6.4, 6.6, 3.3, 3.4, 3.8, 4.1
62, 1, 4.9, 4.8, 5.6, 6.1, 4.5, 6.6, 6.5, 7.1, 7.5, 7.6, 4.1, 4.4, 4.8, 5.2
62, 2, 4.7, 4.6, 5.0, 5.2, 3.2, 5.8, 5.8, 6.1, 6.2, 6.2, 2.6, 3.0, 3.2, 3.3
62, 3, 5.9, 5.9, 6.1, 6.1, 2.8, 7.6, 7.6, 7.8, 7.7, 7.8, 3.7, 4.8, 4.9, 4.9
62, 4, 5.8, 5.8, 5.8, 5.4, 1.7, 7.4, 7.4, 7.4, 7.1, 7.4, 3.3, 4.4, 4.4, 4.5
62, 5, 5.9, 5.9, 5.6, 5.0, 1.5, 7.6, 7.6, 7.4, 6.9, 7.7, 3.5, 4.6, 4.4, 4.6
62, 6, 5.5, 5.5, 5.1, 4.5, 1.4, 6.8, 6.9, 6.6, 6.1, 7.0, 3.2, 3.9, 3.7, 4.1
62, 7, 4.9, 4.9, 4.6, 4.1, 1.5, 5.8, 5.8, 5.6, 5.2, 5.9, 2.3, 2.9, 2.7, 2.9
62, 8, 5.0, 5.0, 4.9, 4.5, 1.5, 6.0, 6.0, 5.9, 5.6, 6.0, 2.2, 2.9, 2.8, 2.9
62, 9, 5.1, 5.1, 5.1, 4.9, 2.0, 6.3, 6.3, 6.3, 6.2, 6.3, 2.5, 3.3, 3.3, 3.3
62,10, 4.3, 4.2, 4.5, 4.5, 2.6, 5.1, 5.1, 5.3, 5.3, 5.3, 1.8, 2.2, 2.3, 2.3
62,11, 4.3, 4.2, 4.7, 5.0, 3.4, 5.3, 5.3, 5.7, 5.9, 5.9, 2.5, 2.8, 3.0, 3.2
62,12, 4.0, 3.9, 4.5, 4.9, 3.6, 5.1, 5.0, 5.4, 5.7, 5.8, 2.7, 2.7, 3.0, 3.3
63, 1, 4.2, 4.1, 4.7, 5.0, 3.6, 5.3, 5.2, 5.6, 5.9, 5.9, 2.7, 2.9, 3.2, 3.4
63, 2, 4.4, 4.3, 4.7, 4.8, 2.9, 5.3, 5.3, 5.6, 5.6, 5.7, 2.3, 2.7, 2.8, 2.9
63, 3, 5.3, 5.3, 5.5, 5.4, 2.6, 6.7, 6.7, 6.8, 6.8, 6.8, 2.8, 3.7, 3.8, 3.8
63, 4, 5.2, 5.2, 5.2, 4.8, 1.6, 6.5, 6.5, 6.5, 6.2, 6.6, 2.6, 3.6, 3.5, 3.6
63, 5, 5.2, 5.2, 4.9, 4.4, 1.5, 6.4, 6.4, 6.2, 5.8, 6.4, 2.5, 3.3, 3.2, 3.4
63, 6, 5.6, 5.6, 5.2, 4.6, 1.5, 6.9, 6.9, 6.6, 6.1, 7.0, 3.0, 3.7, 3.5, 3.8
63, 7, 5.1, 5.1, 4.8, 4.3, 1.5, 6.1, 6.1, 5.9, 5.5, 6.2, 2.3, 2.9, 2.8, 3.0
63, 8, 5.2, 5.2, 5.1, 4.7, 1.5, 6.4, 6.4, 6.3, 6.0, 6.4, 2.4, 3.2, 3.1, 3.2
63, 9, 4.8, 4.7, 4.8, 4.6, 2.0, 5.7, 5.7, 5.8, 5.6, 5.8, 2.0, 2.7, 2.7, 2.7
63,10, 4.6, 4.6, 4.9, 4.9, 2.8, 5.6, 5.6, 5.8, 5.9, 5.9, 2.4, 2.9, 3.0, 3.1
63,11, 4.6, 4.6, 5.2, 5.5, 3.8, 6.0, 5.9, 6.4, 6.6, 6.7, 3.2, 3.5, 3.8, 4.0
63,12, 4.1, 4.0, 4.6, 5.0, 3.7, 5.2, 5.1, 5.6, 5.9, 6.0, 2.9, 2.9, 3.2, 3.5
64, 1, 5.0, 4.9, 5.7, 6.2, 4.5, 6.6, 6.6, 7.2, 7.5, 7.6, 4.2, 4.4, 4.8, 5.2
64, 2, 5.0, 4.9, 5.4, 5.6, 3.4, 6.3, 6.3, 6.6, 6.8, 6.8, 3.1, 3.7, 3.9, 4.0
64, 3, 5.5, 5.4, 5.7, 5.6, 2.5, 7.0, 6.9, 7.1, 7.0, 7.1, 3.1, 4.1, 4.2, 4.2
64, 4, 5.4, 5.3, 5.3, 5.0, 1.7, 6.6, 6.6, 6.6, 6.3, 6.6, 2.6, 3.5, 3.5, 3.5
64, 5, 4.7, 4.8, 4.5, 4.1, 1.5, 5.6, 5.6, 5.4, 5.1, 5.7, 2.0, 2.6, 2.5, 2.7
64, 6, 5.9, 5.9, 5.5, 4.8, 1.4, 7.4, 7.4, 7.1, 6.6, 7.6, 3.6, 4.5, 4.3, 4.6
64, 7, 5.4, 5.4, 5.1, 4.5, 1.5, 6.6, 6.6, 6.4, 5.9, 6.7, 2.9, 3.6, 3.5, 3.7
64, 8, 4.8, 4.8, 4.7, 4.3, 1.5, 5.6, 5.6, 5.5, 5.2, 5.6, 1.9, 2.4, 2.4, 2.5
64, 9, 4.5, 4.4, 4.5, 4.3, 1.9, 5.2, 5.2, 5.3, 5.2, 5.3, 1.7, 2.3, 2.3, 2.3
64,10, 4.8, 4.8, 5.1, 5.2, 2.9, 5.9, 5.9, 6.2, 6.2, 6.2, 2.5, 3.1, 3.3, 3.3
64,11, 4.8, 4.7, 5.4, 5.8, 4.0, 6.3, 6.3, 6.8, 7.0, 7.1, 3.5, 3.9, 4.3, 4.5
64,12, 4.4, 4.4, 5.1, 5.5, 4.2, 5.7, 5.7, 6.2, 6.5, 6.7, 3.3, 3.4, 3.8, 4.1
65, 1, 4.1, 4.0, 4.5, 4.8, 3.4, 5.1, 5.0, 5.4, 5.6, 5.7, 2.6, 2.7, 3.0, 3.2
65, 2, 5.3, 5.2, 5.8, 6.0, 3.7, 6.9, 6.8, 7.2, 7.4, 7.4, 3.7, 4.3, 4.6, 4.7
65, 3, 6.1, 6.0, 6.3, 6.2, 2.8, 8.0, 8.0, 8.2, 8.1, 8.2, 3.9, 5.2, 5.3, 5.3
65, 4, 6.4, 6.4, 6.3, 5.9, 1.7, 8.2, 8.2, 8.1, 7.8, 8.2, 3.9, 5.2, 5.1, 5.2
65, 5, 6.6, 6.6, 6.2, 5.5, 1.4, 8.6, 8.6, 8.3, 7.8, 8.7, 4.4, 5.8, 5.5, 5.8
65, 6, 5.7, 5.7, 5.3, 4.6, 1.5, 7.2, 7.2, 6.9, 6.4, 7.3, 3.4, 4.2, 4.0, 4.3
65, 7, 5.2, 5.2, 4.9, 4.3, 1.5, 6.3, 6.3, 6.1, 5.6, 6.4, 2.6, 3.3, 3.1, 3.3
65, 8, 5.9, 5.9, 5.7, 5.3, 1.5, 7.5, 7.5, 7.3, 7.0, 7.5, 3.4, 4.4, 4.3, 4.5
65, 9, 4.9, 4.9, 5.0, 4.8, 1.9, 6.1, 6.1, 6.1, 6.0, 6.1, 2.4, 3.2, 3.3, 3.3
65,10, 5.4, 5.3, 5.8, 5.9, 3.3, 6.9, 6.9, 7.2, 7.3, 7.3, 3.5, 4.3, 4.5, 4.6
65,11, 4.8, 4.8, 5.4, 5.8, 4.0, 6.3, 6.3, 6.8, 7.0, 7.1, 3.5, 3.8, 4.2, 4.4
65,12, 4.5, 4.4, 5.2, 5.7, 4.3, 5.9, 5.8, 6.4, 6.7, 6.9, 3.6, 3.7, 4.0, 4.4
66, 1, 4.9, 4.8, 5.6, 6.0, 4.4, 6.4, 6.4, 6.9, 7.3, 7.3, 3.9, 4.1, 4.5, 4.8
66, 2, 5.4, 5.3, 5.9, 6.2, 3.8, 7.0, 7.0, 7.4, 7.6, 7.6, 3.8, 4.5, 4.7, 4.9
66, 3, 6.1, 6.0, 6.3, 6.3, 2.8, 8.0, 7.9, 8.1, 8.1, 8.2, 4.0, 5.2, 5.4, 5.4
66, 4, 6.5, 6.5, 6.4, 6.0, 1.7, 8.6, 8.6, 8.5, 8.2, 8.6, 4.2, 5.8, 5.7, 5.8
66, 5, 6.6, 6.6, 6.2, 5.5, 1.4, 8.5, 8.6, 8.3, 7.7, 8.6, 4.4, 5.7, 5.5, 5.8
66, 6, 5.9, 5.9, 5.5, 4.8, 1.5, 7.5, 7.5, 7.2, 6.6, 7.6, 3.5, 4.4, 4.2, 4.6
66, 7, 5.8, 5.8, 5.4, 4.8, 1.5, 7.2, 7.2, 6.9, 6.5, 7.4, 3.3, 4.2, 4.0, 4.3
66, 8, 5.1, 5.1, 4.9, 4.6, 1.5, 6.1, 6.1, 6.0, 5.7, 6.1, 2.3, 3.0, 2.9, 3.0
66, 9, 4.5, 4.5, 4.6, 4.4, 2.0, 5.3, 5.3, 5.3, 5.2, 5.3, 1.7, 2.2, 2.3, 2.3
66,10, 5.1, 5.0, 5.4, 5.5, 3.1, 6.5, 6.4, 6.7, 6.8, 6.8, 3.0, 3.7, 3.8, 3.9
66,11, 4.7, 4.7, 5.3, 5.6, 3.9, 6.1, 6.1, 6.5, 6.7, 6.8, 3.2, 3.6, 3.8, 4.1
66,12, 4.4, 4.3, 5.1, 5.5, 4.2, 5.8, 5.8, 6.3, 6.6, 6.7, 3.5, 3.5, 3.9, 4.2
67, 1, 4.5, 4.4, 5.1, 5.5, 4.0, 5.8, 5.8, 6.2, 6.5, 6.6, 3.2, 3.4, 3.7, 4.0
67, 2, 5.1, 5.0, 5.5, 5.7, 3.6, 6.5, 6.5, 6.9, 7.0, 7.0, 3.3, 3.9, 4.1, 4.3
67, 3, 5.1, 5.1, 5.3, 5.2, 2.5, 6.4, 6.4, 6.5, 6.5, 6.5, 2.5, 3.4, 3.4, 3.5
67, 4, 5.5, 5.5, 5.5, 5.1, 1.6, 7.1, 7.1, 7.0, 6.7, 7.1, 3.0, 4.0, 4.0, 4.1
67, 5, 6.1, 6.1, 5.8, 5.2, 1.5, 7.8, 7.8, 7.6, 7.1, 7.9, 3.7, 4.8, 4.6, 4.8
67, 6, 5.4, 5.4, 5.0, 4.4, 1.5, 6.7, 6.7, 6.4, 6.0, 6.8, 2.9, 3.7, 3.5, 3.8
67, 7, 5.1, 5.1, 4.8, 4.3, 1.5, 6.1, 6.2, 5.9, 5.5, 6.2, 2.5, 3.1, 2.9, 3.1
67, 8, 4.9, 4.9, 4.7, 4.4, 1.5, 5.9, 5.9, 5.8, 5.5, 5.9, 2.2, 2.9, 2.8, 2.9
67, 9, 4.5, 4.5, 4.5, 4.4, 1.9, 5.3, 5.3, 5.3, 5.2, 5.3, 1.9, 2.4, 2.5, 2.5
67,10, 4.4, 4.4, 4.7, 4.7, 2.6, 5.4, 5.4, 5.6, 5.6, 5.6, 2.2, 2.7, 2.8, 2.9
67,11, 4.6, 4.5, 5.1, 5.4, 3.7, 5.8, 5.7, 6.2, 6.4, 6.4, 3.1, 3.3, 3.6, 3.8
67,12, 4.5, 4.4, 5.1, 5.6, 4.2, 5.8, 5.8, 6.3, 6.7, 6.8, 3.5, 3.6, 3.9, 4.3
68, 1, 4.3, 4.2, 4.8, 5.1, 3.6, 5.3, 5.2, 5.7, 5.9, 6.0, 2.8, 2.9, 3.1, 3.3
68, 2, 4.7, 4.6, 5.0, 5.2, 3.2, 5.8, 5.7, 6.1, 6.2, 6.2, 2.7, 3.1, 3.3, 3.4
68, 3, 5.7, 5.7, 5.9, 5.9, 2.7, 7.4, 7.4, 7.6, 7.5, 7.6, 3.4, 4.5, 4.6, 4.6
68, 4, 6.0, 5.9, 5.9, 5.5, 1.7, 7.7, 7.7, 7.6, 7.3, 7.7, 3.5, 4.7, 4.6, 4.7
68, 5, 6.3, 6.3, 5.9, 5.3, 1.4, 8.2, 8.2, 7.9, 7.4, 8.3, 4.1, 5.3, 5.1, 5.4
68, 6, 5.9, 5.9, 5.5, 4.8, 1.4, 7.6, 7.6, 7.3, 6.7, 7.8, 3.7, 4.7, 4.4, 4.8
68, 7, 5.2, 5.3, 4.9, 4.4, 1.5, 6.3, 6.4, 6.1, 5.7, 6.4, 2.5, 3.1, 3.0, 3.2
68, 8, 5.3, 5.3, 5.1, 4.7, 1.5, 6.4, 6.4, 6.2, 5.9, 6.4, 2.5, 3.3, 3.2, 3.3
68, 9, 5.2, 5.2, 5.3, 5.1, 2.1, 6.4, 6.4, 6.5, 6.3, 6.5, 2.6, 3.5, 3.5, 3.5
68,10, 4.7, 4.7, 5.0, 5.1, 2.8, 6.0, 5.9, 6.2, 6.2, 6.2, 2.6, 3.3, 3.5, 3.5
68,11, 4.4, 4.3, 4.9, 5.2, 3.5, 5.6, 5.5, 5.9, 6.1, 6.1, 2.7, 3.0, 3.2, 3.4
68,12, 4.4, 4.3, 5.0, 5.4, 4.1, 5.7, 5.6, 6.1, 6.5, 6.6, 3.3, 3.3, 3.7, 4.0
69, 1, 4.3, 4.2, 4.8, 5.1, 3.7, 5.6, 5.5, 5.9, 6.2, 6.2, 2.8, 3.1, 3.3, 3.6
69, 2, 5.3, 5.2, 5.8, 6.0, 3.7, 6.9, 6.8, 7.3, 7.4, 7.4, 3.6, 4.3, 4.5, 4.7
69, 3, 5.9, 5.8, 6.1, 6.1, 2.8, 7.9, 7.8, 8.0, 8.0, 8.1, 3.8, 5.1, 5.2, 5.3
69, 4, 6.2, 6.2, 6.1, 5.7, 1.7, 8.1, 8.1, 8.0, 7.7, 8.1, 3.6, 4.9, 4.9, 5.0
69, 5, 5.7, 5.7, 5.4, 4.8, 1.5, 7.3, 7.3, 7.1, 6.7, 7.4, 3.1, 4.1, 3.9, 4.2
69, 6, 5.7, 5.8, 5.3, 4.7, 1.5, 7.4, 7.4, 7.1, 6.6, 7.6, 3.3, 4.2, 4.0, 4.3
69, 7, 5.4, 5.4, 5.0, 4.5, 1.5, 6.7, 6.7, 6.4, 6.0, 6.8, 2.8, 3.6, 3.4, 3.7
69, 8, 5.1, 5.1, 5.0, 4.6, 1.6, 6.3, 6.3, 6.2, 5.9, 6.3, 2.2, 3.0, 2.9, 3.0
69, 9, 4.7, 4.7, 4.8, 4.6, 2.0, 5.7, 5.7, 5.8, 5.6, 5.8, 1.8, 2.5, 2.5, 2.5
69,10, 4.4, 4.3, 4.6, 4.6, 2.6, 5.4, 5.3, 5.5, 5.6, 5.6, 1.9, 2.5, 2.6, 2.6
69,11, 4.5, 4.4, 4.9, 5.2, 3.6, 5.7, 5.6, 6.0, 6.2, 6.3, 2.7, 3.0, 3.3, 3.5
69,12, 4.1, 4.0, 4.6, 4.9, 3.7, 5.1, 5.1, 5.5, 5.8, 5.9, 2.6, 2.7, 3.0, 3.2
70, 1, 4.3, 4.2, 4.8, 5.1, 3.7, 5.4, 5.4, 5.8, 6.0, 6.1, 2.8, 3.0, 3.3, 3.5
70, 2, 4.7, 4.6, 5.0, 5.2, 3.2, 5.9, 5.8, 6.2, 6.3, 6.3, 2.6, 3.2, 3.3, 3.4
70, 3, 5.3, 5.3, 5.5, 5.4, 2.6, 6.7, 6.6, 6.8, 6.7, 6.8, 2.6, 3.5, 3.6, 3.6
70, 4, 5.7, 5.7, 5.6, 5.2, 1.7, 7.3, 7.3, 7.2, 6.9, 7.3, 2.9, 4.0, 3.9, 4.0
70, 5, 5.9, 5.9, 5.6, 5.0, 1.5, 7.8, 7.8, 7.6, 7.2, 7.9, 3.4, 4.6, 4.5, 4.7
70, 6, 5.6, 5.6, 5.2, 4.6, 1.5, 7.1, 7.2, 6.8, 6.4, 7.3, 3.2, 4.0, 3.8, 4.2
70, 7, 5.5, 5.5, 5.2, 4.6, 1.5, 7.0, 7.0, 6.7, 6.3, 7.1, 2.9, 3.8, 3.6, 3.9
70, 8, 5.1, 5.1, 4.9, 4.6, 1.5, 6.2, 6.3, 6.1, 5.8, 6.3, 2.2, 3.0, 2.9, 3.0
70, 9, 5.1, 5.0, 5.1, 4.9, 2.0, 6.2, 6.2, 6.2, 6.1, 6.2, 2.3, 3.0, 3.0, 3.0
70,10, 4.6, 4.6, 4.9, 4.9, 2.8, 5.8, 5.7, 5.9, 6.0, 6.0, 2.2, 2.8, 3.0, 3.0
70,11, 4.6, 4.5, 5.1, 5.4, 3.7, 6.0, 5.9, 6.3, 6.6, 6.6, 3.0, 3.3, 3.6, 3.8
70,12, 4.4, 4.3, 5.0, 5.4, 4.1, 5.7, 5.6, 6.1, 6.4, 6.6, 3.2, 3.3, 3.7, 4.0
71, 1, 3.8, 3.8, 4.2, 4.4, 3.1, 4.7, 4.7, 5.0, 5.1, 5.2, 2.0, 2.1, 2.3, 2.5
71, 2, 4.8, 4.7, 5.2, 5.4, 3.3, 6.2, 6.2, 6.5, 6.6, 6.6, 2.9, 3.5, 3.7, 3.8
71, 3, 4.9, 4.9, 5.1, 5.0, 2.4, 6.1, 6.1, 6.2, 6.1, 6.2, 2.2, 3.0, 3.1, 3.1
71, 4, 5.4, 5.4, 5.3, 5.0, 1.7, 6.9, 6.9, 6.8, 6.6, 6.9, 2.6, 3.7, 3.6, 3.7
71, 5, 5.6, 5.6, 5.3, 4.8, 1.5, 7.0, 7.0, 6.7, 6.3, 7.0, 2.9, 3.8, 3.6, 3.8
71, 6, 5.2, 5.2, 4.8, 4.2, 1.5, 6.4, 6.4, 6.2, 5.7, 6.5, 2.5, 3.2, 3.0, 3.3
71, 7, 4.7, 4.7, 4.5, 4.0, 1.5, 5.4, 5.4, 5.2, 4.9, 5.5, 1.8, 2.2, 2.1, 2.3
71, 8, 5.4, 5.4, 5.2, 4.8, 1.5, 6.7, 6.7, 6.6, 6.3, 6.8, 2.7, 3.7, 3.6, 3.7
71, 9, 5.1, 5.0, 5.1, 4.9, 2.0, 6.3, 6.3, 6.3, 6.2, 6.3, 2.4, 3.3, 3.3, 3.3
71,10, 4.8, 4.8, 5.1, 5.2, 3.0, 6.1, 6.1, 6.3, 6.4, 6.4, 2.5, 3.2, 3.4, 3.4
71,11, 4.4, 4.3, 4.8, 5.1, 3.5, 5.6, 5.5, 5.9, 6.1, 6.2, 2.8, 3.1, 3.3, 3.5
71,12, 4.5, 4.4, 5.2, 5.7, 4.3, 6.0, 5.9, 6.5, 6.8, 6.9, 3.5, 3.7, 4.1, 4.4
72, 1, 4.6, 4.5, 5.2, 5.6, 4.1, 6.0, 6.0, 6.5, 6.8, 6.8, 3.4, 3.7, 4.0, 4.3
72, 2, 5.3, 5.2, 5.7, 6.0, 3.7, 7.0, 7.0, 7.4, 7.5, 7.6, 3.7, 4.5, 4.7, 4.8
72, 3, 4.8, 4.7, 4.9, 4.8, 2.3, 5.9, 5.8, 6.0, 5.9, 6.0, 2.1, 2.8, 2.9, 2.9
72, 4, 6.0, 6.0, 6.0, 5.6, 1.7, 7.9, 7.9, 7.9, 7.6, 7.9, 3.5, 4.9, 4.8, 4.9
72, 5, 5.7, 5.7, 5.4, 4.8, 1.5, 7.4, 7.4, 7.2, 6.8, 7.5, 3.2, 4.3, 4.1, 4.3
72, 6, 5.7, 5.7, 5.3, 4.6, 1.5, 7.3, 7.3, 7.0, 6.5, 7.5, 3.4, 4.3, 4.1, 4.5
72, 7, 5.1, 5.1, 4.8, 4.3, 1.5, 6.2, 6.2, 6.0, 5.6, 6.3, 2.4, 3.1, 3.0, 3.2
72, 8, 5.1, 5.1, 5.0, 4.6, 1.6, 6.1, 6.1, 6.0, 5.7, 6.1, 2.1, 2.8, 2.8, 2.8
72, 9, 5.5, 5.4, 5.5, 5.3, 2.1, 6.8, 6.8, 6.9, 6.7, 6.9, 2.9, 3.8, 3.8, 3.8
72,10, 4.9, 4.9, 5.2, 5.3, 3.0, 6.3, 6.3, 6.5, 6.6, 6.6, 2.7, 3.5, 3.6, 3.7
72,11, 4.4, 4.3, 4.8, 5.1, 3.5, 5.5, 5.4, 5.8, 6.0, 6.0, 2.5, 2.8, 3.0, 3.2
72,12, 4.3, 4.2, 4.9, 5.3, 4.0, 5.6, 5.5, 6.0, 6.3, 6.5, 3.2, 3.3, 3.6, 3.9
73, 1, 4.7, 4.6, 5.3, 5.7, 4.2, 6.2, 6.1, 6.6, 6.9, 7.0, 3.6, 3.8, 4.2, 4.5
73, 2, 4.6, 4.5, 4.9, 5.1, 3.1, 5.8, 5.8, 6.0, 6.1, 6.2, 2.4, 3.0, 3.2, 3.2
73, 3, 5.3, 5.3, 5.5, 5.4, 2.6, 6.7, 6.7, 6.9, 6.8, 6.9, 2.8, 3.7, 3.8, 3.8
73, 4, 5.8, 5.8, 5.7, 5.3, 1.7, 7.7, 7.7, 7.6, 7.3, 7.7, 3.2, 4.5, 4.4, 4.5
73, 5, 5.9, 5.9, 5.6, 5.0, 1.5, 7.6, 7.6, 7.4, 6.9, 7.7, 3.4, 4.5, 4.3, 4.6
73, 6, 5.8, 5.9, 5.4, 4.7, 1.5, 7.5, 7.5, 7.2, 6.7, 7.7, 3.5, 4.5, 4.2, 4.6
73, 7, 5.3, 5.4, 5.0, 4.5, 1.5, 6.5, 6.5, 6.3, 5.9, 6.6, 2.5, 3.2, 3.0, 3.3
73, 8, 4.8, 4.8, 4.7, 4.3, 1.5, 5.7, 5.7, 5.6, 5.3, 5.8, 1.9, 2.5, 2.4, 2.5
73, 9, 5.2, 5.2, 5.3, 5.1, 2.1, 6.5, 6.4, 6.5, 6.4, 6.5, 2.5, 3.3, 3.4, 3.4
73,10, 4.6, 4.5, 4.8, 4.9, 2.7, 5.6, 5.6, 5.8, 5.8, 5.8, 2.2, 2.8, 2.9, 2.9
73,11, 4.6, 4.6, 5.2, 5.5, 3.8, 6.1, 6.0, 6.5, 6.7, 6.8, 3.1, 3.5, 3.7, 3.9
73,12, 4.2, 4.1, 4.8, 5.2, 3.9, 5.4, 5.4, 5.8, 6.1, 6.2, 2.9, 3.0, 3.3, 3.6
74, 1, 4.5, 4.4, 5.0, 5.4, 3.9, 5.8, 5.8, 6.3, 6.5, 6.6, 3.2, 3.5, 3.8, 4.0
74, 2, 4.9, 4.8, 5.3, 5.4, 3.4, 6.2, 6.2, 6.5, 6.6, 6.7, 2.8, 3.5, 3.7, 3.7
74, 3, 4.7, 4.6, 4.8, 4.7, 2.3, 5.5, 5.5, 5.6, 5.5, 5.6, 1.9, 2.4, 2.5, 2.5
74, 4, 5.4, 5.4, 5.4, 5.0, 1.7, 6.8, 6.8, 6.8, 6.5, 6.8, 2.6, 3.6, 3.5, 3.6
74, 5, 5.2, 5.2, 4.9, 4.4, 1.5, 6.3, 6.3, 6.2, 5.8, 6.4, 2.4, 3.1, 3.0, 3.1
74, 6, 5.5, 5.5, 5.1, 4.4, 1.5, 6.9, 6.9, 6.6, 6.2, 7.1, 3.0, 3.8, 3.7, 4.0
74, 7, 5.1, 5.2, 4.8, 4.3, 1.5, 6.4, 6.4, 6.2, 5.8, 6.5, 2.4, 3.2, 3.0, 3.3
74, 8, 4.8, 4.8, 4.7, 4.3, 1.6, 5.8, 5.8, 5.7, 5.4, 5.8, 1.8, 2.5, 2.5, 2.5
74, 9, 5.4, 5.3, 5.4, 5.3, 2.1, 6.9, 6.9, 6.9, 6.8, 6.9, 2.7, 3.8, 3.8, 3.8
74,10, 4.8, 4.8, 5.1, 5.2, 2.9, 6.1, 6.0, 6.3, 6.3, 6.3, 2.4, 3.1, 3.2, 3.3
74,11, 4.3, 4.3, 4.7, 5.0, 3.4, 5.4, 5.4, 5.8, 5.9, 6.0, 2.5, 2.8, 3.0, 3.2
74,12, 4.1, 4.0, 4.6, 4.9, 3.7, 5.2, 5.2, 5.6, 5.9, 5.9, 2.7, 2.8, 3.0, 3.3
75, 1, 4.3, 4.2, 4.8, 5.2, 3.7, 5.6, 5.5, 5.9, 6.2, 6.3, 2.8, 3.1, 3.3, 3.6
75, 2, 5.4, 5.3, 5.9, 6.2, 3.9, 7.2, 7.2, 7.6, 7.8, 7.8, 3.8, 4.6, 4.9, 5.0
75, 3, 5.8, 5.8, 6.0, 6.0, 2.8, 7.7, 7.7, 7.8, 7.8, 7.8, 3.5, 4.8, 4.8, 4.9
75, 4, 5.8, 5.8, 5.7, 5.4, 1.7, 7.4, 7.4, 7.4, 7.1, 7.5, 3.1, 4.3, 4.2, 4.3
75, 5, 6.0, 6.0, 5.7, 5.1, 1.5, 7.8, 7.8, 7.5, 7.1, 7.9, 3.5, 4.6, 4.4, 4.7
75, 6, 5.6, 5.7, 5.3, 4.6, 1.5, 7.2, 7.2, 6.9, 6.4, 7.3, 3.2, 4.1, 3.8, 4.2
75, 7, 5.2, 5.2, 4.9, 4.3, 1.5, 6.3, 6.3, 6.1, 5.7, 6.4, 2.4, 3.1, 3.0, 3.2
75, 8, 4.8, 4.8, 4.7, 4.3, 1.5, 5.6, 5.6, 5.5, 5.2, 5.6, 1.8, 2.4, 2.3, 2.4
75, 9, 5.5, 5.4, 5.5, 5.3, 2.1, 6.9, 6.9, 6.9, 6.8, 7.0, 2.8, 3.8, 3.8, 3.8
75,10, 4.9, 4.9, 5.2, 5.3, 3.0, 6.2, 6.2, 6.4, 6.4, 6.5, 2.6, 3.3, 3.5, 3.5
75,11, 4.1, 4.1, 4.5, 4.8, 3.2, 5.2, 5.1, 5.5, 5.6, 5.7, 2.2, 2.5, 2.7, 2.9
75,12, 4.4, 4.3, 5.0, 5.5, 4.2, 5.8, 5.7, 6.3, 6.6, 6.7, 3.3, 3.5, 3.8, 4.1
76, 1, 4.2, 4.1, 4.7, 5.0, 3.7, 5.3, 5.3, 5.7, 6.0, 6.0, 2.8, 3.0, 3.2, 3.5
76, 2, 4.3, 4.3, 4.6, 4.7, 2.8, 5.3, 5.3, 5.5, 5.6, 5.6, 2.1, 2.6, 2.8, 2.8
76, 3, 5.2, 5.1, 5.4, 5.3, 2.6, 6.7, 6.7, 6.8, 6.8, 6.8, 2.7, 3.7, 3.7, 3.8
76, 4, 5.5, 5.4, 5.4, 5.0, 1.7, 6.9, 6.9, 6.8, 6.6, 6.9, 2.5, 3.5, 3.5, 3.5
76, 5, 5.2, 5.2, 4.9, 4.4, 1.5, 6.4, 6.4, 6.2, 5.9, 6.5, 2.4, 3.2, 3.1, 3.2
76, 6, 5.2, 5.2, 4.9, 4.3, 1.5, 6.4, 6.4, 6.2, 5.8, 6.6, 2.5, 3.1, 3.0, 3.2
76, 7, 5.4, 5.4, 5.1, 4.5, 1.5, 6.7, 6.7, 6.5, 6.1, 6.8, 2.8, 3.5, 3.4, 3.6
76, 8, 5.3, 5.3, 5.1, 4.8, 1.6, 6.5, 6.5, 6.4, 6.1, 6.5, 2.4, 3.3, 3.2, 3.3
76, 9, 4.9, 4.9, 4.9, 4.8, 2.0, 5.9, 5.9, 6.0, 5.8, 6.0, 2.1, 2.8, 2.8, 2.8
76,10, 5.3, 5.2, 5.6, 5.7, 3.2, 6.9, 6.9, 7.2, 7.2, 7.2, 3.3, 4.1, 4.3, 4.4
76,11, 4.7, 4.6, 5.2, 5.5, 3.8, 6.0, 6.0, 6.4, 6.7, 6.7, 3.1, 3.5, 3.7, 3.9
76,12, 4.3, 4.2, 4.9, 5.3, 4.0, 5.5, 5.5, 5.9, 6.3, 6.3, 3.1, 3.1, 3.4, 3.7
77, 1, 4.6, 4.5, 5.2, 5.7, 4.1, 6.1, 6.0, 6.5, 6.8, 6.9, 3.4, 3.6, 4.0, 4.3
77, 2, 4.9, 4.8, 5.3, 5.5, 3.4, 6.3, 6.3, 6.6, 6.7, 6.7, 2.9, 3.5, 3.7, 3.8
77, 3, 5.4, 5.3, 5.6, 5.5, 2.6, 6.9, 6.8, 7.0, 6.9, 7.0, 2.7, 3.7, 3.8, 3.8
77, 4, 5.9, 5.9, 5.8, 5.4, 1.7, 7.5, 7.5, 7.5, 7.2, 7.6, 3.2, 4.3, 4.3, 4.3
77, 5, 5.8, 5.8, 5.5, 4.9, 1.5, 7.5, 7.5, 7.2, 6.8, 7.6, 3.3, 4.3, 4.2, 4.4
77, 6, 5.6, 5.6, 5.2, 4.6, 1.5, 7.1, 7.1, 6.8, 6.3, 7.3, 3.1, 4.0, 3.8, 4.1
77, 7, 5.4, 5.4, 5.1, 4.5, 1.5, 6.7, 6.7, 6.4, 6.0, 6.8, 2.6, 3.4, 3.2, 3.5
77, 8, 5.6, 5.6, 5.4, 4.9, 1.5, 7.0, 7.0, 6.9, 6.6, 7.1, 2.8, 3.9, 3.8, 3.9
77, 9, 4.6, 4.6, 4.7, 4.5, 2.0, 5.5, 5.5, 5.6, 5.4, 5.6, 1.8, 2.5, 2.5, 2.5
77,10, 4.6, 4.6, 4.9, 4.9, 2.8, 5.8, 5.7, 5.9, 6.0, 6.0, 2.3, 3.0, 3.1, 3.1
77,11, 4.4, 4.3, 4.8, 5.1, 3.6, 5.6, 5.6, 6.0, 6.2, 6.2, 2.8, 3.1, 3.4, 3.6
77,12, 4.4, 4.3, 5.0, 5.4, 4.1, 5.8, 5.7, 6.2, 6.6, 6.7, 3.5, 3.6, 3.9, 4.3
78, 1, 4.6, 4.5, 5.2, 5.6, 4.1, 6.0, 5.9, 6.4, 6.7, 6.8, 3.4, 3.7, 4.0, 4.3
78, 2, 4.6, 4.5, 4.9, 5.1, 3.1, 5.7, 5.7, 5.9, 6.0, 6.1, 2.4, 2.9, 3.1, 3.2
78, 3, 5.8, 5.7, 6.0, 6.0, 2.7, 7.8, 7.8, 8.0, 7.9, 8.0, 3.7, 5.0, 5.2, 5.2
78, 4, 5.6, 5.6, 5.5, 5.1, 1.7, 7.1, 7.1, 7.1, 6.8, 7.1, 2.8, 3.9, 3.8, 3.9
78, 5, 5.5, 5.5, 5.2, 4.7, 1.5, 7.0, 7.0, 6.8, 6.4, 7.1, 2.8, 3.8, 3.6, 3.8
78, 6, 5.2, 5.2, 4.8, 4.3, 1.5, 6.4, 6.4, 6.1, 5.7, 6.5, 2.4, 3.1, 2.9, 3.2
78, 7, 4.8, 4.9, 4.6, 4.1, 1.5, 5.8, 5.8, 5.6, 5.2, 5.9, 2.2, 2.8, 2.7, 2.9
78, 8, 4.4, 4.4, 4.3, 4.0, 1.6, 5.1, 5.1, 5.0, 4.7, 5.1, 1.4, 1.8, 1.8, 1.8
78, 9, 4.8, 4.8, 4.9, 4.7, 2.0, 5.9, 5.9, 5.9, 5.8, 6.0, 2.0, 2.8, 2.8, 2.8
78,10, 4.6, 4.5, 4.8, 4.9, 2.8, 5.7, 5.7, 5.9, 5.9, 5.9, 2.2, 2.8, 3.0, 3.0
78,11, 3.7, 3.7, 4.0, 4.2, 2.8, 4.4, 4.4, 4.7, 4.8, 4.8, 1.8, 2.0, 2.1, 2.2
78,12, 4.6, 4.5, 5.3, 5.7, 4.3, 6.0, 5.9, 6.4, 6.8, 6.9, 3.3, 3.4, 3.8, 4.1
79, 1, 4.7, 4.7, 5.3, 5.7, 4.1, 6.1, 6.0, 6.5, 6.8, 6.8, 3.4, 3.6, 3.9, 4.2
79, 2, 5.6, 5.5, 6.1, 6.4, 4.0, 7.4, 7.4, 7.8, 8.0, 8.0, 4.1, 4.9, 5.2, 5.3
79, 3, 5.5, 5.4, 5.6, 5.5, 2.5, 6.8, 6.8, 7.0, 6.9, 7.0, 2.8, 3.8, 3.8, 3.8
79, 4, 6.3, 6.2, 6.2, 5.8, 1.8, 7.9, 7.8, 7.8, 7.5, 7.9, 3.5, 4.6, 4.5, 4.6
79, 5, 6.1, 6.1, 5.8, 5.1, 1.5, 7.7, 7.7, 7.4, 7.0, 7.7, 3.6, 4.6, 4.4, 4.7
79, 6, 5.8, 5.8, 5.4, 4.8, 1.5, 7.2, 7.2, 6.9, 6.4, 7.3, 3.1, 3.9, 3.7, 4.0
79, 7, 5.2, 5.2, 4.9, 4.3, 1.4, 6.4, 6.4, 6.2, 5.8, 6.5, 2.7, 3.5, 3.3, 3.6
79, 8, 4.9, 4.9, 4.8, 4.4, 1.4, 6.2, 6.2, 6.1, 5.8, 6.2, 2.5, 3.4, 3.4, 3.4
79, 9, 4.8, 4.8, 4.8, 4.6, 1.8, 6.0, 6.0, 6.0, 5.9, 6.1, 2.4, 3.3, 3.4, 3.4
79,10, 4.1, 4.0, 4.3, 4.3, 2.5, 4.8, 4.8, 5.0, 5.0, 5.1, 1.8, 2.3, 2.4, 2.4
79,11, 4.4, 4.3, 4.9, 5.2, 3.6, 5.6, 5.6, 6.0, 6.2, 6.3, 2.9, 3.3, 3.5, 3.7
79,12, 4.3, 4.2, 4.9, 5.3, 4.0, 5.5, 5.4, 5.9, 6.2, 6.3, 3.2, 3.3, 3.6, 3.9
80, 1, 4.8, 4.7, 5.4, 5.9, 4.3, 6.3, 6.2, 6.8, 7.1, 7.2, 3.8, 4.1, 4.5, 4.8
80, 2, 4.1, 4.0, 4.3, 4.5, 2.8, 4.9, 4.9, 5.1, 5.2, 5.2, 1.9, 2.3, 2.4, 2.5
80, 3, 5.2, 5.1, 5.3, 5.3, 2.5, 6.4, 6.4, 6.6, 6.5, 6.6, 2.7, 3.6, 3.6, 3.7
80, 4, 5.5, 5.4, 5.4, 5.0, 1.7, 7.0, 7.0, 6.9, 6.7, 7.0, 2.7, 3.8, 3.8, 3.8
80, 5, 5.0, 5.0, 4.7, 4.3, 1.4, 6.1, 6.1, 5.9, 5.6, 6.2, 2.3, 3.1, 3.0, 3.1
80, 6, 5.3, 5.4, 5.0, 4.4, 1.5, 6.6, 6.6, 6.3, 5.9, 6.7, 2.8, 3.5, 3.3, 3.6
80, 7, 4.8, 4.9, 4.6, 4.1, 1.5, 5.7, 5.7, 5.5, 5.2, 5.8, 1.9, 2.5, 2.3, 2.5
80, 8, 4.9, 4.9, 4.7, 4.4, 1.6, 5.8, 5.8, 5.7, 5.5, 5.9, 1.9, 2.6, 2.5, 2.6
80, 9, 4.2, 4.1, 4.1, 4.0, 1.8, 4.7, 4.7, 4.7, 4.5, 4.7, 1.2, 1.6, 1.6, 1.6
80,10, 4.4, 4.4, 4.7, 4.7, 2.7, 5.5, 5.5, 5.7, 5.7, 5.7, 2.0, 2.6, 2.7, 2.8
80,11, 4.3, 4.2, 4.7, 4.9, 3.3, 5.3, 5.2, 5.6, 5.8, 5.8, 2.3, 2.6, 2.8, 3.0
80,12, 3.9, 3.8, 4.3, 4.6, 3.3, 4.6, 4.6, 5.0, 5.2, 5.2, 2.1, 2.1, 2.3, 2.5
81, 1, 4.1, 4.0, 4.5, 4.8, 3.4, 5.0, 4.9, 5.3, 5.5, 5.6, 2.3, 2.5, 2.7, 2.9
81, 2, 4.6, 4.6, 4.9, 5.1, 3.1, 5.7, 5.7, 6.0, 6.1, 6.1, 2.5, 3.0, 3.2, 3.3
81, 3, 5.8, 5.7, 6.0, 5.9, 2.7, 7.5, 7.4, 7.6, 7.6, 7.6, 3.5, 4.6, 4.7, 4.7
81, 4, 5.8, 5.8, 5.7, 5.3, 1.6, 7.5, 7.5, 7.5, 7.2, 7.6, 3.3, 4.6, 4.5, 4.6
81, 5, 5.8, 5.8, 5.5, 4.9, 1.4, 7.6, 7.6, 7.3, 6.9, 7.7, 3.5, 4.6, 4.4, 4.7
81, 6, 5.4, 5.5, 5.1, 4.4, 1.4, 6.9, 7.0, 6.7, 6.2, 7.1, 3.2, 4.1, 3.9, 4.2
81, 7, 4.8, 4.8, 4.5, 4.0, 1.5, 5.7, 5.8, 5.6, 5.2, 5.8, 2.0, 2.5, 2.4, 2.6
81, 8, 4.0, 4.0, 3.9, 3.6, 1.4, 4.7, 4.7, 4.6, 4.3, 4.7, 1.4, 1.9, 1.9, 1.9
81, 9, 4.8, 4.8, 4.9, 4.7, 1.9, 6.0, 6.0, 6.1, 5.9, 6.1, 2.2, 3.1, 3.1, 3.1
81,10, 4.6, 4.6, 4.9, 4.9, 2.7, 5.8, 5.8, 6.1, 6.1, 6.1, 2.7, 3.4, 3.6, 3.6
81,11, 4.3, 4.2, 4.7, 5.0, 3.4, 5.5, 5.4, 5.8, 6.0, 6.1, 2.7, 3.1, 3.3, 3.5
81,12, 3.7, 3.6, 4.1, 4.3, 3.1, 4.4, 4.4, 4.7, 4.9, 4.9, 2.0, 2.0, 2.2, 2.4
82, 1, 4.4, 4.3, 4.8, 5.0, 3.5, 5.2, 5.1, 5.5, 5.7, 5.8, 2.3, 2.3, 2.6, 2.8
82, 2, 4.4, 4.3, 4.7, 4.8, 2.9, 5.3, 5.3, 5.6, 5.7, 5.7, 2.2, 2.7, 2.8, 2.9
82, 3, 5.4, 5.3, 5.6, 5.5, 2.6, 6.8, 6.8, 7.0, 6.9, 7.0, 2.9, 3.9, 4.0, 4.0
82, 4, 5.7, 5.7, 5.6, 5.2, 1.7, 7.3, 7.3, 7.2, 6.9, 7.3, 2.9, 4.0, 4.0, 4.0
82, 5, 5.3, 5.4, 5.1, 4.6, 1.6, 6.4, 6.4, 6.2, 5.8, 6.4, 2.4, 3.0, 2.9, 3.1
82, 6, 5.0, 5.1, 4.8, 4.2, 1.5, 5.8, 5.9, 5.6, 5.2, 6.0, 2.2, 2.6, 2.5, 2.7
82, 7, 4.5, 4.6, 4.3, 3.8, 1.4, 5.3, 5.3, 5.1, 4.8, 5.4, 1.8, 2.3, 2.2, 2.4
82, 8, 4.8, 4.8, 4.7, 4.3, 1.7, 5.3, 5.3, 5.2, 5.0, 5.3, 1.3, 1.6, 1.6, 1.6
82, 9, 4.4, 4.4, 4.4, 4.3, 2.0, 5.0, 4.9, 5.0, 4.9, 5.0, 1.4, 1.8, 1.9, 1.9
82,10, 4.2, 4.2, 4.4, 4.4, 2.5, 4.9, 4.9, 5.0, 5.1, 5.1, 1.7, 2.0, 2.1, 2.2
82,11, 3.9, 3.9, 4.3, 4.4, 3.0, 4.7, 4.7, 5.0, 5.1, 5.2, 1.9, 2.1, 2.3, 2.4
82,12, 3.7, 3.7, 4.1, 4.4, 3.2, 4.5, 4.5, 4.8, 5.0, 5.1, 2.0, 2.0, 2.3, 2.5
83, 1, 4.7, 4.6, 5.2, 5.6, 4.0, 5.8, 5.8, 6.3, 6.6, 6.7, 3.5, 3.6, 3.9, 4.2
83, 2, 4.8, 4.8, 5.2, 5.4, 3.3, 6.0, 5.9, 6.3, 6.4, 6.4, 2.8, 3.3, 3.5, 3.5
83, 3, 5.4, 5.4, 5.6, 5.5, 2.5, 6.7, 6.7, 6.8, 6.7, 6.8, 2.9, 3.8, 3.9, 3.9
83, 4, 5.7, 5.7, 5.7, 5.3, 1.6, 7.2, 7.2, 7.2, 6.9, 7.2, 3.2, 4.3, 4.2, 4.3
83, 5, 5.9, 5.9, 5.6, 5.0, 1.4, 7.2, 7.2, 7.0, 6.5, 7.3, 3.3, 4.2, 4.0, 4.2
83, 6, 5.9, 5.9, 5.5, 4.8, 1.5, 7.4, 7.4, 7.1, 6.6, 7.6, 3.5, 4.3, 4.1, 4.5
83, 7, 5.3, 5.4, 5.1, 4.5, 1.5, 6.5, 6.5, 6.3, 5.8, 6.6, 2.7, 3.4, 3.2, 3.5
83, 8, 4.2, 4.2, 4.1, 3.8, 1.4, 4.9, 4.9, 4.9, 4.6, 5.0, 1.7, 2.2, 2.2, 2.3
83, 9, 4.9, 4.8, 4.9, 4.8, 1.9, 6.1, 6.1, 6.2, 6.0, 6.2, 2.4, 3.3, 3.3, 3.3
83,10, 4.4, 4.3, 4.6, 4.7, 2.6, 5.2, 5.2, 5.4, 5.5, 5.5, 2.4, 2.9, 3.0, 3.0
83,11, 3.8, 3.7, 4.1, 4.3, 2.9, 4.6, 4.6, 4.8, 5.0, 5.0, 2.1, 2.3, 2.5, 2.6
83,12, 4.0, 4.0, 4.5, 4.9, 3.6, 5.1, 5.0, 5.4, 5.7, 5.8, 2.6, 2.7, 3.0, 3.3
84, 1, 4.3, 4.2, 4.8, 5.1, 3.7, 5.4, 5.4, 5.8, 6.1, 6.1, 2.8, 3.0, 3.3, 3.5
84, 2, 4.8, 4.7, 5.2, 5.4, 3.3, 6.0, 6.0, 6.3, 6.4, 6.4, 3.0, 3.5, 3.7, 3.8
84, 3, 5.1, 5.1, 5.3, 5.3, 2.5, 6.3, 6.2, 6.4, 6.3, 6.4, 2.7, 3.4, 3.5, 3.5
84, 4, 5.6, 5.6, 5.5, 5.2, 1.7, 7.0, 7.0, 6.9, 6.6, 7.0, 2.7, 3.6, 3.6, 3.6
84, 5, 5.6, 5.6, 5.3, 4.8, 1.5, 6.9, 6.9, 6.7, 6.3, 7.0, 2.8, 3.6, 3.5, 3.7
84, 6, 4.8, 4.9, 4.6, 4.1, 1.4, 5.7, 5.7, 5.5, 5.1, 5.8, 2.2, 2.7, 2.6, 2.8
84, 7, 5.1, 5.1, 4.8, 4.2, 1.5, 6.2, 6.2, 6.0, 5.6, 6.3, 2.5, 3.1, 3.0, 3.2
84, 8, 4.4, 4.4, 4.3, 3.9, 1.5, 5.0, 5.1, 5.0, 4.7, 5.1, 1.5, 2.1, 2.0, 2.1
84, 9, 5.1, 5.0, 5.1, 4.9, 2.0, 6.4, 6.4, 6.4, 6.2, 6.4, 2.3, 3.3, 3.3, 3.3
84,10, 4.4, 4.4, 4.7, 4.7, 2.6, 5.3, 5.3, 5.5, 5.5, 5.6, 1.9, 2.4, 2.5, 2.6
84,11, 4.1, 4.1, 4.5, 4.8, 3.2, 5.2, 5.1, 5.5, 5.6, 5.7, 2.3, 2.7, 2.8, 3.0
84,12, 4.3, 4.2, 4.9, 5.3, 4.0, 5.6, 5.6, 6.1, 6.4, 6.5, 3.3, 3.4, 3.7, 4.1
85, 1, 3.8, 3.8, 4.2, 4.4, 3.1, 4.7, 4.7, 5.0, 5.2, 5.2, 2.0, 2.2, 2.4, 2.6
85, 2, 4.7, 4.6, 5.1, 5.2, 3.3, 6.1, 6.0, 6.3, 6.4, 6.5, 2.8, 3.4, 3.6, 3.7
85, 3, 5.4, 5.4, 5.6, 5.5, 2.6, 7.0, 7.0, 7.1, 7.1, 7.2, 2.9, 4.0, 4.1, 4.1
85, 4, 5.4, 5.4, 5.3, 4.9, 1.7, 6.9, 6.9, 6.8, 6.6, 6.9, 2.7, 3.8, 3.7, 3.8
85, 5, 5.1, 5.1, 4.8, 4.3, 1.5, 6.2, 6.2, 6.1, 5.7, 6.3, 2.2, 3.0, 2.9, 3.0
85, 6, 5.4, 5.4, 5.0, 4.4, 1.5, 6.8, 6.9, 6.6, 6.1, 7.0, 2.9, 3.7, 3.5, 3.8
85, 7, 4.9, 4.9, 4.6, 4.1, 1.5, 5.8, 5.8, 5.6, 5.3, 5.9, 2.0, 2.6, 2.5, 2.7
85, 8, 4.3, 4.3, 4.2, 3.9, 1.5, 4.9, 4.9, 4.8, 4.6, 4.9, 1.3, 1.7, 1.7, 1.7
85, 9, 4.6, 4.6, 4.6, 4.4, 1.9, 5.5, 5.5, 5.5, 5.4, 5.6, 1.7, 2.4, 2.4, 2.4
85,10, 4.7, 4.7, 5.0, 5.1, 2.8, 5.9, 5.9, 6.1, 6.2, 6.2, 2.4, 3.1, 3.2, 3.3
85,11, 4.7, 4.7, 5.3, 5.7, 4.0, 6.4, 6.3, 6.8, 7.0, 7.1, 3.5, 4.0, 4.3, 4.5
85,12, 3.6, 3.6, 4.0, 4.2, 3.1, 4.5, 4.4, 4.7, 4.9, 5.0, 1.8, 1.9, 2.1, 2.3
86, 1, 4.5, 4.4, 5.1, 5.5, 4.0, 5.9, 5.9, 6.3, 6.6, 6.7, 3.3, 3.5, 3.9, 4.1
86, 2, 4.1, 4.0, 4.3, 4.4, 2.7, 4.9, 4.9, 5.1, 5.2, 5.2, 1.7, 2.1, 2.2, 2.3
86, 3, 5.0, 5.0, 5.1, 5.0, 2.3, 6.2, 6.2, 6.3, 6.2, 6.3, 2.3, 3.2, 3.2, 3.2
86, 4, 5.5, 5.5, 5.4, 5.0, 1.7, 7.1, 7.1, 7.0, 6.8, 7.1, 2.8, 4.0, 4.0, 4.0
86, 5, 5.6, 5.6, 5.3, 4.7, 1.5, 7.2, 7.2, 7.0, 6.6, 7.3, 3.1, 4.1, 4.0, 4.2
86, 6, 5.2, 5.2, 4.8, 4.3, 1.5, 6.3, 6.4, 6.1, 5.7, 6.5, 2.5, 3.2, 3.1, 3.3
86, 7, 5.1, 5.1, 4.8, 4.3, 1.5, 6.3, 6.3, 6.1, 5.7, 6.4, 2.5, 3.2, 3.1, 3.3
86, 8, 4.2, 4.2, 4.1, 3.8, 1.6, 4.8, 4.8, 4.7, 4.5, 4.8, 1.2, 1.6, 1.6, 1.6
86, 9, 5.0, 5.0, 5.0, 4.8, 2.0, 6.2, 6.2, 6.2, 6.1, 6.2, 2.2, 3.1, 3.1, 3.1
86,10, 4.6, 4.5, 4.8, 4.9, 2.8, 5.8, 5.8, 6.0, 6.0, 6.1, 2.3, 3.0, 3.1, 3.1
86,11, 4.5, 4.4, 5.0, 5.3, 3.7, 5.9, 5.8, 6.2, 6.4, 6.5, 3.0, 3.4, 3.6, 3.8
86,12, 3.9, 3.8, 4.3, 4.6, 3.4, 4.8, 4.7, 5.1, 5.3, 5.4, 2.3, 2.4, 2.7, 2.9
87, 1, 4.5, 4.4, 5.0, 5.4, 3.9, 5.9, 5.8, 6.3, 6.6, 6.7, 3.2, 3.5, 3.8, 4.1
87, 2, 4.8, 4.8, 5.2, 5.4, 3.3, 6.4, 6.3, 6.6, 6.8, 6.8, 2.9, 3.7, 3.9, 4.0
87, 3, 5.8, 5.7, 6.0, 5.9, 2.8, 7.8, 7.8, 7.9, 7.9, 8.0, 3.5, 4.9, 5.0, 5.0
87, 4, 5.9, 5.9, 5.8, 5.4, 1.6, 7.9, 7.9, 7.9, 7.6, 8.0, 3.5, 5.0, 4.9, 5.0
87, 5, 6.2, 6.2, 5.9, 5.2, 1.4, 8.4, 8.4, 8.1, 7.6, 8.5, 4.1, 5.5, 5.3, 5.6
87, 6, 5.6, 5.6, 5.2, 4.5, 1.5, 7.1, 7.1, 6.8, 6.3, 7.2, 3.1, 4.0, 3.8, 4.1
87, 7, 4.9, 4.9, 4.7, 4.2, 1.5, 6.0, 6.0, 5.8, 5.4, 6.1, 2.2, 2.9, 2.8, 3.0
87, 8, 5.0, 5.0, 4.8, 4.4, 1.6, 6.1, 6.1, 6.0, 5.7, 6.2, 2.0, 2.8, 2.7, 2.8
87, 9, 4.8, 4.7, 4.8, 4.6, 2.0, 5.7, 5.7, 5.7, 5.6, 5.8, 2.0, 2.7, 2.8, 2.8
87,10, 4.4, 4.4, 4.7, 4.7, 2.6, 5.4, 5.4, 5.6, 5.6, 5.6, 2.1, 2.6, 2.7, 2.8
87,11, 3.9, 3.8, 4.2, 4.4, 3.0, 4.8, 4.8, 5.1, 5.2, 5.2, 1.9, 2.2, 2.4, 2.5
87,12, 4.2, 4.2, 4.8, 5.2, 3.9, 5.5, 5.4, 5.9, 6.2, 6.3, 3.1, 3.2, 3.5, 3.8
88, 1, 4.5, 4.5, 5.1, 5.5, 3.9, 5.6, 5.6, 6.1, 6.4, 6.4, 3.4, 3.5, 3.8, 4.1
88, 2, 4.7, 4.7, 5.1, 5.3, 3.2, 5.9, 5.8, 6.2, 6.3, 6.3, 2.8, 3.2, 3.4, 3.5
88, 3, 5.5, 5.5, 5.7, 5.6, 2.6, 6.8, 6.8, 6.9, 6.9, 6.9, 2.9, 3.7, 3.8, 3.8
88, 4, 5.9, 5.9, 5.9, 5.5, 1.7, 7.5, 7.5, 7.4, 7.1, 7.5, 3.4, 4.5, 4.5, 4.5
88, 5, 5.6, 5.6, 5.3, 4.7, 1.3, 7.0, 7.0, 6.8, 6.3, 7.1, 3.4, 4.3, 4.1, 4.3
88, 6, 5.1, 5.1, 4.8, 4.2, 1.3, 6.2, 6.3, 6.0, 5.5, 6.4, 2.9, 3.6, 3.4, 3.7
88, 7, 4.7, 4.7, 4.4, 3.9, 1.4, 5.5, 5.5, 5.3, 5.0, 5.6, 2.0, 2.5, 2.4, 2.5
88, 8, 5.7, 5.6, 5.5, 5.0, 1.4, 7.1, 7.1, 7.0, 6.6, 7.1, 3.3, 4.4, 4.3, 4.4
88, 9, 4.7, 4.7, 4.7, 4.6, 1.9, 5.7, 5.6, 5.7, 5.6, 5.7, 2.2, 2.9, 3.0, 3.0
88,10, 3.6, 3.6, 3.8, 3.9, 2.2, 4.3, 4.3, 4.4, 4.4, 4.5, 1.6, 1.9, 2.0, 2.0
88,11, 4.6, 4.5, 5.1, 5.4, 3.7, 5.8, 5.7, 6.2, 6.4, 6.5, 3.2, 3.4, 3.7, 3.9
88,12, 4.5, 4.4, 5.1, 5.5, 4.1, 5.6, 5.6, 6.1, 6.4, 6.5, 3.4, 3.4, 3.8, 4.1
89, 1, 4.6, 4.4, 5.1, 5.5, 4.1, 6.2, 6.1, 6.6, 6.9, 7.0, 3.5, 3.9, 4.2, 4.6
89, 2, 5.0, 4.8, 5.3, 5.5, 3.4, 6.4, 6.4, 6.8, 6.9, 6.9, 3.3, 4.1, 4.3, 4.4
89, 3, 5.9, 5.8, 6.0, 5.9, 2.7, 8.0, 7.9, 8.1, 8.1, 8.1, 3.8, 5.3, 5.5, 5.5
89, 4, 5.3, 5.3, 5.2, 4.9, 1.6, 6.8, 6.8, 6.8, 6.5, 6.9, 2.6, 3.7, 3.6, 3.7
89, 5, 5.8, 5.7, 5.4, 4.8, 1.4, 7.5, 7.5, 7.3, 6.9, 7.6, 3.4, 4.5, 4.3, 4.6
89, 6, 5.3, 5.3, 5.0, 4.3, 1.4, 6.5, 6.5, 6.3, 5.8, 6.7, 3.0, 3.7, 3.5, 3.8
89, 7, 4.6, 4.6, 4.3, 3.8, 1.5, 5.3, 5.3, 5.2, 4.9, 5.4, 1.6, 2.0, 1.9, 2.1
89, 8, 4.6, 4.6, 4.5, 4.1, 1.6, 5.6, 5.6, 5.5, 5.3, 5.6, 1.6, 2.1, 2.1, 2.2
89, 9, 5.0, 4.9, 5.0, 4.8, 2.0, 6.3, 6.3, 6.4, 6.2, 6.4, 2.3, 3.3, 3.3, 3.3
89,10, 4.6, 4.5, 4.8, 4.8, 2.7, 5.8, 5.8, 6.0, 6.0, 6.1, 2.3, 3.0, 3.1, 3.2
89,11, 4.4, 4.3, 4.8, 5.1, 3.5, 5.7, 5.7, 6.1, 6.2, 6.3, 2.9, 3.3, 3.6, 3.7
89,12, 4.1, 3.9, 4.5, 4.9, 3.7, 5.3, 5.2, 5.6, 5.9, 6.0, 2.8, 3.0, 3.2, 3.5
90, 1, 4.4, 4.3, 4.8, 5.1, 3.6, 5.3, 5.3, 5.7, 5.9, 5.9, 2.4, 2.5, 2.8, 3.0
90, 2, 5.5, 5.4, 5.9, 6.1, 3.7, 6.8, 6.7, 7.1, 7.3, 7.3, 3.5, 4.0, 4.3, 4.4
90, 3, 6.1, 6.1, 6.3, 6.2, 2.9, 7.2, 7.2, 7.3, 7.2, 7.3, 2.6, 3.2, 3.3, 3.3
90, 4, 6.3, 6.3, 6.3, 5.9, 1.9, 7.7, 7.7, 7.6, 7.3, 7.7, 3.1, 4.0, 4.0, 4.0
90, 5, 6.0, 6.0, 5.7, 5.1, 1.6, 7.1, 7.1, 6.8, 6.4, 7.1, 2.7, 3.4, 3.3, 3.5
90, 6, 5.2, 5.1, 4.8, 4.3, 1.5, 6.1, 6.1, 5.8, 5.4, 6.2, 2.1, 2.7, 2.5, 2.8
90, 7, 4.9, 4.8, 4.5, 4.0, 1.5, 5.9, 5.9, 5.7, 5.4, 6.0, 1.9, 2.5, 2.4, 2.6
90, 8, 3.9, 3.8, 3.7, 3.4, 1.4, 4.3, 4.3, 4.2, 4.0, 4.3, 1.0, 1.4, 1.3, 1.4
90, 9, 4.3, 4.3, 4.4, 4.2, 1.9, 5.0, 5.0, 5.0, 4.9, 5.0, 1.5, 2.0, 2.0, 2.0
90,10, 5.0, 4.9, 5.2, 5.3, 2.9, 5.9, 5.8, 6.1, 6.1, 6.1, 2.2, 2.6, 2.8, 2.8
90,11, 4.0, 3.9, 4.3, 4.4, 3.0, 4.8, 4.8, 5.1, 5.2, 5.3, 1.9, 2.2, 2.3, 2.5
90,12, 4.0, 3.8, 4.3, 4.6, 3.4, 4.9, 4.9, 5.2, 5.4, 5.5, 2.2, 2.4, 2.6, 2.8
