"City:    ","CEDAR CITY            "
"State:   ","UT"
"WBAN No: ", 93129
"Lat(N):  ", 37.70
"Long(W): ",113.10
"Elev(m): ",  1712
"Pres(mb):",   829
"Stn Type:","Secondary"
"MONTHLY SOLAR RADIATION (kWh/m2/day)"
"COLUMN A: Year"
"COLUMN B: Month"
"COLUMN C: Flat-Plate Collector Facing South at Fixed Tilt=0"
"COLUMN D: Flat-Plate Collector Facing South at Fixed Tilt=Lat-15"
"COLUMN E: Flat-Plate Collector Facing South at Fixed Tilt=Lat"
"COLUMN F: Flat-Plate Collector Facing South at Fixed Tilt=Lat+15"
"COLUMN G: Flat-Plate Collector Facing South at Fixed Tilt=90"
"COLUMN H: 1-Axis Tracking Flat-Plate Collector with North-South Axis, Axis Tilt=0"
"COLUMN I: 1-Axis Tracking Flat-Plate Collector with North-South Axis, Axis Tilt=Lat-15"
"COLUMN J: 1-Axis Tracking Flat-Plate Collector with North-South Axis, Axis Tilt=Lat"
"COLUMN K: 1-Axis Tracking Flat-Plate Collector with North-South Axis, Axis Tilt=Lat+15"
"COLUMN L: 2-Axis Tracking Flat-Plate Collector"
"COLUMN M: 1-Axis Tracking Concentrating Collector with East-West Horizontal Axis"
"COLUMN N: 1-Axis Tracking Concentrating Collector with North-South Horizontal Axis"
"COLUMN O: 1-Axis Tracking Concentrating Collector with North-South Axis, Axis Tilt=Lat"
"COLUMN P: 2-Axis Tracking Concentrating Collector"
"COL A","COL B","COL C","COL D","COL E","COL F","COL G","COL H","COL I","COL J","COL K","COL L","COL M","COL N","COL O","COL P"
61, 1, 2.9, 4.6, 5.4, 5.9, 5.6, 4.8, 6.1, 6.7, 7.1, 7.2, 5.0, 3.9, 5.6, 6.0
61, 2, 3.1, 4.1, 4.5, 4.6, 3.8, 4.6, 5.3, 5.6, 5.7, 5.7, 3.0, 3.0, 3.9, 4.0
61, 3, 4.2, 4.9, 5.1, 5.0, 3.9, 5.9, 6.5, 6.6, 6.6, 6.6, 3.0, 3.7, 4.3, 4.3
61, 4, 6.2, 6.8, 6.7, 6.2, 3.7, 8.8, 9.3, 9.2, 8.9, 9.3, 5.0, 6.6, 6.9, 7.0
61, 5, 7.0, 7.0, 6.5, 5.7, 2.8, 9.9,10.0, 9.7, 9.1,10.1, 5.5, 7.5, 7.3, 7.7
61, 6, 7.9, 7.7, 7.0, 6.0, 2.6,11.1,11.1,10.6,10.0,11.4, 6.5, 8.7, 8.2, 8.9
61, 7, 6.9, 6.8, 6.3, 5.4, 2.6, 9.4, 9.4, 9.1, 8.6, 9.6, 4.9, 6.7, 6.3, 6.8
61, 8, 5.5, 5.7, 5.5, 5.0, 2.8, 7.3, 7.6, 7.4, 7.1, 7.6, 3.6, 4.8, 4.9, 5.0
61, 9, 5.5, 6.4, 6.5, 6.3, 4.2, 8.3, 9.0, 9.1, 8.9, 9.1, 5.0, 6.5, 7.2, 7.2
61,10, 4.3, 5.7, 6.2, 6.3, 5.0, 6.7, 7.7, 8.1, 8.1, 8.2, 5.0, 5.4, 6.6, 6.6
61,11, 3.0, 4.3, 5.0, 5.3, 4.7, 4.7, 5.7, 6.2, 6.4, 6.5, 4.2, 3.6, 4.9, 5.2
61,12, 2.4, 3.7, 4.4, 4.8, 4.6, 3.8, 4.8, 5.3, 5.6, 5.7, 3.8, 2.9, 4.2, 4.6
62, 1, 2.9, 4.5, 5.2, 5.7, 5.5, 4.7, 5.8, 6.4, 6.8, 6.9, 4.5, 3.6, 5.1, 5.4
62, 2, 3.0, 3.9, 4.3, 4.4, 3.8, 4.3, 5.0, 5.2, 5.3, 5.3, 2.8, 2.7, 3.5, 3.6
62, 3, 4.6, 5.5, 5.7, 5.6, 4.2, 6.5, 7.2, 7.4, 7.3, 7.4, 3.8, 4.5, 5.2, 5.2
62, 4, 6.0, 6.5, 6.4, 5.9, 3.5, 8.5, 8.9, 8.9, 8.5, 8.9, 4.6, 6.2, 6.5, 6.6
62, 5, 6.3, 6.3, 5.9, 5.3, 2.7, 8.4, 8.5, 8.3, 7.8, 8.6, 4.2, 5.6, 5.5, 5.8
62, 6, 7.8, 7.6, 6.9, 5.9, 2.5,10.9,10.9,10.4, 9.8,11.2, 6.5, 8.7, 8.2, 8.9
62, 7, 7.6, 7.4, 6.8, 5.9, 2.7,10.7,10.7,10.3, 9.7,10.9, 5.9, 8.2, 7.8, 8.3
62, 8, 7.1, 7.5, 7.2, 6.5, 3.5,10.4,10.8,10.6,10.1,10.8, 6.1, 8.4, 8.4, 8.7
62, 9, 6.0, 6.9, 7.1, 6.8, 4.5, 9.1, 9.9,10.0, 9.8,10.0, 5.7, 7.4, 8.1, 8.2
62,10, 4.4, 5.8, 6.4, 6.5, 5.2, 6.8, 7.9, 8.3, 8.4, 8.4, 5.4, 5.6, 6.9, 7.0
62,11, 3.0, 4.3, 5.0, 5.3, 4.7, 4.7, 5.7, 6.1, 6.4, 6.4, 4.1, 3.5, 4.8, 5.0
62,12, 2.7, 4.5, 5.4, 6.0, 5.8, 4.7, 6.0, 6.7, 7.1, 7.3, 5.2, 3.9, 5.7, 6.2
63, 1, 2.9, 4.5, 5.3, 5.7, 5.5, 4.8, 5.9, 6.5, 6.9, 7.0, 4.7, 3.8, 5.3, 5.7
63, 2, 3.5, 4.7, 5.2, 5.4, 4.6, 5.2, 6.1, 6.4, 6.6, 6.6, 3.8, 3.6, 4.7, 4.8
63, 3, 4.4, 5.3, 5.4, 5.3, 3.9, 6.2, 6.9, 7.0, 6.9, 7.0, 3.6, 4.3, 5.0, 5.0
63, 4, 5.2, 5.5, 5.4, 5.0, 3.1, 6.8, 7.1, 7.1, 6.8, 7.2, 3.0, 4.1, 4.3, 4.3
63, 5, 7.3, 7.3, 6.8, 6.1, 2.9,10.1,10.3,10.0, 9.4,10.4, 5.7, 7.7, 7.5, 7.9
63, 6, 7.4, 7.1, 6.5, 5.6, 2.5,10.2,10.2, 9.8, 9.1,10.4, 5.7, 7.7, 7.2, 7.8
63, 7, 7.8, 7.6, 7.0, 6.1, 2.8,10.9,11.0,10.6,10.0,11.2, 6.3, 8.5, 8.1, 8.7
63, 8, 5.6, 5.8, 5.6, 5.1, 2.9, 7.5, 7.7, 7.6, 7.2, 7.8, 3.6, 4.8, 4.9, 5.0
63, 9, 5.6, 6.5, 6.7, 6.4, 4.3, 8.4, 9.1, 9.2, 9.0, 9.2, 5.1, 6.5, 7.2, 7.2
63,10, 4.2, 5.5, 6.0, 6.1, 4.8, 6.4, 7.3, 7.7, 7.8, 7.8, 4.7, 4.9, 6.1, 6.1
63,11, 2.8, 4.1, 4.7, 4.9, 4.4, 4.3, 5.2, 5.6, 5.9, 5.9, 3.6, 3.0, 4.2, 4.4
63,12, 2.3, 3.7, 4.3, 4.7, 4.4, 3.7, 4.7, 5.2, 5.4, 5.6, 3.7, 2.7, 4.0, 4.4
64, 1, 2.7, 4.1, 4.7, 5.1, 4.6, 4.2, 5.2, 5.7, 6.0, 6.1, 3.9, 3.1, 4.4, 4.7
64, 2, 3.8, 5.3, 5.9, 6.1, 5.2, 6.0, 7.0, 7.5, 7.7, 7.7, 4.8, 4.6, 5.9, 6.1
64, 3, 4.8, 5.7, 5.9, 5.8, 4.3, 6.9, 7.6, 7.8, 7.7, 7.8, 4.1, 4.9, 5.6, 5.6
64, 4, 5.6, 6.0, 5.9, 5.5, 3.4, 7.8, 8.1, 8.1, 7.8, 8.2, 4.0, 5.3, 5.6, 5.6
64, 5, 6.7, 6.7, 6.2, 5.5, 2.7, 9.2, 9.2, 9.0, 8.4, 9.4, 4.8, 6.5, 6.3, 6.7
64, 6, 7.6, 7.3, 6.7, 5.8, 2.6,10.3,10.3, 9.9, 9.2,10.5, 5.7, 7.6, 7.1, 7.7
64, 7, 7.2, 7.1, 6.5, 5.7, 2.6, 9.8, 9.9, 9.5, 8.9,10.1, 5.4, 7.3, 6.9, 7.4
64, 8, 6.5, 6.9, 6.7, 6.1, 3.3, 9.2, 9.6, 9.4, 9.0, 9.6, 5.0, 6.8, 6.9, 7.1
64, 9, 5.8, 6.8, 7.0, 6.7, 4.5, 8.7, 9.5, 9.6, 9.4, 9.6, 5.5, 6.9, 7.6, 7.7
64,10, 4.7, 6.3, 6.8, 7.0, 5.6, 7.3, 8.5, 8.9, 9.0, 9.0, 5.7, 6.0, 7.4, 7.5
64,11, 2.9, 4.2, 4.8, 5.2, 4.7, 4.4, 5.3, 5.8, 6.1, 6.2, 3.8, 3.1, 4.3, 4.5
64,12, 2.1, 3.0, 3.5, 3.8, 3.5, 3.0, 3.7, 4.1, 4.3, 4.3, 2.6, 1.9, 2.8, 3.0
65, 1, 2.5, 3.6, 4.1, 4.4, 4.0, 3.6, 4.4, 4.9, 5.1, 5.2, 3.1, 2.4, 3.4, 3.7
65, 2, 3.9, 5.3, 6.0, 6.3, 5.5, 6.0, 7.1, 7.6, 7.8, 7.8, 4.7, 4.4, 5.8, 5.9
65, 3, 4.7, 5.7, 6.0, 5.9, 4.3, 6.9, 7.6, 7.8, 7.7, 7.8, 4.2, 4.9, 5.7, 5.8
65, 4, 5.3, 5.7, 5.6, 5.2, 3.2, 7.1, 7.4, 7.3, 7.0, 7.4, 3.3, 4.3, 4.5, 4.6
65, 5, 6.5, 6.5, 6.1, 5.4, 2.7, 8.6, 8.7, 8.4, 8.0, 8.8, 4.2, 5.7, 5.5, 5.8
65, 6, 7.0, 6.8, 6.2, 5.4, 2.5, 9.3, 9.3, 8.9, 8.3, 9.5, 4.8, 6.3, 6.0, 6.5
65, 7, 6.8, 6.6, 6.1, 5.3, 2.5, 9.1, 9.1, 8.8, 8.3, 9.3, 4.7, 6.3, 6.0, 6.5
65, 8, 6.6, 7.0, 6.7, 6.1, 3.3, 9.5, 9.8, 9.6, 9.2, 9.8, 5.2, 7.1, 7.2, 7.4
65, 9, 5.6, 6.5, 6.6, 6.3, 4.3, 8.2, 8.9, 9.0, 8.8, 9.0, 4.9, 6.2, 6.9, 6.9
65,10, 4.6, 6.1, 6.7, 6.8, 5.5, 7.1, 8.2, 8.6, 8.7, 8.8, 5.5, 5.7, 7.1, 7.2
65,11, 2.6, 3.6, 4.0, 4.2, 3.7, 3.7, 4.5, 4.8, 5.0, 5.0, 2.9, 2.4, 3.3, 3.5
65,12, 2.1, 3.1, 3.5, 3.8, 3.6, 3.0, 3.8, 4.1, 4.4, 4.4, 2.6, 1.9, 2.8, 3.0
66, 1, 2.8, 4.3, 5.1, 5.5, 5.2, 4.5, 5.6, 6.2, 6.6, 6.6, 4.4, 3.4, 4.9, 5.2
66, 2, 3.2, 4.2, 4.6, 4.8, 4.1, 4.7, 5.4, 5.8, 5.9, 5.9, 3.1, 3.0, 3.9, 4.0
66, 3, 4.7, 5.7, 5.9, 5.8, 4.3, 6.7, 7.5, 7.7, 7.6, 7.7, 4.0, 4.7, 5.5, 5.5
66, 4, 6.4, 7.0, 6.9, 6.4, 3.9, 9.3, 9.8, 9.8, 9.4, 9.9, 5.4, 7.2, 7.6, 7.7
66, 5, 7.4, 7.4, 6.9, 6.1, 2.9,10.5,10.6,10.3, 9.7,10.7, 5.9, 8.1, 7.9, 8.4
66, 6, 7.6, 7.3, 6.7, 5.8, 2.5,10.5,10.5,10.1, 9.4,10.7, 5.9, 8.0, 7.5, 8.1
66, 7, 6.8, 6.7, 6.1, 5.3, 2.5, 9.1, 9.1, 8.8, 8.3, 9.3, 4.6, 6.2, 5.9, 6.3
66, 8, 6.6, 6.9, 6.6, 6.0, 3.3, 9.4, 9.7, 9.5, 9.1, 9.7, 5.1, 7.0, 7.0, 7.2
66, 9, 5.6, 6.5, 6.6, 6.4, 4.3, 8.2, 8.9, 9.0, 8.8, 9.0, 4.9, 6.2, 6.9, 6.9
66,10, 4.3, 5.6, 6.1, 6.2, 5.0, 6.5, 7.5, 7.8, 7.9, 7.9, 4.7, 5.0, 6.1, 6.2
66,11, 2.8, 4.1, 4.6, 4.9, 4.4, 4.2, 5.2, 5.6, 5.8, 5.9, 3.7, 3.1, 4.3, 4.5
66,12, 2.2, 3.4, 3.9, 4.2, 4.0, 3.3, 4.2, 4.6, 4.9, 4.9, 3.0, 2.2, 3.3, 3.5
67, 1, 2.7, 4.0, 4.6, 5.0, 4.9, 4.1, 5.1, 5.6, 5.9, 6.0, 3.5, 2.8, 4.0, 4.3
67, 2, 3.8, 5.2, 5.8, 6.1, 5.2, 5.9, 6.9, 7.4, 7.6, 7.6, 4.7, 4.5, 5.8, 6.0
67, 3, 4.4, 5.2, 5.4, 5.3, 3.9, 6.2, 6.8, 6.9, 6.9, 7.0, 3.5, 4.0, 4.7, 4.7
67, 4, 5.6, 5.9, 5.8, 5.4, 3.4, 7.5, 7.9, 7.8, 7.5, 7.9, 3.6, 4.8, 5.1, 5.2
67, 5, 6.3, 6.2, 5.8, 5.2, 2.6, 8.6, 8.7, 8.4, 7.9, 8.8, 4.1, 5.7, 5.6, 5.9
67, 6, 7.4, 7.1, 6.5, 5.6, 2.5,10.2,10.2, 9.8, 9.2,10.4, 5.6, 7.6, 7.2, 7.8
67, 7, 6.5, 6.4, 5.9, 5.2, 2.5, 8.7, 8.7, 8.4, 7.9, 8.9, 4.2, 5.7, 5.4, 5.8
67, 8, 6.1, 6.4, 6.2, 5.6, 3.1, 8.4, 8.7, 8.6, 8.1, 8.7, 4.3, 5.8, 5.8, 6.0
67, 9, 5.0, 5.7, 5.8, 5.6, 3.8, 7.1, 7.7, 7.8, 7.6, 7.8, 3.9, 4.9, 5.5, 5.5
67,10, 4.5, 6.0, 6.6, 6.8, 5.4, 7.1, 8.2, 8.7, 8.8, 8.8, 5.4, 5.7, 7.0, 7.1
67,11, 2.9, 4.2, 4.8, 5.1, 4.6, 4.4, 5.4, 5.9, 6.1, 6.1, 3.8, 3.2, 4.4, 4.6
67,12, 2.5, 3.8, 4.5, 4.9, 4.9, 3.9, 4.9, 5.4, 5.8, 5.9, 3.5, 2.6, 3.8, 4.1
68, 1, 2.8, 4.4, 5.2, 5.7, 5.5, 4.6, 5.8, 6.4, 6.8, 6.8, 4.4, 3.4, 4.8, 5.2
68, 2, 3.2, 4.1, 4.5, 4.7, 3.9, 4.5, 5.2, 5.5, 5.6, 5.6, 3.0, 2.9, 3.7, 3.8
68, 3, 4.9, 5.9, 6.1, 6.1, 4.4, 7.1, 7.9, 8.1, 8.0, 8.1, 4.4, 5.2, 6.0, 6.0
68, 4, 5.9, 6.3, 6.2, 5.8, 3.4, 8.2, 8.6, 8.5, 8.2, 8.6, 4.3, 5.8, 6.1, 6.2
68, 5, 7.1, 7.1, 6.6, 5.8, 2.9, 9.7, 9.8, 9.6, 9.0,10.0, 5.2, 7.0, 6.8, 7.2
68, 6, 8.0, 7.7, 7.0, 6.0, 2.6,11.1,11.1,10.6,10.0,11.4, 6.6, 8.8, 8.3, 9.0
68, 7, 7.0, 6.8, 6.3, 5.5, 2.5, 9.5, 9.5, 9.2, 8.6, 9.7, 5.1, 6.8, 6.5, 7.0
68, 8, 6.1, 6.4, 6.2, 5.7, 3.2, 8.3, 8.6, 8.5, 8.1, 8.7, 4.3, 5.7, 5.8, 6.0
68, 9, 6.0, 7.0, 7.2, 6.9, 4.6, 9.0, 9.7, 9.9, 9.7, 9.9, 5.7, 7.2, 7.9, 7.9
68,10, 4.1, 5.4, 5.8, 5.9, 4.8, 6.1, 7.1, 7.4, 7.5, 7.5, 4.4, 4.6, 5.6, 5.7
68,11, 2.9, 4.3, 4.8, 5.2, 4.6, 4.4, 5.4, 5.8, 6.1, 6.1, 3.9, 3.2, 4.4, 4.7
68,12, 2.2, 3.4, 3.9, 4.3, 4.1, 3.4, 4.2, 4.7, 4.9, 5.0, 3.0, 2.2, 3.2, 3.5
69, 1, 2.3, 3.3, 3.8, 4.0, 3.7, 3.4, 4.1, 4.5, 4.7, 4.7, 2.7, 2.0, 3.0, 3.2
69, 2, 2.9, 3.7, 4.0, 4.1, 3.5, 4.0, 4.6, 4.8, 4.9, 4.9, 2.3, 2.2, 2.8, 2.9
69, 3, 5.1, 6.1, 6.4, 6.3, 4.9, 7.5, 8.3, 8.5, 8.5, 8.5, 4.4, 5.4, 6.1, 6.2
69, 4, 6.2, 6.7, 6.6, 6.1, 3.6, 8.9, 9.4, 9.3, 9.0, 9.4, 4.9, 6.8, 7.1, 7.2
69, 5, 7.3, 7.2, 6.7, 5.9, 2.8,10.1,10.3,10.0, 9.4,10.4, 5.7, 7.8, 7.6, 8.0
69, 6, 7.1, 6.9, 6.3, 5.4, 2.5, 9.7, 9.6, 9.2, 8.6, 9.9, 5.1, 6.9, 6.5, 7.1
69, 7, 7.3, 7.1, 6.5, 5.7, 2.6,10.1,10.1, 9.7, 9.1,10.3, 5.6, 7.6, 7.2, 7.8
69, 8, 6.5, 6.8, 6.6, 6.0, 3.3, 9.3, 9.6, 9.5, 9.1, 9.7, 5.0, 6.9, 7.0, 7.2
69, 9, 5.6, 6.5, 6.7, 6.4, 4.3, 8.4, 9.1, 9.2, 9.0, 9.2, 5.0, 6.4, 7.1, 7.1
69,10, 3.9, 4.9, 5.3, 5.4, 4.3, 5.7, 6.4, 6.7, 6.8, 6.8, 3.8, 4.1, 5.0, 5.0
69,11, 3.2, 4.9, 5.6, 6.1, 5.5, 5.3, 6.5, 7.1, 7.4, 7.4, 5.1, 4.3, 5.9, 6.2
69,12, 2.3, 3.5, 4.1, 4.5, 4.2, 3.5, 4.4, 4.9, 5.2, 5.3, 3.4, 2.5, 3.7, 4.0
70, 1, 2.5, 3.7, 4.2, 4.5, 4.1, 3.8, 4.6, 5.1, 5.3, 5.4, 3.3, 2.6, 3.7, 4.0
70, 2, 3.3, 4.4, 4.9, 5.1, 4.3, 4.9, 5.7, 6.1, 6.2, 6.2, 3.5, 3.3, 4.3, 4.4
70, 3, 4.7, 5.5, 5.8, 5.7, 4.2, 6.7, 7.3, 7.5, 7.4, 7.5, 3.8, 4.6, 5.3, 5.3
70, 4, 5.9, 6.4, 6.3, 5.9, 3.5, 8.5, 8.9, 8.9, 8.5, 9.0, 4.6, 6.3, 6.6, 6.7
70, 5, 7.4, 7.4, 6.9, 6.1, 2.9,10.4,10.6,10.3, 9.7,10.7, 5.9, 8.1, 7.8, 8.3
70, 6, 7.7, 7.4, 6.8, 5.8, 2.5,10.7,10.7,10.2, 9.6,10.9, 6.2, 8.4, 7.8, 8.5
70, 7, 7.2, 7.1, 6.6, 5.7, 2.7, 9.8, 9.8, 9.5, 8.9,10.0, 5.4, 7.2, 6.8, 7.3
70, 8, 6.2, 6.5, 6.3, 5.7, 3.1, 8.6, 8.9, 8.7, 8.3, 8.9, 4.6, 6.2, 6.2, 6.4
70, 9, 6.3, 7.3, 7.5, 7.3, 4.8, 9.6,10.5,10.6,10.4,10.6, 6.3, 8.1, 9.0, 9.0
70,10, 4.3, 5.7, 6.2, 6.3, 5.1, 6.7, 7.7, 8.0, 8.1, 8.1, 4.9, 5.2, 6.4, 6.4
70,11, 2.7, 3.9, 4.4, 4.6, 4.1, 4.1, 4.9, 5.3, 5.5, 5.5, 3.3, 2.8, 3.8, 4.0
70,12, 2.5, 3.9, 4.6, 5.0, 4.7, 3.9, 5.0, 5.5, 5.9, 6.0, 4.1, 3.0, 4.4, 4.8
71, 1, 2.8, 4.3, 5.1, 5.5, 5.1, 4.6, 5.7, 6.3, 6.6, 6.7, 4.5, 3.6, 5.0, 5.4
71, 2, 3.6, 4.9, 5.4, 5.7, 5.0, 5.5, 6.5, 6.9, 7.1, 7.1, 4.0, 3.9, 5.0, 5.2
71, 3, 5.2, 6.3, 6.6, 6.6, 5.0, 7.8, 8.6, 8.9, 8.9, 8.9, 4.9, 6.0, 6.9, 6.9
71, 4, 6.1, 6.6, 6.5, 6.1, 3.7, 8.7, 9.1, 9.1, 8.8, 9.2, 4.8, 6.5, 6.8, 6.9
71, 5, 6.3, 6.3, 5.9, 5.2, 2.6, 8.6, 8.7, 8.5, 8.0, 8.9, 4.3, 5.9, 5.7, 6.1
71, 6, 8.0, 7.7, 7.0, 6.0, 2.6,11.3,11.2,10.8,10.1,11.5, 6.8, 9.1, 8.5, 9.3
71, 7, 7.4, 7.2, 6.7, 5.8, 2.7,10.1,10.1, 9.8, 9.2,10.3, 5.6, 7.5, 7.2, 7.7
71, 8, 5.9, 6.1, 5.9, 5.4, 3.0, 7.9, 8.1, 8.0, 7.6, 8.2, 4.0, 5.3, 5.3, 5.5
71, 9, 6.1, 7.2, 7.3, 7.1, 4.7, 9.3,10.1,10.3,10.1,10.3, 6.1, 7.8, 8.5, 8.6
71,10, 4.3, 5.5, 5.9, 6.1, 4.8, 6.4, 7.4, 7.7, 7.8, 7.8, 4.6, 5.0, 6.1, 6.1
71,11, 3.0, 4.3, 4.9, 5.2, 4.7, 4.6, 5.6, 6.0, 6.3, 6.3, 4.0, 3.4, 4.7, 4.9
71,12, 2.3, 3.4, 4.0, 4.3, 4.2, 3.5, 4.3, 4.7, 5.0, 5.1, 3.0, 2.3, 3.3, 3.6
72, 1, 2.8, 4.4, 5.1, 5.5, 5.1, 4.6, 5.7, 6.3, 6.6, 6.7, 4.5, 3.5, 5.0, 5.4
72, 2, 3.8, 5.3, 5.9, 6.1, 5.2, 5.9, 7.0, 7.4, 7.6, 7.6, 4.8, 4.5, 5.8, 6.0
72, 3, 5.4, 6.5, 6.9, 6.8, 4.9, 8.1, 9.0, 9.3, 9.2, 9.3, 5.4, 6.5, 7.5, 7.5
72, 4, 5.9, 6.3, 6.2, 5.7, 3.4, 8.3, 8.7, 8.6, 8.3, 8.7, 4.3, 5.8, 6.1, 6.2
72, 5, 7.6, 7.6, 7.1, 6.2, 3.0,10.8,10.9,10.6,10.1,11.1, 6.2, 8.5, 8.3, 8.7
72, 6, 7.2, 7.0, 6.4, 5.5, 2.5, 9.9, 9.8, 9.4, 8.8,10.1, 5.3, 7.2, 6.8, 7.3
72, 7, 7.6, 7.5, 6.9, 6.0, 2.7,10.7,10.7,10.4, 9.7,10.9, 5.9, 8.1, 7.7, 8.2
72, 8, 6.6, 6.9, 6.6, 5.9, 3.2, 9.3, 9.6, 9.5, 9.0, 9.7, 5.1, 7.0, 7.1, 7.3
72, 9, 5.4, 6.3, 6.4, 6.2, 4.2, 7.8, 8.5, 8.6, 8.4, 8.6, 4.6, 5.8, 6.4, 6.4
72,10, 3.2, 3.9, 4.2, 4.2, 3.3, 4.4, 4.9, 5.1, 5.1, 5.1, 2.3, 2.5, 3.0, 3.1
72,11, 2.6, 3.6, 4.1, 4.3, 3.8, 3.7, 4.4, 4.8, 5.0, 5.0, 2.8, 2.3, 3.2, 3.4
72,12, 2.5, 4.1, 4.8, 5.3, 5.1, 4.1, 5.2, 5.8, 6.2, 6.3, 4.2, 3.0, 4.5, 4.9
73, 1, 2.8, 4.2, 4.8, 5.3, 5.1, 4.3, 5.3, 5.9, 6.2, 6.3, 3.7, 2.9, 4.1, 4.4
73, 2, 3.1, 4.0, 4.3, 4.5, 3.9, 4.3, 5.0, 5.3, 5.4, 5.4, 2.7, 2.5, 3.2, 3.3
73, 3, 3.9, 4.4, 4.5, 4.4, 3.3, 5.1, 5.5, 5.6, 5.5, 5.6, 2.1, 2.6, 3.0, 3.0
73, 4, 5.8, 6.3, 6.1, 5.7, 3.5, 8.1, 8.6, 8.5, 8.2, 8.6, 4.3, 5.8, 6.0, 6.1
73, 5, 6.8, 6.8, 6.4, 5.6, 2.8, 9.5, 9.6, 9.3, 8.8, 9.7, 5.1, 7.0, 6.8, 7.2
73, 6, 7.6, 7.4, 6.7, 5.8, 2.5,10.6,10.5,10.1, 9.5,10.8, 5.9, 8.0, 7.5, 8.2
73, 7, 7.8, 7.7, 7.1, 6.1, 2.8,10.9,10.9,10.6, 9.9,11.2, 6.4, 8.6, 8.2, 8.8
73, 8, 6.7, 7.1, 6.8, 6.2, 3.4, 9.6, 9.9, 9.8, 9.3,10.0, 5.3, 7.2, 7.3, 7.5
73, 9, 6.0, 7.1, 7.2, 7.0, 4.7, 9.2,10.0,10.2,10.0,10.2, 5.8, 7.4, 8.2, 8.2
73,10, 4.5, 5.9, 6.5, 6.7, 5.4, 7.0, 8.1, 8.5, 8.6, 8.6, 5.4, 5.6, 7.0, 7.1
73,11, 2.8, 3.9, 4.4, 4.6, 4.1, 4.1, 4.9, 5.3, 5.5, 5.5, 3.1, 2.7, 3.7, 3.8
73,12, 2.2, 3.3, 3.8, 4.1, 3.9, 3.3, 4.1, 4.5, 4.8, 4.8, 2.8, 2.1, 3.1, 3.3
74, 1, 2.7, 3.9, 4.5, 4.8, 4.7, 4.1, 5.0, 5.4, 5.7, 5.8, 3.2, 2.5, 3.6, 3.8
74, 2, 3.9, 5.4, 6.1, 6.5, 5.8, 6.1, 7.3, 7.8, 8.1, 8.0, 4.9, 4.6, 6.0, 6.1
74, 3, 4.7, 5.6, 5.8, 5.7, 4.2, 6.7, 7.4, 7.6, 7.5, 7.6, 4.0, 4.7, 5.4, 5.4
74, 4, 6.3, 6.8, 6.7, 6.2, 3.7, 9.1, 9.6, 9.5, 9.2, 9.6, 5.1, 6.9, 7.2, 7.3
74, 5, 7.6, 7.6, 7.2, 6.3, 3.1,10.5,10.7,10.4, 9.8,10.8, 6.1, 8.1, 7.9, 8.3
74, 6, 8.2, 7.9, 7.2, 6.1, 2.6,11.7,11.6,11.2,10.4,11.9, 7.0, 9.5, 8.9, 9.7
74, 7, 7.2, 7.0, 6.5, 5.6, 2.6, 9.9, 9.9, 9.6, 9.0,10.1, 5.4, 7.3, 6.9, 7.5
74, 8, 7.1, 7.4, 7.2, 6.5, 3.5,10.3,10.6,10.5,10.0,10.7, 6.0, 8.2, 8.3, 8.5
74, 9, 5.9, 7.0, 7.1, 6.9, 4.6, 8.9, 9.7, 9.8, 9.6, 9.8, 5.7, 7.1, 7.9, 7.9
74,10, 3.9, 5.0, 5.4, 5.5, 4.3, 5.9, 6.7, 7.0, 7.0, 7.1, 3.9, 4.3, 5.2, 5.2
74,11, 2.9, 4.3, 4.9, 5.3, 4.7, 4.6, 5.6, 6.1, 6.3, 6.4, 4.1, 3.4, 4.7, 5.0
74,12, 2.2, 3.4, 4.0, 4.3, 4.0, 3.4, 4.3, 4.7, 5.0, 5.1, 3.2, 2.3, 3.4, 3.7
75, 1, 2.8, 4.2, 4.9, 5.3, 5.1, 4.4, 5.4, 6.0, 6.3, 6.4, 4.0, 3.1, 4.4, 4.7
75, 2, 3.4, 4.5, 5.0, 5.2, 4.6, 5.1, 5.9, 6.2, 6.4, 6.4, 3.4, 3.3, 4.2, 4.3
75, 3, 4.2, 4.8, 5.0, 4.9, 3.7, 5.7, 6.3, 6.4, 6.3, 6.4, 2.9, 3.5, 4.0, 4.0
75, 4, 5.3, 5.7, 5.6, 5.2, 3.3, 7.3, 7.7, 7.6, 7.3, 7.7, 3.3, 4.6, 4.8, 4.8
75, 5, 6.4, 6.4, 6.0, 5.3, 2.7, 8.8, 8.9, 8.6, 8.1, 9.0, 4.3, 5.9, 5.8, 6.1
75, 6, 7.5, 7.3, 6.6, 5.7, 2.5,10.4,10.4, 9.9, 9.3,10.6, 5.7, 7.7, 7.3, 7.9
75, 7, 7.2, 7.1, 6.6, 5.7, 2.7,10.0,10.1, 9.7, 9.1,10.2, 5.5, 7.4, 7.1, 7.6
75, 8, 6.9, 7.3, 7.0, 6.3, 3.4,10.1,10.5,10.3, 9.9,10.5, 5.8, 8.1, 8.1, 8.4
75, 9, 5.7, 6.7, 6.8, 6.6, 4.4, 8.6, 9.3, 9.4, 9.2, 9.4, 5.2, 6.7, 7.4, 7.4
75,10, 4.4, 5.9, 6.4, 6.5, 5.3, 6.9, 8.0, 8.4, 8.5, 8.5, 5.1, 5.5, 6.7, 6.8
75,11, 3.1, 4.6, 5.3, 5.6, 5.0, 4.8, 5.9, 6.4, 6.7, 6.8, 4.4, 3.7, 5.1, 5.4
75,12, 2.5, 3.9, 4.6, 5.1, 4.9, 4.0, 5.0, 5.6, 5.9, 6.0, 3.9, 2.9, 4.3, 4.6
76, 1, 2.8, 4.3, 5.0, 5.4, 5.1, 4.4, 5.5, 6.1, 6.4, 6.5, 4.2, 3.3, 4.7, 5.0
76, 2, 3.5, 4.7, 5.2, 5.4, 4.6, 5.3, 6.1, 6.5, 6.7, 6.7, 3.8, 3.7, 4.7, 4.8
76, 3, 4.9, 5.9, 6.2, 6.1, 4.5, 7.2, 8.0, 8.2, 8.1, 8.2, 4.4, 5.2, 6.0, 6.0
76, 4, 6.0, 6.5, 6.3, 5.9, 3.6, 8.3, 8.7, 8.7, 8.3, 8.8, 4.5, 5.9, 6.2, 6.3
76, 5, 7.1, 7.1, 6.7, 5.9, 2.9, 9.9,10.0, 9.7, 9.1,10.1, 5.3, 7.3, 7.1, 7.5
76, 6, 8.1, 7.8, 7.1, 6.1, 2.6,11.3,11.3,10.8,10.1,11.6, 6.7, 9.0, 8.4, 9.2
76, 7, 6.9, 6.8, 6.3, 5.5, 2.6, 9.5, 9.5, 9.2, 8.6, 9.7, 5.0, 6.7, 6.4, 6.9
76, 8, 7.3, 7.6, 7.3, 6.6, 3.5,10.7,11.1,10.9,10.4,11.1, 6.4, 8.8, 8.8, 9.1
76, 9, 5.0, 5.8, 5.9, 5.6, 3.8, 7.1, 7.7, 7.8, 7.6, 7.8, 3.9, 4.9, 5.5, 5.5
76,10, 4.4, 5.9, 6.5, 6.6, 5.3, 7.0, 8.1, 8.5, 8.6, 8.6, 5.4, 5.7, 7.0, 7.1
76,11, 3.3, 5.0, 5.8, 6.2, 5.6, 5.3, 6.6, 7.2, 7.5, 7.6, 5.2, 4.4, 6.0, 6.3
76,12, 2.7, 4.5, 5.3, 5.8, 5.5, 4.6, 5.9, 6.5, 6.9, 7.1, 5.1, 3.8, 5.6, 6.1
77, 1, 2.7, 4.0, 4.6, 5.0, 4.6, 4.2, 5.2, 5.6, 5.9, 6.0, 3.9, 3.1, 4.4, 4.7
77, 2, 3.9, 5.4, 6.1, 6.4, 5.4, 6.1, 7.3, 7.8, 8.0, 8.0, 5.0, 4.8, 6.2, 6.4
77, 3, 4.8, 5.8, 6.1, 6.0, 4.4, 7.2, 7.9, 8.1, 8.0, 8.1, 4.3, 5.2, 6.0, 6.0
77, 4, 6.4, 7.0, 6.9, 6.4, 3.8, 9.4, 9.9, 9.8, 9.5, 9.9, 5.4, 7.3, 7.6, 7.7
77, 5, 6.3, 6.3, 5.9, 5.2, 2.7, 8.5, 8.6, 8.3, 7.9, 8.7, 4.2, 5.7, 5.5, 5.8
77, 6, 7.5, 7.3, 6.6, 5.7, 2.5,10.3,10.3, 9.9, 9.2,10.5, 5.8, 7.8, 7.3, 8.0
77, 7, 7.3, 7.1, 6.5, 5.7, 2.6,10.2,10.2, 9.8, 9.2,10.4, 5.6, 7.6, 7.3, 7.8
77, 8, 6.5, 6.8, 6.5, 5.9, 3.3, 9.1, 9.4, 9.3, 8.9, 9.5, 5.0, 6.8, 6.9, 7.1
77, 9, 5.5, 6.4, 6.5, 6.3, 4.2, 8.2, 8.9, 9.0, 8.8, 9.0, 4.9, 6.3, 7.0, 7.0
77,10, 4.5, 6.0, 6.6, 6.7, 5.4, 7.1, 8.2, 8.6, 8.7, 8.7, 5.4, 5.8, 7.1, 7.2
77,11, 3.0, 4.3, 4.9, 5.3, 4.7, 4.6, 5.6, 6.1, 6.3, 6.4, 4.0, 3.4, 4.7, 5.0
77,12, 2.3, 3.6, 4.2, 4.5, 4.2, 3.6, 4.5, 5.0, 5.3, 5.3, 3.5, 2.5, 3.8, 4.1
78, 1, 2.4, 3.4, 3.9, 4.2, 3.8, 3.4, 4.2, 4.6, 4.8, 4.8, 2.8, 2.1, 3.1, 3.3
78, 2, 3.2, 4.3, 4.7, 4.8, 4.1, 4.8, 5.5, 5.8, 5.9, 5.9, 3.2, 3.1, 4.0, 4.1
78, 3, 4.3, 5.1, 5.3, 5.1, 3.7, 6.0, 6.6, 6.8, 6.7, 6.8, 3.3, 4.0, 4.6, 4.6
78, 4, 5.8, 6.2, 6.1, 5.7, 3.4, 8.1, 8.5, 8.4, 8.1, 8.5, 4.2, 5.7, 6.0, 6.1
78, 5, 7.2, 7.2, 6.7, 5.9, 2.9,10.1,10.2, 9.9, 9.4,10.4, 5.6, 7.7, 7.4, 7.8
78, 6, 8.4, 8.1, 7.4, 6.3, 2.7,12.0,12.0,11.5,10.8,12.3, 7.3, 9.9, 9.3,10.1
78, 7, 8.0, 7.8, 7.2, 6.2, 2.7,11.4,11.4,11.0,10.3,11.6, 6.8, 9.3, 8.8, 9.5
78, 8, 7.4, 7.8, 7.5, 6.8, 3.6,10.8,11.2,11.1,10.6,11.3, 6.6, 9.0, 9.1, 9.4
78, 9, 6.0, 7.1, 7.3, 7.0, 4.7, 9.3,10.1,10.2,10.0,10.2, 5.9, 7.6, 8.4, 8.4
78,10, 4.6, 6.1, 6.7, 6.8, 5.4, 7.3, 8.4, 8.8, 8.9, 8.9, 5.7, 6.1, 7.4, 7.5
78,11, 2.8, 3.9, 4.4, 4.6, 4.1, 4.1, 4.9, 5.3, 5.4, 5.5, 3.2, 2.7, 3.7, 3.9
78,12, 2.6, 4.2, 5.0, 5.5, 5.3, 4.3, 5.5, 6.1, 6.5, 6.7, 4.6, 3.4, 5.0, 5.4
79, 1, 2.4, 3.4, 3.8, 4.1, 3.9, 3.5, 4.2, 4.6, 4.8, 4.8, 2.5, 2.0, 2.8, 3.0
79, 2, 3.5, 4.6, 5.1, 5.3, 4.8, 5.1, 5.9, 6.3, 6.5, 6.5, 3.2, 3.0, 3.9, 4.1
79, 3, 4.5, 5.4, 5.6, 5.6, 4.2, 6.5, 7.1, 7.3, 7.3, 7.3, 3.6, 4.3, 5.0, 5.0
79, 4, 6.4, 7.0, 6.9, 6.4, 3.8, 9.2, 9.7, 9.6, 9.3, 9.7, 5.2, 6.9, 7.2, 7.3
79, 5, 7.1, 7.2, 6.7, 5.9, 2.9, 9.9,10.1, 9.8, 9.2,10.2, 5.4, 7.4, 7.2, 7.6
79, 6, 8.4, 8.1, 7.3, 6.2, 2.6,12.0,11.9,11.5,10.7,12.2, 7.3, 9.8, 9.3,10.1
79, 7, 8.0, 7.9, 7.2, 6.3, 2.8,11.5,11.5,11.1,10.4,11.7, 6.9, 9.4, 9.0, 9.6
79, 8, 6.7, 7.0, 6.7, 6.1, 3.3, 9.5, 9.9, 9.7, 9.3, 9.9, 5.3, 7.2, 7.3, 7.6
79, 9, 6.2, 7.3, 7.4, 7.2, 4.8, 9.5,10.3,10.4,10.2,10.4, 6.1, 7.8, 8.6, 8.6
79,10, 4.3, 5.7, 6.2, 6.3, 5.0, 6.6, 7.6, 8.0, 8.1, 8.1, 4.9, 5.2, 6.3, 6.4
79,11, 3.1, 4.6, 5.3, 5.7, 5.2, 4.9, 6.0, 6.6, 6.9, 6.9, 4.5, 3.8, 5.2, 5.5
79,12, 2.6, 4.2, 4.9, 5.4, 5.2, 4.3, 5.4, 6.0, 6.4, 6.5, 4.5, 3.3, 4.9, 5.3
80, 1, 2.4, 3.4, 3.9, 4.2, 3.9, 3.5, 4.2, 4.6, 4.8, 4.9, 2.7, 2.1, 3.0, 3.3
80, 2, 3.5, 4.7, 5.2, 5.4, 4.6, 5.3, 6.2, 6.6, 6.7, 6.7, 3.9, 3.8, 4.8, 5.0
80, 3, 4.7, 5.6, 5.8, 5.8, 4.3, 6.7, 7.4, 7.6, 7.6, 7.6, 4.0, 4.8, 5.5, 5.5
80, 4, 6.1, 6.6, 6.5, 6.1, 3.6, 8.7, 9.2, 9.2, 8.8, 9.3, 4.7, 6.4, 6.7, 6.8
80, 5, 6.7, 6.7, 6.2, 5.5, 2.7, 9.1, 9.2, 8.9, 8.4, 9.3, 4.8, 6.5, 6.3, 6.6
80, 6, 8.6, 8.2, 7.5, 6.4, 2.7,12.2,12.2,11.7,10.9,12.5, 7.5,10.1, 9.5,10.3
80, 7, 7.5, 7.4, 6.8, 5.9, 2.7,10.5,10.5,10.1, 9.5,10.7, 6.0, 8.1, 7.7, 8.3
80, 8, 7.2, 7.6, 7.3, 6.6, 3.5,10.5,10.8,10.7,10.2,10.9, 6.3, 8.5, 8.6, 8.9
80, 9, 6.0, 7.1, 7.2, 7.0, 4.7, 9.1, 9.9,10.1, 9.9,10.1, 5.9, 7.5, 8.3, 8.3
80,10, 4.6, 6.1, 6.7, 6.8, 5.5, 7.3, 8.4, 8.8, 8.9, 8.9, 5.7, 6.1, 7.5, 7.6
80,11, 3.1, 4.7, 5.4, 5.8, 5.1, 5.0, 6.1, 6.7, 7.0, 7.0, 4.7, 4.0, 5.4, 5.7
80,12, 2.6, 4.2, 4.9, 5.4, 5.1, 4.2, 5.3, 5.9, 6.3, 6.4, 4.5, 3.3, 4.8, 5.3
81, 1, 2.4, 3.5, 4.0, 4.3, 3.9, 3.6, 4.4, 4.8, 5.0, 5.1, 3.0, 2.4, 3.4, 3.6
81, 2, 3.7, 5.2, 5.8, 6.0, 5.2, 5.8, 6.8, 7.3, 7.4, 7.4, 4.5, 4.3, 5.5, 5.7
81, 3, 4.4, 5.3, 5.5, 5.4, 4.0, 6.3, 6.9, 7.1, 7.0, 7.1, 3.5, 4.2, 4.9, 4.9
81, 4, 6.4, 7.0, 6.9, 6.4, 3.8, 9.2, 9.7, 9.7, 9.3, 9.8, 5.3, 7.1, 7.4, 7.5
81, 5, 6.4, 6.5, 6.1, 5.4, 2.7, 8.8, 8.9, 8.7, 8.2, 9.0, 4.3, 6.0, 5.9, 6.2
81, 6, 8.0, 7.7, 7.0, 6.0, 2.6,11.4,11.3,10.9,10.2,11.6, 6.8, 9.1, 8.6, 9.3
81, 7, 7.6, 7.4, 6.9, 6.0, 2.7,10.7,10.7,10.3, 9.7,10.9, 6.0, 8.2, 7.8, 8.4
81, 8, 6.6, 6.9, 6.7, 6.1, 3.3, 9.4, 9.8, 9.6, 9.1, 9.8, 5.2, 7.2, 7.2, 7.5
81, 9, 5.4, 6.3, 6.4, 6.2, 4.2, 8.0, 8.7, 8.8, 8.6, 8.8, 4.8, 6.1, 6.8, 6.8
81,10, 4.1, 5.3, 5.8, 5.9, 4.8, 6.2, 7.1, 7.4, 7.5, 7.5, 4.4, 4.6, 5.7, 5.8
81,11, 2.8, 4.1, 4.6, 4.9, 4.3, 4.3, 5.2, 5.6, 5.8, 5.9, 3.5, 3.1, 4.2, 4.4
81,12, 2.4, 3.7, 4.4, 4.8, 4.5, 3.8, 4.7, 5.3, 5.6, 5.7, 3.8, 2.8, 4.1, 4.4
82, 1, 2.8, 4.2, 4.9, 5.3, 5.1, 4.4, 5.4, 6.0, 6.3, 6.4, 4.0, 3.2, 4.5, 4.8
82, 2, 3.6, 4.8, 5.4, 5.6, 4.9, 5.3, 6.2, 6.6, 6.8, 6.8, 3.9, 3.6, 4.7, 4.8
82, 3, 4.4, 5.2, 5.3, 5.3, 4.0, 6.1, 6.7, 6.8, 6.8, 6.8, 3.4, 4.0, 4.6, 4.6
82, 4, 6.2, 6.7, 6.6, 6.2, 3.7, 9.0, 9.4, 9.4, 9.0, 9.5, 5.0, 6.8, 7.0, 7.2
82, 5, 7.1, 7.1, 6.6, 5.9, 2.9, 9.7, 9.8, 9.5, 9.0, 9.9, 5.2, 7.0, 6.8, 7.2
82, 6, 7.5, 7.3, 6.6, 5.7, 2.5,10.4,10.4,10.0, 9.3,10.6, 5.7, 7.7, 7.3, 7.9
82, 7, 7.3, 7.1, 6.6, 5.7, 2.6,10.1,10.1, 9.8, 9.2,10.3, 5.5, 7.4, 7.1, 7.6
82, 8, 5.9, 6.2, 5.9, 5.4, 3.0, 7.7, 8.0, 7.9, 7.5, 8.1, 3.8, 5.0, 5.0, 5.2
82, 9, 4.7, 5.3, 5.3, 5.1, 3.4, 6.3, 6.8, 6.8, 6.6, 6.8, 3.2, 4.0, 4.4, 4.4
82,10, 4.0, 5.1, 5.5, 5.6, 4.4, 5.8, 6.6, 6.9, 7.0, 7.0, 3.9, 4.1, 5.0, 5.0
82,11, 2.7, 3.8, 4.3, 4.5, 4.0, 3.9, 4.7, 5.1, 5.3, 5.3, 3.1, 2.5, 3.5, 3.7
82,12, 2.2, 3.3, 3.8, 4.1, 3.8, 3.1, 3.9, 4.3, 4.6, 4.7, 2.7, 1.9, 2.9, 3.1
83, 1, 2.4, 3.4, 3.9, 4.2, 3.8, 3.4, 4.2, 4.6, 4.8, 4.8, 2.8, 2.0, 3.0, 3.2
83, 2, 2.9, 3.7, 4.0, 4.0, 3.3, 3.8, 4.4, 4.6, 4.6, 4.7, 2.3, 2.0, 2.7, 2.8
83, 3, 4.0, 4.6, 4.7, 4.6, 3.4, 5.2, 5.6, 5.7, 5.6, 5.7, 2.4, 2.8, 3.3, 3.3
83, 4, 5.3, 5.7, 5.6, 5.2, 3.3, 7.0, 7.3, 7.2, 7.0, 7.3, 3.2, 4.2, 4.4, 4.5
83, 5, 6.8, 6.9, 6.4, 5.7, 2.9, 9.1, 9.2, 8.9, 8.4, 9.3, 4.6, 6.1, 5.9, 6.2
83, 6, 7.5, 7.3, 6.6, 5.7, 2.6,10.1,10.0, 9.6, 9.0,10.3, 5.4, 7.2, 6.8, 7.3
83, 7, 7.2, 7.1, 6.5, 5.7, 2.6, 9.8, 9.8, 9.5, 8.9,10.0, 5.3, 7.1, 6.7, 7.2
83, 8, 5.9, 6.2, 6.0, 5.5, 3.1, 8.0, 8.2, 8.1, 7.7, 8.3, 3.9, 5.2, 5.3, 5.5
83, 9, 5.3, 6.1, 6.2, 6.0, 4.0, 7.6, 8.3, 8.4, 8.1, 8.4, 4.3, 5.5, 6.0, 6.0
83,10, 4.2, 5.5, 6.0, 6.1, 4.9, 6.3, 7.3, 7.7, 7.7, 7.8, 4.6, 4.8, 5.9, 6.0
83,11, 2.7, 3.7, 4.2, 4.4, 4.0, 3.8, 4.6, 5.0, 5.2, 5.2, 2.9, 2.4, 3.3, 3.5
83,12, 1.9, 2.6, 3.0, 3.2, 2.9, 2.5, 3.1, 3.3, 3.5, 3.6, 1.9, 1.4, 2.0, 2.2
84, 1, 2.5, 3.7, 4.2, 4.5, 4.2, 3.7, 4.6, 5.0, 5.3, 5.3, 3.2, 2.5, 3.6, 3.8
84, 2, 3.7, 5.0, 5.6, 5.8, 5.0, 5.6, 6.6, 7.0, 7.2, 7.2, 4.2, 4.0, 5.2, 5.3
84, 3, 4.4, 5.2, 5.4, 5.3, 3.9, 6.1, 6.7, 6.9, 6.8, 6.9, 3.3, 3.9, 4.5, 4.5
84, 4, 5.8, 6.3, 6.2, 5.8, 3.6, 8.0, 8.4, 8.4, 8.1, 8.5, 4.2, 5.5, 5.8, 5.9
84, 5, 7.6, 7.6, 7.1, 6.3, 3.0,10.5,10.6,10.3, 9.7,10.8, 6.0, 8.0, 7.8, 8.2
84, 6, 7.4, 7.2, 6.6, 5.6, 2.5,10.3,10.2, 9.8, 9.2,10.5, 5.6, 7.5, 7.1, 7.7
84, 7, 6.3, 6.2, 5.8, 5.0, 2.4, 8.3, 8.4, 8.1, 7.6, 8.5, 4.1, 5.5, 5.2, 5.6
84, 8, 6.2, 6.5, 6.2, 5.7, 3.1, 8.6, 8.9, 8.8, 8.4, 8.9, 4.4, 6.0, 6.1, 6.3
84, 9, 5.7, 6.7, 6.8, 6.6, 4.4, 8.5, 9.2, 9.4, 9.2, 9.4, 5.2, 6.6, 7.3, 7.3
84,10, 3.9, 5.1, 5.5, 5.6, 4.5, 5.8, 6.7, 7.0, 7.0, 7.1, 4.0, 4.1, 5.1, 5.2
84,11, 2.8, 4.0, 4.5, 4.8, 4.2, 4.2, 5.1, 5.5, 5.7, 5.7, 3.4, 2.9, 4.0, 4.2
84,12, 2.2, 3.3, 3.9, 4.2, 4.0, 3.3, 4.2, 4.6, 4.9, 4.9, 3.0, 2.2, 3.2, 3.5
85, 1, 2.6, 3.8, 4.4, 4.8, 4.4, 3.9, 4.9, 5.3, 5.6, 5.7, 3.6, 2.8, 4.0, 4.3
85, 2, 3.5, 4.7, 5.2, 5.4, 4.6, 5.3, 6.2, 6.5, 6.7, 6.7, 3.8, 3.7, 4.8, 4.9
85, 3, 4.6, 5.5, 5.7, 5.6, 4.2, 6.6, 7.3, 7.5, 7.4, 7.5, 3.8, 4.6, 5.2, 5.3
85, 4, 6.1, 6.6, 6.5, 6.1, 3.7, 8.6, 9.0, 9.0, 8.7, 9.1, 4.7, 6.2, 6.5, 6.6
85, 5, 7.0, 7.0, 6.6, 5.8, 2.9, 9.6, 9.8, 9.5, 9.0, 9.9, 5.1, 6.9, 6.7, 7.1
85, 6, 7.8, 7.6, 6.9, 5.9, 2.5,11.1,11.0,10.6, 9.9,11.3, 6.5, 8.7, 8.2, 8.9
85, 7, 6.7, 6.6, 6.2, 5.4, 2.6, 8.9, 9.0, 8.6, 8.1, 9.1, 4.5, 6.0, 5.7, 6.2
85, 8, 7.3, 7.7, 7.4, 6.7, 3.5,10.8,11.2,11.0,10.5,11.3, 6.5, 8.9, 9.0, 9.3
85, 9, 5.5, 6.4, 6.5, 6.3, 4.2, 8.1, 8.8, 8.9, 8.7, 8.9, 4.7, 6.0, 6.6, 6.6
85,10, 4.2, 5.4, 5.9, 6.0, 4.8, 6.3, 7.2, 7.6, 7.7, 7.7, 4.7, 4.8, 6.0, 6.1
85,11, 2.7, 3.8, 4.3, 4.6, 4.1, 4.0, 4.8, 5.2, 5.4, 5.4, 3.2, 2.6, 3.7, 3.8
85,12, 2.5, 4.0, 4.7, 5.2, 4.9, 4.0, 5.1, 5.7, 6.1, 6.2, 4.3, 3.1, 4.6, 5.0
86, 1, 2.7, 4.2, 4.9, 5.3, 4.8, 4.3, 5.4, 5.9, 6.2, 6.3, 4.1, 3.2, 4.6, 4.9
86, 2, 3.6, 4.8, 5.3, 5.5, 4.7, 5.3, 6.2, 6.6, 6.8, 6.8, 3.9, 3.7, 4.8, 4.9
86, 3, 4.5, 5.4, 5.6, 5.5, 4.1, 6.4, 7.1, 7.3, 7.2, 7.3, 3.8, 4.5, 5.2, 5.2
86, 4, 5.9, 6.3, 6.2, 5.8, 3.5, 8.3, 8.6, 8.6, 8.3, 8.7, 4.2, 5.7, 5.9, 6.0
86, 5, 7.2, 7.2, 6.7, 5.9, 2.8,10.1,10.3,10.0, 9.4,10.4, 5.6, 7.7, 7.5, 7.9
86, 6, 7.8, 7.6, 6.9, 5.9, 2.6,10.8,10.8,10.4, 9.7,11.1, 6.2, 8.3, 7.8, 8.5
86, 7, 7.3, 7.2, 6.6, 5.8, 2.6,10.3,10.3, 9.9, 9.4,10.5, 5.7, 7.8, 7.4, 7.9
86, 8, 6.2, 6.4, 6.2, 5.6, 3.1, 8.6, 8.8, 8.7, 8.3, 8.9, 4.4, 6.1, 6.1, 6.3
86, 9, 5.3, 6.1, 6.2, 6.0, 4.0, 7.7, 8.3, 8.4, 8.2, 8.4, 4.4, 5.6, 6.2, 6.2
86,10, 4.1, 5.3, 5.8, 5.9, 4.7, 6.1, 7.1, 7.4, 7.5, 7.5, 4.3, 4.5, 5.6, 5.7
86,11, 3.1, 4.6, 5.3, 5.6, 5.1, 4.9, 6.0, 6.5, 6.8, 6.8, 4.5, 3.7, 5.2, 5.4
86,12, 2.3, 3.5, 4.1, 4.5, 4.2, 3.5, 4.4, 4.9, 5.2, 5.3, 3.4, 2.5, 3.6, 4.0
87, 1, 2.5, 3.8, 4.4, 4.8, 4.5, 4.0, 4.9, 5.4, 5.7, 5.7, 3.5, 2.7, 3.9, 4.2
87, 2, 3.0, 3.9, 4.3, 4.4, 3.7, 4.3, 4.9, 5.2, 5.3, 5.3, 2.7, 2.6, 3.3, 3.4
87, 3, 4.8, 5.7, 5.9, 5.9, 4.4, 6.9, 7.6, 7.8, 7.7, 7.8, 3.9, 4.7, 5.4, 5.4
87, 4, 6.1, 6.7, 6.5, 6.1, 3.6, 8.7, 9.2, 9.1, 8.8, 9.2, 4.7, 6.3, 6.6, 6.7
87, 5, 6.3, 6.4, 6.0, 5.3, 2.7, 8.7, 8.8, 8.5, 8.1, 8.9, 4.2, 5.8, 5.7, 6.0
87, 6, 7.8, 7.6, 6.9, 5.9, 2.6,10.9,10.9,10.4, 9.8,11.1, 6.3, 8.4, 7.9, 8.6
87, 7, 7.3, 7.2, 6.6, 5.7, 2.6,10.2,10.2, 9.8, 9.2,10.4, 5.6, 7.6, 7.3, 7.8
87, 8, 6.6, 6.9, 6.7, 6.1, 3.3, 9.3, 9.6, 9.5, 9.1, 9.7, 5.2, 7.0, 7.1, 7.3
87, 9, 5.8, 6.8, 6.9, 6.7, 4.5, 8.7, 9.4, 9.6, 9.4, 9.6, 5.3, 6.7, 7.4, 7.5
87,10, 4.2, 5.5, 5.9, 6.0, 4.8, 6.4, 7.3, 7.7, 7.7, 7.7, 4.7, 4.9, 6.0, 6.1
87,11, 2.8, 4.2, 4.8, 5.1, 4.6, 4.4, 5.4, 5.8, 6.1, 6.1, 3.9, 3.2, 4.5, 4.7
87,12, 2.3, 3.5, 4.1, 4.5, 4.3, 3.5, 4.4, 4.9, 5.2, 5.3, 3.3, 2.4, 3.6, 3.9
88, 1, 2.7, 4.1, 4.8, 5.2, 5.1, 4.3, 5.3, 5.8, 6.1, 6.2, 3.7, 2.8, 4.1, 4.4
88, 2, 4.0, 5.6, 6.3, 6.7, 5.8, 6.4, 7.6, 8.2, 8.4, 8.4, 5.4, 5.2, 6.7, 6.9
88, 3, 5.1, 6.2, 6.5, 6.5, 4.8, 7.7, 8.6, 8.8, 8.7, 8.8, 4.8, 5.8, 6.7, 6.7
88, 4, 5.8, 6.3, 6.2, 5.8, 3.5, 8.1, 8.5, 8.5, 8.2, 8.6, 4.2, 5.6, 5.9, 6.0
88, 5, 7.1, 7.1, 6.6, 5.8, 2.8, 9.9,10.1, 9.8, 9.2,10.2, 5.4, 7.5, 7.3, 7.7
88, 6, 7.6, 7.3, 6.7, 5.8, 2.5,10.4,10.4,10.0, 9.3,10.6, 5.9, 7.9, 7.4, 8.1
88, 7, 7.7, 7.6, 7.0, 6.0, 2.7,10.9,11.0,10.6, 9.9,11.2, 6.5, 8.8, 8.3, 9.0
88, 8, 6.5, 6.8, 6.5, 5.9, 3.2, 9.2, 9.5, 9.3, 8.9, 9.5, 5.0, 6.8, 6.9, 7.1
88, 9, 5.9, 7.0, 7.2, 6.9, 4.6, 9.0, 9.8, 9.9, 9.8,10.0, 5.8, 7.3, 8.1, 8.1
88,10, 4.4, 5.9, 6.5, 6.6, 5.3, 7.0, 8.0, 8.4, 8.6, 8.6, 5.3, 5.6, 6.9, 7.0
88,11, 2.9, 4.3, 4.8, 5.2, 4.7, 4.4, 5.4, 5.9, 6.1, 6.2, 3.8, 3.1, 4.3, 4.6
88,12, 2.5, 4.0, 4.8, 5.2, 5.0, 4.1, 5.2, 5.8, 6.2, 6.3, 4.3, 3.1, 4.6, 5.0
89, 1, 3.1, 4.9, 5.9, 6.5, 6.4, 5.3, 6.6, 7.3, 7.8, 7.8, 5.2, 4.1, 5.8, 6.2
89, 2, 3.7, 5.0, 5.6, 5.9, 5.3, 5.7, 6.7, 7.1, 7.3, 7.3, 4.1, 4.0, 5.1, 5.2
89, 3, 5.1, 6.2, 6.5, 6.5, 4.8, 7.5, 8.3, 8.6, 8.5, 8.6, 4.8, 5.5, 6.4, 6.4
89, 4, 6.8, 7.4, 7.4, 6.8, 4.0, 9.9,10.4,10.4,10.0,10.5, 5.9, 7.9, 8.2, 8.4
89, 5, 7.3, 7.3, 6.8, 6.0, 2.9,10.2,10.3,10.0, 9.5,10.5, 5.6, 7.7, 7.5, 7.9
89, 6, 8.0, 7.7, 7.0, 6.0, 2.6,11.3,11.3,10.8,10.1,11.6, 6.6, 8.9, 8.4, 9.1
89, 7, 7.5, 7.4, 6.8, 5.8, 2.6,10.5,10.6,10.2, 9.6,10.8, 6.0, 8.2, 7.8, 8.3
89, 8, 7.1, 7.4, 7.2, 6.5, 3.5,10.3,10.7,10.5,10.1,10.8, 6.1, 8.3, 8.4, 8.7
89, 9, 6.2, 7.2, 7.3, 7.1, 4.7, 9.3,10.1,10.3,10.1,10.3, 5.9, 7.6, 8.4, 8.4
89,10, 4.7, 6.2, 6.8, 7.0, 5.6, 7.4, 8.5, 8.9, 9.1, 9.1, 5.8, 6.1, 7.5, 7.6
89,11, 3.5, 5.4, 6.2, 6.7, 6.1, 5.8, 7.2, 7.8, 8.2, 8.2, 5.8, 4.9, 6.8, 7.1
89,12, 2.8, 4.8, 5.7, 6.3, 6.0, 4.9, 6.3, 7.0, 7.4, 7.6, 5.6, 4.1, 6.0, 6.6
90, 1, 2.7, 4.1, 4.8, 5.2, 5.0, 4.3, 5.4, 5.9, 6.2, 6.3, 3.9, 3.1, 4.4, 4.7
90, 2, 3.6, 4.8, 5.3, 5.6, 5.1, 5.4, 6.3, 6.7, 6.9, 6.9, 3.8, 3.6, 4.6, 4.8
90, 3, 4.5, 5.3, 5.6, 5.5, 4.0, 6.4, 7.0, 7.2, 7.1, 7.2, 3.5, 4.2, 4.9, 4.9
90, 4, 5.7, 6.2, 6.1, 5.7, 3.4, 7.9, 8.3, 8.3, 8.0, 8.4, 4.1, 5.4, 5.7, 5.8
90, 5, 7.3, 7.3, 6.9, 6.1, 2.9,10.3,10.4,10.1, 9.6,10.6, 5.8, 8.0, 7.8, 8.2
90, 6, 8.5, 8.2, 7.4, 6.4, 2.7,12.1,12.0,11.5,10.8,12.3, 7.4,10.0, 9.4,10.2
90, 7, 7.4, 7.3, 6.7, 5.8, 2.7,10.3,10.3,10.0, 9.4,10.5, 5.8, 7.8, 7.5, 8.0
90, 8, 6.5, 6.8, 6.6, 6.0, 3.3, 9.2, 9.5, 9.4, 9.0, 9.6, 5.1, 6.9, 7.0, 7.2
90, 9, 5.2, 6.0, 6.1, 5.9, 3.9, 7.6, 8.2, 8.3, 8.1, 8.3, 4.3, 5.5, 6.1, 6.1
90,10, 4.5, 6.0, 6.6, 6.7, 5.4, 7.2, 8.2, 8.6, 8.8, 8.8, 5.5, 5.9, 7.2, 7.3
90,11, 3.0, 4.3, 4.9, 5.3, 4.8, 4.6, 5.6, 6.1, 6.4, 6.4, 4.1, 3.5, 4.8, 5.0
90,12, 2.7, 4.5, 5.4, 5.9, 5.8, 4.7, 5.9, 6.6, 7.1, 7.2, 5.1, 3.8, 5.5, 6.0
