"City:    ","QUILLAYUTE            "
"State:   ","WA"
"WBAN No: ", 94240
"Lat(N):  ", 47.95
"Long(W): ",124.55
"Elev(m): ",    55
"Pres(mb):",  1010
"Stn Type:","Secondary"
"MONTHLY SOLAR RADIATION (kWh/m2/day)"
"COLUMN A: Year"
"COLUMN B: Month"
"COLUMN C: Flat-Plate Collector Facing South at Fixed Tilt=0"
"COLUMN D: Flat-Plate Collector Facing South at Fixed Tilt=Lat-15"
"COLUMN E: Flat-Plate Collector Facing South at Fixed Tilt=Lat"
"COLUMN F: Flat-Plate Collector Facing South at Fixed Tilt=Lat+15"
"COLUMN G: Flat-Plate Collector Facing South at Fixed Tilt=90"
"COLUMN H: 1-Axis Tracking Flat-Plate Collector with North-South Axis, Axis Tilt=0"
"COLUMN I: 1-Axis Tracking Flat-Plate Collector with North-South Axis, Axis Tilt=Lat-15"
"COLUMN J: 1-Axis Tracking Flat-Plate Collector with North-South Axis, Axis Tilt=Lat"
"COLUMN K: 1-Axis Tracking Flat-Plate Collector with North-South Axis, Axis Tilt=Lat+15"
"COLUMN L: 2-Axis Tracking Flat-Plate Collector"
"COLUMN M: 1-Axis Tracking Concentrating Collector with East-West Horizontal Axis"
"COLUMN N: 1-Axis Tracking Concentrating Collector with North-South Horizontal Axis"
"COLUMN O: 1-Axis Tracking Concentrating Collector with North-South Axis, Axis Tilt=Lat"
"COLUMN P: 2-Axis Tracking Concentrating Collector"
"COL A","COL B","COL C","COL D","COL E","COL F","COL G","COL H","COL I","COL J","COL K","COL L","COL M","COL N","COL O","COL P"
61, 1, 1.1, 1.9, 2.1, 2.3, 2.1, 1.6, 2.2, 2.4, 2.5, 2.5, 1.7, 1.1, 1.8, 1.9
61, 2, 1.2, 1.4, 1.5, 1.4, 1.2, 1.3, 1.5, 1.5, 1.5, 1.5, 0.5, 0.4, 0.6, 0.6
61, 3, 2.2, 2.6, 2.6, 2.5, 2.0, 2.6, 3.0, 3.0, 2.9, 3.0, 1.1, 1.1, 1.5, 1.5
61, 4, 3.4, 3.8, 3.7, 3.4, 2.5, 4.2, 4.6, 4.5, 4.3, 4.6, 1.8, 2.2, 2.5, 2.5
61, 5, 4.3, 4.3, 4.0, 3.5, 2.4, 5.2, 5.3, 5.1, 4.8, 5.4, 2.1, 2.7, 2.7, 2.9
61, 6, 5.4, 5.3, 4.8, 4.1, 2.6, 6.9, 7.0, 6.7, 6.3, 7.2, 3.3, 4.3, 4.2, 4.5
61, 7, 5.1, 5.0, 4.6, 4.0, 2.6, 6.3, 6.4, 6.1, 5.7, 6.5, 2.8, 3.7, 3.6, 3.9
61, 8, 4.2, 4.5, 4.3, 3.9, 2.7, 5.3, 5.6, 5.5, 5.2, 5.7, 2.5, 3.1, 3.3, 3.4
61, 9, 3.4, 4.1, 4.1, 3.9, 3.0, 4.6, 5.2, 5.2, 5.1, 5.3, 2.5, 2.9, 3.5, 3.5
61,10, 2.3, 3.4, 3.7, 3.7, 3.2, 3.4, 4.2, 4.4, 4.4, 4.5, 2.5, 2.3, 3.1, 3.2
61,11, 1.3, 2.2, 2.4, 2.5, 2.3, 1.9, 2.6, 2.8, 2.8, 2.8, 1.7, 1.2, 1.9, 2.0
61,12, 0.7, 1.1, 1.2, 1.2, 1.1, 0.9, 1.1, 1.2, 1.3, 1.3, 0.6, 0.3, 0.6, 0.7
62, 1, 1.0, 1.8, 2.0, 2.1, 2.0, 1.5, 2.1, 2.2, 2.3, 2.3, 1.4, 0.9, 1.5, 1.6
62, 2, 1.9, 2.8, 3.0, 3.0, 2.7, 2.7, 3.4, 3.6, 3.6, 3.6, 2.1, 1.7, 2.5, 2.5
62, 3, 2.6, 3.3, 3.4, 3.3, 2.6, 3.5, 4.1, 4.2, 4.1, 4.2, 1.9, 2.0, 2.6, 2.6
62, 4, 3.1, 3.4, 3.3, 3.0, 2.2, 3.8, 4.0, 3.9, 3.7, 4.0, 1.4, 1.8, 1.9, 2.0
62, 5, 4.4, 4.5, 4.2, 3.8, 2.5, 5.3, 5.5, 5.3, 4.9, 5.6, 2.1, 2.7, 2.7, 2.8
62, 6, 5.2, 5.1, 4.7, 4.0, 2.6, 6.7, 6.8, 6.5, 6.1, 7.0, 3.0, 4.0, 3.9, 4.2
62, 7, 4.9, 4.9, 4.5, 3.9, 2.6, 6.2, 6.3, 6.0, 5.6, 6.4, 2.7, 3.5, 3.4, 3.7
62, 8, 3.6, 3.8, 3.7, 3.3, 2.4, 4.3, 4.5, 4.4, 4.2, 4.6, 1.7, 2.0, 2.2, 2.3
62, 9, 3.5, 4.3, 4.3, 4.1, 3.1, 4.8, 5.4, 5.4, 5.3, 5.4, 2.7, 3.0, 3.6, 3.6
62,10, 1.9, 2.5, 2.6, 2.6, 2.2, 2.4, 2.9, 3.0, 3.0, 3.0, 1.4, 1.2, 1.7, 1.8
62,11, 1.1, 1.6, 1.7, 1.7, 1.5, 1.4, 1.8, 1.9, 1.9, 1.9, 0.9, 0.6, 1.0, 1.0
62,12, 0.8, 1.4, 1.5, 1.6, 1.5, 1.1, 1.5, 1.6, 1.7, 1.7, 0.9, 0.5, 1.0, 1.0
63, 1, 1.1, 1.9, 2.1, 2.2, 2.1, 1.6, 2.2, 2.4, 2.5, 2.5, 1.5, 0.9, 1.6, 1.7
63, 2, 1.5, 2.1, 2.2, 2.2, 2.0, 2.0, 2.4, 2.5, 2.5, 2.6, 1.3, 1.0, 1.5, 1.5
63, 3, 2.5, 3.2, 3.3, 3.2, 2.7, 3.4, 3.9, 4.0, 3.9, 4.0, 1.9, 1.9, 2.5, 2.5
63, 4, 3.4, 3.8, 3.6, 3.3, 2.4, 4.3, 4.6, 4.5, 4.3, 4.6, 1.8, 2.2, 2.4, 2.4
63, 5, 5.4, 5.6, 5.3, 4.6, 3.0, 7.2, 7.5, 7.3, 6.8, 7.6, 3.7, 4.8, 4.8, 5.0
63, 6, 4.7, 4.6, 4.2, 3.6, 2.3, 5.7, 5.7, 5.5, 5.1, 5.9, 2.4, 3.1, 3.0, 3.3
63, 7, 4.3, 4.2, 3.8, 3.4, 2.3, 5.0, 5.0, 4.8, 4.4, 5.1, 1.6, 2.1, 2.1, 2.2
63, 8, 3.7, 3.8, 3.6, 3.2, 2.3, 4.4, 4.6, 4.4, 4.2, 4.6, 1.4, 1.9, 2.0, 2.1
63, 9, 3.3, 3.9, 3.9, 3.7, 2.9, 4.3, 4.8, 4.8, 4.7, 4.9, 2.2, 2.5, 2.9, 3.0
63,10, 1.9, 2.5, 2.5, 2.5, 2.1, 2.3, 2.8, 2.9, 2.8, 2.9, 1.3, 1.1, 1.5, 1.6
63,11, 1.0, 1.5, 1.6, 1.6, 1.5, 1.3, 1.6, 1.8, 1.8, 1.8, 0.9, 0.5, 0.9, 1.0
63,12, 0.7, 1.1, 1.2, 1.3, 1.1, 0.9, 1.2, 1.3, 1.3, 1.3, 0.7, 0.4, 0.7, 0.8
64, 1, 0.7, 0.9, 0.9, 0.9, 0.8, 0.8, 0.9, 0.9, 0.9, 0.9, 0.3, 0.2, 0.3, 0.3
64, 2, 1.7, 2.6, 2.7, 2.8, 2.4, 2.4, 3.0, 3.2, 3.2, 3.2, 1.7, 1.4, 2.0, 2.1
64, 3, 2.3, 2.8, 2.8, 2.7, 2.1, 2.9, 3.3, 3.3, 3.2, 3.3, 1.3, 1.4, 1.7, 1.7
64, 4, 3.9, 4.4, 4.3, 3.9, 2.9, 5.0, 5.4, 5.4, 5.1, 5.5, 2.4, 2.9, 3.2, 3.2
64, 5, 4.9, 5.0, 4.7, 4.2, 2.8, 6.1, 6.3, 6.1, 5.7, 6.4, 2.8, 3.6, 3.6, 3.8
64, 6, 4.3, 4.2, 3.8, 3.3, 2.2, 5.0, 5.0, 4.8, 4.4, 5.2, 1.7, 2.2, 2.2, 2.3
64, 7, 4.0, 3.8, 3.5, 3.1, 2.1, 4.6, 4.6, 4.4, 4.1, 4.7, 1.5, 2.0, 1.9, 2.1
64, 8, 4.4, 4.8, 4.6, 4.1, 2.9, 5.6, 5.9, 5.8, 5.5, 6.0, 2.7, 3.3, 3.5, 3.6
64, 9, 3.3, 4.1, 4.1, 3.8, 3.0, 4.5, 5.1, 5.1, 4.9, 5.1, 2.5, 2.8, 3.4, 3.4
64,10, 2.2, 3.2, 3.4, 3.4, 2.9, 3.2, 4.0, 4.1, 4.1, 4.1, 2.2, 2.0, 2.8, 2.8
64,11, 1.3, 2.2, 2.4, 2.5, 2.3, 1.8, 2.5, 2.7, 2.8, 2.8, 1.7, 1.1, 1.8, 1.9
64,12, 0.8, 1.2, 1.4, 1.4, 1.3, 1.0, 1.3, 1.5, 1.5, 1.5, 0.8, 0.4, 0.8, 0.8
65, 1, 0.9, 1.3, 1.3, 1.3, 1.2, 1.0, 1.3, 1.4, 1.4, 1.4, 0.6, 0.3, 0.6, 0.6
65, 2, 1.5, 2.1, 2.2, 2.1, 1.9, 1.9, 2.3, 2.4, 2.4, 2.4, 1.0, 0.8, 1.2, 1.3
65, 3, 3.3, 4.6, 4.7, 4.7, 3.9, 4.8, 5.7, 5.9, 5.8, 5.9, 3.2, 3.2, 4.2, 4.2
65, 4, 3.5, 3.9, 3.8, 3.5, 2.6, 4.4, 4.7, 4.6, 4.4, 4.7, 1.7, 2.0, 2.3, 2.3
65, 5, 4.6, 4.8, 4.4, 3.9, 2.7, 5.6, 5.8, 5.6, 5.2, 5.9, 2.3, 2.9, 2.9, 3.1
65, 6, 5.9, 5.8, 5.3, 4.6, 2.9, 7.6, 7.7, 7.4, 6.9, 7.9, 3.8, 4.9, 4.7, 5.1
65, 7, 5.0, 5.0, 4.6, 4.1, 2.7, 6.1, 6.2, 6.0, 5.6, 6.3, 2.5, 3.2, 3.2, 3.4
65, 8, 4.1, 4.3, 4.1, 3.7, 2.7, 5.0, 5.3, 5.2, 4.9, 5.3, 2.1, 2.6, 2.8, 2.9
65, 9, 3.4, 4.2, 4.2, 3.9, 3.1, 4.5, 5.1, 5.1, 4.9, 5.1, 2.4, 2.6, 3.1, 3.1
65,10, 2.0, 2.6, 2.7, 2.7, 2.3, 2.5, 3.0, 3.1, 3.1, 3.2, 1.5, 1.3, 1.8, 1.8
65,11, 1.0, 1.4, 1.4, 1.4, 1.3, 1.2, 1.5, 1.5, 1.5, 1.5, 0.6, 0.4, 0.6, 0.7
65,12, 0.8, 1.3, 1.4, 1.5, 1.4, 1.0, 1.4, 1.5, 1.6, 1.6, 0.8, 0.4, 0.8, 0.9
66, 1, 0.9, 1.2, 1.3, 1.3, 1.2, 1.0, 1.3, 1.4, 1.4, 1.4, 0.6, 0.3, 0.6, 0.6
66, 2, 1.6, 2.2, 2.3, 2.3, 2.0, 2.0, 2.5, 2.6, 2.6, 2.6, 1.2, 0.9, 1.4, 1.4
66, 3, 2.5, 3.0, 3.1, 2.9, 2.3, 3.1, 3.5, 3.6, 3.5, 3.6, 1.3, 1.4, 1.8, 1.8
66, 4, 4.1, 4.6, 4.4, 4.1, 3.0, 5.3, 5.7, 5.6, 5.4, 5.7, 2.5, 3.0, 3.4, 3.5
66, 5, 5.3, 5.5, 5.2, 4.6, 3.0, 6.8, 7.0, 6.8, 6.4, 7.1, 3.2, 4.0, 4.1, 4.3
66, 6, 4.8, 4.7, 4.3, 3.7, 2.4, 5.7, 5.7, 5.4, 5.0, 5.8, 2.1, 2.7, 2.6, 2.8
66, 7, 4.4, 4.3, 4.0, 3.5, 2.3, 5.1, 5.1, 4.9, 4.6, 5.3, 1.7, 2.2, 2.2, 2.3
66, 8, 4.8, 5.3, 5.1, 4.6, 3.2, 6.3, 6.8, 6.6, 6.3, 6.8, 3.2, 3.9, 4.2, 4.3
66, 9, 3.5, 4.2, 4.2, 4.0, 3.1, 4.6, 5.2, 5.2, 5.1, 5.3, 2.5, 2.8, 3.3, 3.3
66,10, 2.0, 2.6, 2.7, 2.7, 2.2, 2.6, 3.1, 3.2, 3.1, 3.2, 1.4, 1.3, 1.8, 1.8
66,11, 1.2, 1.7, 1.8, 1.8, 1.6, 1.5, 1.8, 1.9, 2.0, 2.0, 0.9, 0.6, 1.0, 1.0
66,12, 0.7, 0.9, 0.9, 0.9, 0.8, 0.8, 0.9, 1.0, 1.0, 1.0, 0.3, 0.2, 0.3, 0.3
67, 1, 0.8, 1.0, 1.1, 1.0, 0.9, 0.9, 1.0, 1.1, 1.1, 1.1, 0.3, 0.2, 0.3, 0.3
67, 2, 1.5, 2.1, 2.2, 2.2, 1.9, 2.0, 2.4, 2.5, 2.5, 2.5, 1.1, 0.9, 1.3, 1.3
67, 3, 2.5, 3.1, 3.1, 3.0, 2.5, 3.2, 3.6, 3.7, 3.6, 3.7, 1.5, 1.5, 2.0, 2.0
67, 4, 4.0, 4.5, 4.4, 4.1, 3.0, 5.3, 5.7, 5.7, 5.4, 5.8, 2.3, 2.9, 3.3, 3.3
67, 5, 4.2, 4.2, 3.9, 3.4, 2.3, 4.9, 4.9, 4.7, 4.4, 5.0, 1.5, 2.0, 1.9, 2.1
67, 6, 5.6, 5.5, 5.1, 4.4, 2.8, 7.0, 7.1, 6.8, 6.3, 7.3, 3.3, 4.2, 4.0, 4.4
67, 7, 5.7, 5.7, 5.3, 4.6, 2.9, 7.3, 7.4, 7.2, 6.7, 7.6, 3.6, 4.6, 4.5, 4.9
67, 8, 5.3, 5.9, 5.7, 5.1, 3.5, 7.2, 7.8, 7.7, 7.3, 7.8, 4.0, 5.1, 5.4, 5.6
67, 9, 3.5, 4.3, 4.3, 4.1, 3.2, 4.7, 5.4, 5.4, 5.2, 5.4, 2.5, 2.8, 3.4, 3.4
67,10, 1.7, 2.1, 2.1, 2.1, 1.7, 2.0, 2.3, 2.4, 2.3, 2.4, 0.8, 0.7, 1.0, 1.0
67,11, 1.3, 2.0, 2.2, 2.2, 2.0, 1.7, 2.2, 2.4, 2.5, 2.5, 1.3, 0.9, 1.4, 1.5
67,12, 0.8, 1.2, 1.3, 1.4, 1.3, 1.0, 1.3, 1.4, 1.5, 1.5, 0.7, 0.4, 0.8, 0.8
68, 1, 0.9, 1.4, 1.4, 1.5, 1.3, 1.1, 1.5, 1.5, 1.6, 1.6, 0.7, 0.4, 0.8, 0.8
68, 2, 2.0, 3.3, 3.6, 3.7, 3.4, 3.1, 4.1, 4.3, 4.4, 4.4, 2.8, 2.2, 3.3, 3.4
68, 3, 2.4, 2.7, 2.7, 2.6, 2.0, 2.8, 3.1, 3.1, 3.0, 3.1, 1.0, 1.0, 1.3, 1.3
68, 4, 3.7, 4.0, 3.9, 3.6, 2.6, 4.6, 4.9, 4.8, 4.6, 4.9, 1.8, 2.2, 2.4, 2.5
68, 5, 4.8, 4.9, 4.6, 4.0, 2.7, 5.9, 6.1, 5.8, 5.5, 6.2, 2.3, 3.0, 3.0, 3.2
68, 6, 5.2, 5.2, 4.7, 4.1, 2.6, 6.4, 6.4, 6.1, 5.7, 6.6, 2.7, 3.4, 3.3, 3.6
68, 7, 5.7, 5.8, 5.3, 4.7, 3.0, 7.4, 7.6, 7.3, 6.8, 7.7, 3.7, 4.7, 4.6, 5.0
68, 8, 4.3, 4.6, 4.4, 4.0, 2.8, 5.3, 5.6, 5.5, 5.2, 5.7, 2.3, 2.9, 3.1, 3.2
68, 9, 3.5, 4.3, 4.4, 4.1, 3.2, 4.8, 5.4, 5.5, 5.3, 5.5, 2.6, 2.9, 3.5, 3.5
68,10, 1.9, 2.3, 2.4, 2.3, 1.9, 2.3, 2.7, 2.7, 2.7, 2.7, 1.0, 0.9, 1.3, 1.3
68,11, 1.0, 1.3, 1.4, 1.4, 1.2, 1.2, 1.4, 1.5, 1.5, 1.5, 0.5, 0.3, 0.6, 0.6
68,12, 0.8, 1.3, 1.4, 1.5, 1.4, 1.0, 1.4, 1.5, 1.6, 1.6, 0.8, 0.4, 0.8, 0.9
69, 1, 1.2, 1.8, 2.0, 2.1, 2.0, 1.5, 2.0, 2.2, 2.3, 2.3, 0.9, 0.6, 1.0, 1.1
69, 2, 1.8, 2.6, 2.8, 2.8, 2.5, 2.5, 3.1, 3.2, 3.3, 3.3, 1.5, 1.2, 1.8, 1.9
69, 3, 3.0, 3.9, 4.0, 3.9, 3.2, 4.2, 4.9, 5.0, 4.9, 5.0, 2.5, 2.6, 3.3, 3.3
69, 4, 3.1, 3.2, 3.1, 2.8, 2.1, 3.4, 3.5, 3.5, 3.3, 3.6, 0.9, 1.1, 1.2, 1.2
69, 5, 5.1, 5.3, 5.0, 4.4, 3.0, 6.5, 6.7, 6.5, 6.1, 6.8, 2.9, 3.7, 3.8, 4.0
69, 6, 5.0, 4.9, 4.5, 3.9, 2.5, 6.0, 6.0, 5.7, 5.3, 6.2, 2.4, 3.0, 2.9, 3.2
69, 7, 5.8, 5.9, 5.5, 4.8, 3.1, 7.5, 7.7, 7.4, 6.9, 7.8, 3.9, 4.9, 4.8, 5.2
69, 8, 4.5, 4.9, 4.8, 4.3, 3.0, 5.8, 6.2, 6.1, 5.8, 6.3, 2.7, 3.3, 3.5, 3.7
69, 9, 3.2, 3.7, 3.7, 3.4, 2.6, 4.0, 4.4, 4.4, 4.3, 4.5, 1.9, 2.1, 2.5, 2.5
69,10, 2.4, 3.4, 3.6, 3.6, 3.0, 3.4, 4.2, 4.3, 4.3, 4.4, 2.3, 2.2, 3.0, 3.0
69,11, 1.2, 1.9, 2.1, 2.1, 2.0, 1.6, 2.2, 2.3, 2.4, 2.4, 1.2, 0.8, 1.3, 1.4
69,12, 0.8, 1.1, 1.1, 1.1, 1.0, 0.9, 1.1, 1.2, 1.2, 1.2, 0.5, 0.3, 0.5, 0.5
70, 1, 0.9, 1.3, 1.4, 1.4, 1.3, 1.1, 1.4, 1.4, 1.5, 1.5, 0.6, 0.3, 0.6, 0.6
70, 2, 2.0, 3.1, 3.4, 3.5, 3.1, 3.0, 3.9, 4.1, 4.1, 4.1, 2.4, 2.0, 2.9, 3.0
70, 3, 3.1, 4.2, 4.3, 4.2, 3.5, 4.6, 5.4, 5.5, 5.4, 5.5, 2.9, 3.0, 3.8, 3.9
70, 4, 3.7, 4.1, 4.0, 3.7, 2.7, 4.8, 5.1, 5.1, 4.8, 5.2, 2.0, 2.5, 2.8, 2.8
70, 5, 4.9, 5.0, 4.7, 4.1, 2.8, 6.2, 6.4, 6.2, 5.8, 6.5, 2.6, 3.5, 3.5, 3.7
70, 6, 5.9, 5.9, 5.4, 4.7, 2.9, 7.6, 7.8, 7.4, 6.9, 7.9, 3.9, 5.0, 4.8, 5.2
70, 7, 5.4, 5.5, 5.1, 4.4, 2.8, 6.9, 7.0, 6.8, 6.3, 7.2, 3.3, 4.2, 4.1, 4.4
70, 8, 4.8, 5.3, 5.0, 4.6, 3.2, 6.3, 6.7, 6.6, 6.3, 6.8, 3.2, 4.0, 4.2, 4.4
70, 9, 3.5, 4.4, 4.4, 4.2, 3.3, 4.9, 5.6, 5.7, 5.5, 5.7, 2.7, 3.1, 3.7, 3.7
70,10, 2.3, 3.3, 3.5, 3.5, 3.0, 3.3, 4.1, 4.2, 4.2, 4.3, 2.3, 2.0, 2.8, 2.9
70,11, 1.2, 1.8, 2.0, 2.0, 1.8, 1.6, 2.0, 2.2, 2.2, 2.2, 1.1, 0.8, 1.2, 1.3
70,12, 0.8, 1.2, 1.3, 1.3, 1.2, 1.0, 1.3, 1.4, 1.4, 1.4, 0.6, 0.4, 0.7, 0.7
71, 1, 1.0, 1.3, 1.4, 1.4, 1.3, 1.1, 1.3, 1.4, 1.4, 1.5, 0.5, 0.3, 0.5, 0.5
71, 2, 1.8, 2.5, 2.7, 2.7, 2.4, 2.3, 2.9, 3.0, 3.1, 3.1, 1.5, 1.1, 1.7, 1.8
71, 3, 2.7, 3.4, 3.5, 3.3, 2.7, 3.5, 4.1, 4.1, 4.1, 4.2, 1.7, 1.8, 2.3, 2.3
71, 4, 3.8, 4.2, 4.0, 3.7, 2.7, 4.7, 5.0, 5.0, 4.7, 5.1, 2.0, 2.4, 2.7, 2.7
71, 5, 5.1, 5.3, 5.0, 4.4, 2.9, 6.4, 6.6, 6.4, 6.0, 6.7, 2.9, 3.7, 3.7, 3.9
71, 6, 4.3, 4.0, 3.7, 3.2, 2.2, 4.9, 4.8, 4.6, 4.2, 4.9, 1.2, 1.7, 1.6, 1.8
71, 7, 5.8, 5.8, 5.4, 4.7, 3.0, 7.4, 7.6, 7.3, 6.8, 7.8, 3.8, 4.8, 4.7, 5.1
71, 8, 4.8, 5.3, 5.0, 4.6, 3.2, 6.4, 6.8, 6.7, 6.4, 6.9, 3.2, 4.1, 4.3, 4.5
71, 9, 3.6, 4.4, 4.4, 4.2, 3.3, 5.1, 5.8, 5.8, 5.6, 5.8, 2.7, 3.3, 3.9, 3.9
71,10, 2.2, 3.0, 3.1, 3.1, 2.6, 3.0, 3.5, 3.7, 3.6, 3.7, 1.8, 1.6, 2.3, 2.3
71,11, 1.1, 1.5, 1.6, 1.6, 1.4, 1.3, 1.7, 1.7, 1.8, 1.8, 0.8, 0.5, 0.9, 0.9
71,12, 0.8, 1.3, 1.4, 1.5, 1.4, 1.1, 1.4, 1.5, 1.6, 1.6, 0.8, 0.5, 0.8, 0.9
72, 1, 1.1, 1.6, 1.7, 1.8, 1.6, 1.4, 1.8, 1.9, 1.9, 1.9, 0.8, 0.5, 0.9, 1.0
72, 2, 1.5, 1.9, 2.0, 2.0, 1.7, 1.8, 2.1, 2.2, 2.2, 2.2, 0.9, 0.6, 1.0, 1.0
72, 3, 2.4, 2.7, 2.7, 2.5, 2.0, 2.9, 3.2, 3.1, 3.0, 3.2, 0.9, 1.1, 1.3, 1.3
72, 4, 3.6, 3.9, 3.8, 3.4, 2.5, 4.3, 4.6, 4.5, 4.3, 4.6, 1.6, 2.0, 2.2, 2.2
72, 5, 4.9, 5.0, 4.7, 4.1, 2.7, 6.2, 6.3, 6.1, 5.7, 6.4, 2.6, 3.4, 3.4, 3.6
72, 6, 5.0, 4.8, 4.4, 3.9, 2.5, 5.9, 5.9, 5.6, 5.2, 6.1, 2.3, 2.9, 2.8, 3.0
72, 7, 5.8, 5.8, 5.3, 4.7, 3.0, 7.7, 7.8, 7.5, 7.1, 8.0, 4.0, 5.2, 5.1, 5.4
72, 8, 5.4, 6.0, 5.8, 5.3, 3.6, 7.4, 8.0, 7.9, 7.5, 8.1, 4.2, 5.3, 5.6, 5.8
72, 9, 3.5, 4.4, 4.4, 4.2, 3.3, 4.9, 5.6, 5.6, 5.4, 5.6, 2.7, 3.1, 3.7, 3.7
72,10, 2.6, 3.9, 4.2, 4.2, 3.7, 3.9, 4.9, 5.1, 5.2, 5.2, 3.0, 2.7, 3.8, 3.8
72,11, 1.3, 2.0, 2.1, 2.2, 2.0, 1.6, 2.2, 2.3, 2.4, 2.4, 1.3, 0.8, 1.4, 1.5
72,12, 0.9, 1.6, 1.7, 1.8, 1.8, 1.3, 1.8, 1.9, 2.0, 2.0, 1.1, 0.6, 1.1, 1.2
73, 1, 1.0, 1.5, 1.7, 1.7, 1.6, 1.3, 1.7, 1.8, 1.9, 1.9, 1.0, 0.6, 1.0, 1.1
73, 2, 1.8, 2.7, 2.9, 3.0, 2.7, 2.6, 3.3, 3.4, 3.5, 3.5, 1.9, 1.5, 2.2, 2.3
73, 3, 2.6, 3.2, 3.2, 3.0, 2.4, 3.3, 3.7, 3.7, 3.7, 3.8, 1.5, 1.6, 2.0, 2.0
73, 4, 3.9, 4.4, 4.3, 4.0, 2.9, 5.0, 5.4, 5.4, 5.1, 5.5, 2.3, 2.7, 3.1, 3.1
73, 5, 5.2, 5.3, 4.9, 4.3, 2.9, 6.6, 6.8, 6.6, 6.2, 6.9, 3.0, 3.9, 3.9, 4.1
73, 6, 4.6, 4.5, 4.1, 3.6, 2.4, 5.4, 5.4, 5.1, 4.8, 5.6, 1.8, 2.3, 2.2, 2.4
73, 7, 5.3, 5.3, 4.9, 4.3, 2.8, 6.7, 6.8, 6.6, 6.1, 7.0, 3.0, 3.8, 3.8, 4.1
73, 8, 4.5, 4.8, 4.6, 4.2, 2.9, 5.7, 6.1, 5.9, 5.6, 6.1, 2.6, 3.3, 3.5, 3.6
73, 9, 3.6, 4.3, 4.3, 4.1, 3.2, 5.0, 5.6, 5.6, 5.4, 5.6, 2.6, 3.1, 3.6, 3.6
73,10, 2.0, 2.5, 2.6, 2.5, 2.1, 2.5, 2.9, 3.0, 2.9, 3.0, 1.2, 1.1, 1.5, 1.5
73,11, 1.1, 1.6, 1.7, 1.7, 1.5, 1.4, 1.7, 1.8, 1.9, 1.9, 0.8, 0.6, 0.9, 0.9
73,12, 0.8, 1.1, 1.2, 1.3, 1.1, 0.9, 1.2, 1.3, 1.3, 1.4, 0.6, 0.3, 0.6, 0.6
74, 1, 0.9, 1.6, 1.8, 1.9, 1.7, 1.3, 1.8, 1.9, 2.0, 2.0, 1.3, 0.7, 1.3, 1.4
74, 2, 1.2, 1.5, 1.5, 1.4, 1.2, 1.4, 1.6, 1.6, 1.6, 1.6, 0.5, 0.4, 0.6, 0.6
74, 3, 2.2, 2.7, 2.7, 2.5, 2.1, 2.7, 3.0, 3.0, 3.0, 3.1, 1.2, 1.2, 1.5, 1.5
74, 4, 2.8, 2.9, 2.8, 2.5, 1.9, 3.1, 3.2, 3.2, 3.0, 3.3, 0.9, 1.1, 1.2, 1.2
74, 5, 4.1, 4.1, 3.8, 3.4, 2.3, 4.9, 5.0, 4.8, 4.5, 5.1, 1.8, 2.3, 2.4, 2.5
74, 6, 5.3, 5.2, 4.8, 4.2, 2.6, 6.6, 6.7, 6.4, 6.0, 6.9, 3.1, 4.0, 3.8, 4.2
74, 7, 4.8, 4.8, 4.5, 3.9, 2.6, 6.1, 6.2, 5.9, 5.6, 6.3, 2.7, 3.5, 3.4, 3.7
74, 8, 4.9, 5.3, 5.0, 4.6, 3.1, 6.4, 6.8, 6.7, 6.3, 6.9, 3.3, 4.2, 4.4, 4.5
74, 9, 4.0, 5.2, 5.3, 5.1, 4.0, 5.9, 6.8, 6.9, 6.8, 6.9, 3.8, 4.3, 5.2, 5.2
74,10, 2.5, 3.8, 4.0, 4.1, 3.5, 3.8, 4.8, 5.0, 5.0, 5.0, 2.9, 2.7, 3.7, 3.7
74,11, 1.1, 1.7, 1.8, 1.9, 1.7, 1.5, 1.9, 2.0, 2.1, 2.1, 1.1, 0.8, 1.2, 1.3
74,12, 0.7, 1.0, 1.1, 1.2, 1.1, 0.8, 1.1, 1.2, 1.3, 1.3, 0.7, 0.3, 0.7, 0.7
75, 1, 0.9, 1.2, 1.3, 1.3, 1.2, 1.1, 1.3, 1.4, 1.4, 1.4, 0.6, 0.4, 0.6, 0.6
75, 2, 1.5, 2.0, 2.0, 2.0, 1.8, 1.9, 2.2, 2.3, 2.3, 2.3, 0.9, 0.7, 1.1, 1.1
75, 3, 2.8, 3.6, 3.7, 3.6, 2.9, 3.8, 4.5, 4.5, 4.4, 4.6, 2.1, 2.2, 2.8, 2.8
75, 4, 3.8, 4.2, 4.1, 3.7, 2.7, 5.0, 5.3, 5.2, 5.0, 5.3, 2.1, 2.7, 3.0, 3.0
75, 5, 4.9, 5.0, 4.6, 4.1, 2.7, 6.1, 6.3, 6.0, 5.7, 6.4, 2.7, 3.4, 3.4, 3.6
75, 6, 4.9, 4.7, 4.3, 3.8, 2.5, 5.8, 5.8, 5.5, 5.1, 5.9, 2.2, 2.8, 2.7, 2.9
75, 7, 5.3, 5.4, 5.0, 4.4, 2.8, 6.6, 6.8, 6.5, 6.1, 6.9, 3.1, 3.9, 3.9, 4.1
75, 8, 3.8, 3.9, 3.6, 3.3, 2.3, 4.3, 4.5, 4.4, 4.1, 4.6, 1.5, 1.8, 1.9, 2.0
75, 9, 4.1, 5.2, 5.2, 5.0, 3.9, 6.1, 6.9, 7.0, 6.8, 7.0, 3.7, 4.3, 5.1, 5.1
75,10, 1.8, 2.1, 2.1, 2.1, 1.7, 2.1, 2.4, 2.4, 2.3, 2.4, 0.8, 0.8, 1.0, 1.0
75,11, 1.1, 1.5, 1.5, 1.5, 1.4, 1.3, 1.5, 1.6, 1.6, 1.6, 0.7, 0.4, 0.7, 0.8
75,12, 0.9, 1.6, 1.9, 2.0, 1.9, 1.3, 1.9, 2.0, 2.1, 2.2, 1.4, 0.8, 1.4, 1.5
76, 1, 1.0, 1.4, 1.5, 1.6, 1.4, 1.3, 1.6, 1.7, 1.7, 1.7, 0.8, 0.5, 0.9, 0.9
76, 2, 1.6, 2.2, 2.3, 2.3, 2.0, 2.0, 2.5, 2.6, 2.6, 2.6, 1.2, 0.9, 1.4, 1.5
76, 3, 2.5, 3.0, 3.0, 2.9, 2.3, 3.1, 3.5, 3.5, 3.4, 3.5, 1.3, 1.3, 1.7, 1.7
76, 4, 4.0, 4.4, 4.3, 3.9, 2.9, 5.1, 5.5, 5.4, 5.2, 5.6, 2.2, 2.8, 3.1, 3.1
76, 5, 4.6, 4.6, 4.3, 3.8, 2.6, 5.6, 5.7, 5.5, 5.2, 5.8, 2.2, 2.8, 2.9, 3.0
76, 6, 5.1, 5.0, 4.6, 4.0, 2.6, 6.0, 6.0, 5.8, 5.3, 6.2, 2.4, 3.0, 2.9, 3.1
76, 7, 5.1, 5.1, 4.8, 4.2, 2.7, 6.2, 6.3, 6.1, 5.7, 6.5, 2.7, 3.4, 3.4, 3.6
76, 8, 3.6, 3.7, 3.5, 3.2, 2.3, 4.2, 4.3, 4.2, 4.0, 4.4, 1.3, 1.6, 1.8, 1.8
76, 9, 3.5, 4.4, 4.4, 4.2, 3.3, 4.9, 5.6, 5.6, 5.5, 5.7, 2.7, 3.1, 3.7, 3.7
76,10, 2.3, 3.4, 3.6, 3.6, 3.1, 3.3, 4.1, 4.3, 4.3, 4.3, 2.3, 2.1, 2.9, 2.9
76,11, 1.5, 2.7, 3.0, 3.2, 3.0, 2.3, 3.2, 3.5, 3.6, 3.6, 2.3, 1.5, 2.5, 2.7
76,12, 0.9, 1.4, 1.6, 1.6, 1.5, 1.2, 1.6, 1.7, 1.8, 1.8, 0.9, 0.5, 1.0, 1.1
77, 1, 1.1, 2.1, 2.3, 2.4, 2.3, 1.7, 2.4, 2.6, 2.7, 2.7, 1.6, 1.0, 1.7, 1.8
77, 2, 1.6, 2.2, 2.3, 2.3, 2.0, 2.1, 2.6, 2.7, 2.7, 2.7, 1.3, 1.0, 1.5, 1.5
77, 3, 2.6, 3.1, 3.2, 3.0, 2.4, 3.3, 3.8, 3.8, 3.7, 3.8, 1.5, 1.7, 2.1, 2.1
77, 4, 4.1, 4.7, 4.5, 4.2, 3.1, 5.4, 5.9, 5.8, 5.6, 5.9, 2.6, 3.2, 3.5, 3.6
77, 5, 4.6, 4.7, 4.3, 3.8, 2.6, 5.6, 5.8, 5.6, 5.2, 5.8, 2.2, 2.8, 2.9, 3.0
77, 6, 5.1, 5.0, 4.6, 4.0, 2.6, 6.0, 6.1, 5.8, 5.4, 6.2, 2.4, 3.0, 2.9, 3.2
77, 7, 5.2, 5.2, 4.8, 4.2, 2.7, 6.5, 6.6, 6.3, 5.9, 6.7, 2.8, 3.7, 3.6, 3.9
77, 8, 4.5, 4.8, 4.5, 4.1, 2.8, 5.8, 6.1, 5.9, 5.6, 6.1, 2.7, 3.5, 3.6, 3.8
77, 9, 3.4, 4.1, 4.1, 3.9, 3.0, 4.7, 5.2, 5.2, 5.1, 5.3, 2.4, 2.8, 3.3, 3.3
77,10, 2.3, 3.2, 3.3, 3.3, 2.8, 3.1, 3.8, 4.0, 3.9, 4.0, 2.0, 1.8, 2.5, 2.5
77,11, 1.2, 1.7, 1.9, 1.9, 1.7, 1.5, 1.9, 2.0, 2.1, 2.1, 1.0, 0.6, 1.1, 1.1
77,12, 0.9, 1.4, 1.6, 1.6, 1.5, 1.2, 1.6, 1.7, 1.8, 1.8, 1.0, 0.5, 1.0, 1.1
78, 1, 0.9, 1.2, 1.3, 1.3, 1.1, 1.0, 1.3, 1.3, 1.4, 1.4, 0.5, 0.3, 0.5, 0.6
78, 2, 1.6, 2.2, 2.3, 2.3, 2.0, 2.1, 2.5, 2.6, 2.6, 2.7, 1.1, 1.0, 1.4, 1.4
78, 3, 2.7, 3.4, 3.4, 3.3, 2.7, 3.5, 4.0, 4.1, 4.0, 4.1, 1.7, 1.7, 2.2, 2.3
78, 4, 3.4, 3.6, 3.5, 3.2, 2.4, 3.9, 4.1, 4.0, 3.8, 4.2, 1.3, 1.5, 1.7, 1.7
78, 5, 5.0, 5.1, 4.7, 4.2, 2.8, 6.4, 6.6, 6.4, 6.0, 6.7, 2.9, 3.8, 3.8, 4.1
78, 6, 5.9, 5.8, 5.4, 4.7, 2.9, 7.5, 7.7, 7.3, 6.8, 7.8, 3.8, 4.8, 4.7, 5.1
78, 7, 5.2, 5.2, 4.8, 4.2, 2.7, 6.6, 6.7, 6.4, 6.0, 6.8, 3.0, 3.9, 3.8, 4.1
78, 8, 4.3, 4.6, 4.4, 3.9, 2.7, 5.4, 5.7, 5.5, 5.2, 5.7, 2.4, 3.0, 3.2, 3.3
78, 9, 3.0, 3.5, 3.4, 3.2, 2.5, 3.7, 4.1, 4.0, 3.9, 4.1, 1.5, 1.7, 2.0, 2.0
78,10, 2.5, 3.6, 3.9, 3.9, 3.3, 3.6, 4.5, 4.7, 4.7, 4.7, 2.6, 2.4, 3.3, 3.3
78,11, 1.4, 2.2, 2.4, 2.5, 2.3, 2.0, 2.6, 2.8, 2.8, 2.9, 1.6, 1.1, 1.8, 1.9
78,12, 1.0, 1.9, 2.2, 2.3, 2.2, 1.5, 2.2, 2.4, 2.5, 2.5, 1.6, 0.9, 1.6, 1.8
79, 1, 1.2, 2.1, 2.3, 2.5, 2.3, 1.8, 2.4, 2.7, 2.8, 2.8, 1.7, 1.1, 1.8, 2.0
79, 2, 1.4, 1.7, 1.7, 1.7, 1.4, 1.6, 1.8, 1.9, 1.8, 1.9, 0.6, 0.5, 0.7, 0.7
79, 3, 3.0, 3.8, 3.8, 3.7, 3.0, 4.1, 4.7, 4.8, 4.7, 4.8, 2.3, 2.5, 3.1, 3.1
79, 4, 3.7, 4.1, 3.9, 3.6, 2.6, 4.6, 4.9, 4.8, 4.6, 4.9, 1.8, 2.3, 2.5, 2.5
79, 5, 4.9, 5.0, 4.7, 4.2, 2.8, 6.1, 6.3, 6.1, 5.7, 6.4, 2.8, 3.5, 3.5, 3.7
79, 6, 5.5, 5.4, 5.0, 4.3, 2.8, 7.0, 7.0, 6.7, 6.3, 7.2, 3.1, 4.0, 3.9, 4.2
79, 7, 5.0, 4.9, 4.5, 4.0, 2.6, 6.1, 6.2, 6.0, 5.6, 6.4, 2.6, 3.4, 3.3, 3.6
79, 8, 4.3, 4.7, 4.4, 4.0, 2.8, 5.4, 5.7, 5.5, 5.2, 5.7, 2.4, 2.9, 3.1, 3.2
79, 9, 3.5, 4.2, 4.2, 4.0, 3.2, 4.8, 5.4, 5.4, 5.3, 5.5, 2.5, 3.0, 3.5, 3.6
79,10, 2.3, 3.1, 3.3, 3.2, 2.7, 3.1, 3.8, 3.9, 3.9, 3.9, 2.0, 1.9, 2.5, 2.5
79,11, 1.4, 2.3, 2.6, 2.7, 2.5, 2.0, 2.7, 2.9, 3.0, 3.0, 1.8, 1.2, 2.0, 2.1
79,12, 0.8, 1.0, 1.0, 1.0, 0.9, 0.8, 1.0, 1.1, 1.1, 1.1, 0.4, 0.2, 0.4, 0.4
80, 1, 1.3, 2.2, 2.5, 2.7, 2.5, 1.9, 2.6, 2.9, 3.0, 3.0, 1.8, 1.1, 1.9, 2.0
80, 2, 1.8, 2.5, 2.7, 2.7, 2.4, 2.3, 2.9, 3.1, 3.1, 3.1, 1.6, 1.3, 1.9, 1.9
80, 3, 2.5, 3.0, 3.0, 2.9, 2.3, 3.1, 3.5, 3.6, 3.5, 3.6, 1.3, 1.4, 1.7, 1.7
80, 4, 4.2, 4.7, 4.6, 4.2, 3.1, 5.5, 6.0, 5.9, 5.6, 6.0, 2.7, 3.3, 3.7, 3.7
80, 5, 4.5, 4.5, 4.2, 3.7, 2.5, 5.4, 5.5, 5.3, 5.0, 5.6, 2.0, 2.6, 2.7, 2.8
80, 6, 4.7, 4.6, 4.2, 3.6, 2.4, 5.5, 5.5, 5.2, 4.8, 5.6, 1.9, 2.4, 2.3, 2.5
80, 7, 5.3, 5.3, 4.9, 4.3, 2.8, 6.6, 6.7, 6.5, 6.0, 6.9, 3.1, 4.0, 3.9, 4.2
80, 8, 4.1, 4.3, 4.1, 3.7, 2.6, 5.1, 5.4, 5.2, 4.9, 5.4, 2.1, 2.7, 2.9, 3.0
80, 9, 3.2, 3.8, 3.8, 3.5, 2.7, 4.2, 4.7, 4.6, 4.5, 4.7, 2.0, 2.3, 2.7, 2.7
80,10, 2.4, 3.4, 3.6, 3.6, 3.1, 3.4, 4.2, 4.3, 4.3, 4.4, 2.3, 2.1, 2.9, 3.0
80,11, 1.1, 1.6, 1.8, 1.8, 1.6, 1.4, 1.8, 1.9, 2.0, 2.0, 0.9, 0.6, 1.0, 1.0
80,12, 0.8, 1.1, 1.1, 1.2, 1.1, 0.9, 1.1, 1.2, 1.2, 1.2, 0.4, 0.3, 0.4, 0.5
81, 1, 1.0, 1.8, 1.9, 2.0, 1.9, 1.5, 2.0, 2.2, 2.2, 2.3, 1.2, 0.7, 1.3, 1.4
81, 2, 1.7, 2.4, 2.6, 2.6, 2.3, 2.3, 2.8, 2.9, 3.0, 3.0, 1.5, 1.1, 1.7, 1.8
81, 3, 2.8, 3.6, 3.7, 3.6, 3.0, 3.8, 4.4, 4.5, 4.4, 4.5, 2.0, 2.1, 2.7, 2.7
81, 4, 3.6, 4.0, 3.8, 3.5, 2.6, 4.5, 4.8, 4.7, 4.5, 4.8, 1.8, 2.2, 2.5, 2.5
81, 5, 4.3, 4.3, 4.0, 3.6, 2.4, 5.2, 5.3, 5.1, 4.7, 5.4, 1.8, 2.3, 2.3, 2.4
81, 6, 4.5, 4.3, 4.0, 3.5, 2.3, 5.1, 5.1, 4.9, 4.5, 5.3, 1.6, 2.1, 2.0, 2.2
81, 7, 5.0, 5.0, 4.6, 4.0, 2.6, 6.2, 6.3, 6.0, 5.6, 6.4, 2.6, 3.3, 3.3, 3.5
81, 8, 4.6, 5.0, 4.7, 4.3, 2.9, 6.0, 6.3, 6.2, 5.8, 6.4, 2.9, 3.6, 3.8, 3.9
81, 9, 3.5, 4.3, 4.3, 4.1, 3.2, 4.9, 5.6, 5.6, 5.4, 5.6, 2.8, 3.3, 3.8, 3.8
81,10, 2.2, 3.2, 3.4, 3.4, 2.9, 3.2, 4.0, 4.1, 4.1, 4.2, 2.3, 2.1, 2.9, 2.9
81,11, 1.1, 1.7, 1.8, 1.9, 1.7, 1.5, 1.9, 2.1, 2.1, 2.1, 1.1, 0.8, 1.3, 1.3
81,12, 0.8, 1.2, 1.3, 1.4, 1.3, 1.0, 1.4, 1.5, 1.5, 1.5, 0.8, 0.4, 0.8, 0.9
82, 1, 0.8, 1.1, 1.1, 1.1, 1.0, 0.9, 1.1, 1.2, 1.2, 1.2, 0.4, 0.2, 0.4, 0.4
82, 2, 1.4, 2.0, 2.1, 2.2, 1.9, 1.9, 2.3, 2.4, 2.4, 2.5, 1.2, 0.9, 1.4, 1.5
82, 3, 2.7, 3.5, 3.6, 3.5, 2.8, 3.8, 4.4, 4.4, 4.4, 4.5, 2.1, 2.3, 2.8, 2.8
82, 4, 4.1, 4.6, 4.5, 4.1, 3.0, 5.5, 6.0, 5.9, 5.6, 6.0, 2.7, 3.5, 3.8, 3.9
82, 5, 5.2, 5.3, 4.9, 4.3, 2.8, 6.7, 6.9, 6.6, 6.2, 7.0, 3.1, 4.1, 4.1, 4.3
82, 6, 5.3, 5.2, 4.7, 4.1, 2.6, 6.5, 6.5, 6.2, 5.8, 6.7, 3.0, 3.8, 3.7, 4.0
82, 7, 4.6, 4.6, 4.2, 3.7, 2.5, 5.3, 5.4, 5.2, 4.8, 5.5, 2.0, 2.5, 2.4, 2.6
82, 8, 4.5, 4.9, 4.7, 4.2, 3.0, 5.6, 6.0, 5.8, 5.5, 6.0, 2.5, 3.1, 3.3, 3.4
82, 9, 3.5, 4.3, 4.4, 4.2, 3.3, 4.8, 5.4, 5.5, 5.3, 5.5, 2.6, 2.9, 3.5, 3.5
82,10, 2.0, 2.8, 3.0, 2.9, 2.5, 2.8, 3.4, 3.5, 3.5, 3.5, 1.8, 1.6, 2.3, 2.3
82,11, 1.3, 2.1, 2.3, 2.4, 2.2, 1.8, 2.4, 2.6, 2.7, 2.7, 1.6, 1.0, 1.7, 1.8
82,12, 0.8, 1.4, 1.5, 1.6, 1.5, 1.0, 1.5, 1.7, 1.7, 1.8, 1.0, 0.5, 1.0, 1.1
83, 1, 0.8, 1.0, 1.1, 1.1, 1.0, 0.9, 1.1, 1.2, 1.2, 1.2, 0.5, 0.3, 0.5, 0.6
83, 2, 1.4, 1.8, 1.9, 1.9, 1.7, 1.6, 2.0, 2.1, 2.1, 2.1, 0.9, 0.7, 1.1, 1.1
83, 3, 2.5, 3.1, 3.1, 3.0, 2.4, 3.2, 3.7, 3.7, 3.6, 3.7, 1.6, 1.6, 2.1, 2.1
83, 4, 4.3, 5.0, 4.8, 4.5, 3.3, 5.9, 6.4, 6.3, 6.1, 6.4, 2.9, 3.6, 4.0, 4.1
83, 5, 4.9, 5.0, 4.7, 4.2, 2.8, 6.1, 6.3, 6.0, 5.6, 6.3, 2.8, 3.4, 3.5, 3.7
83, 6, 4.6, 4.5, 4.2, 3.6, 2.3, 5.5, 5.6, 5.3, 4.9, 5.7, 2.1, 2.7, 2.6, 2.8
83, 7, 4.7, 4.7, 4.3, 3.8, 2.5, 5.7, 5.8, 5.6, 5.2, 5.9, 2.3, 3.0, 3.0, 3.2
83, 8, 5.0, 5.5, 5.3, 4.8, 3.3, 6.7, 7.2, 7.0, 6.7, 7.2, 3.6, 4.4, 4.7, 4.8
83, 9, 3.7, 4.7, 4.7, 4.5, 3.6, 5.2, 5.9, 6.0, 5.8, 6.0, 3.0, 3.4, 4.1, 4.1
83,10, 2.2, 3.0, 3.2, 3.2, 2.7, 3.0, 3.7, 3.8, 3.8, 3.8, 2.0, 1.8, 2.4, 2.5
83,11, 1.0, 1.4, 1.5, 1.6, 1.4, 1.2, 1.6, 1.7, 1.7, 1.7, 0.9, 0.6, 1.0, 1.0
83,12, 0.9, 1.8, 2.0, 2.1, 2.1, 1.4, 2.0, 2.2, 2.3, 2.4, 1.5, 0.9, 1.6, 1.7
84, 1, 0.9, 1.6, 1.8, 1.9, 1.7, 1.3, 1.8, 2.0, 2.0, 2.1, 1.3, 0.8, 1.3, 1.4
84, 2, 1.4, 1.9, 2.0, 2.0, 1.7, 1.8, 2.1, 2.2, 2.2, 2.3, 1.0, 0.8, 1.2, 1.3
84, 3, 2.5, 3.2, 3.3, 3.1, 2.5, 3.3, 3.8, 3.9, 3.8, 3.9, 1.8, 1.8, 2.3, 2.3
84, 4, 4.0, 4.4, 4.3, 4.0, 2.9, 5.2, 5.6, 5.6, 5.3, 5.7, 2.4, 3.0, 3.3, 3.4
84, 5, 4.3, 4.3, 4.1, 3.6, 2.4, 5.2, 5.3, 5.1, 4.8, 5.4, 2.0, 2.6, 2.6, 2.7
84, 6, 4.5, 4.4, 4.1, 3.5, 2.3, 5.3, 5.3, 5.0, 4.7, 5.4, 1.9, 2.4, 2.3, 2.5
84, 7, 6.0, 6.1, 5.7, 4.9, 3.1, 7.9, 8.1, 7.8, 7.4, 8.3, 4.2, 5.3, 5.3, 5.7
84, 8, 4.7, 5.2, 4.9, 4.5, 3.1, 6.3, 6.7, 6.6, 6.2, 6.7, 3.1, 3.9, 4.1, 4.3
84, 9, 3.5, 4.4, 4.4, 4.2, 3.3, 4.8, 5.5, 5.6, 5.4, 5.6, 2.8, 3.0, 3.7, 3.7
84,10, 1.9, 2.6, 2.7, 2.7, 2.3, 2.5, 3.0, 3.1, 3.1, 3.2, 1.5, 1.3, 1.8, 1.8
84,11, 1.0, 1.4, 1.4, 1.5, 1.3, 1.2, 1.5, 1.5, 1.6, 1.6, 0.7, 0.4, 0.7, 0.8
84,12, 0.9, 1.7, 1.9, 2.0, 2.0, 1.4, 1.9, 2.1, 2.2, 2.3, 1.4, 0.8, 1.5, 1.6
85, 1, 1.2, 2.3, 2.7, 2.8, 2.7, 1.9, 2.7, 3.0, 3.1, 3.2, 2.0, 1.2, 2.2, 2.3
85, 2, 1.5, 2.2, 2.3, 2.4, 2.1, 2.1, 2.6, 2.7, 2.7, 2.8, 1.4, 1.1, 1.6, 1.7
85, 3, 2.6, 3.5, 3.6, 3.5, 2.9, 3.7, 4.4, 4.4, 4.4, 4.5, 2.2, 2.3, 2.9, 2.9
85, 4, 3.6, 4.0, 3.8, 3.5, 2.6, 4.5, 4.8, 4.7, 4.5, 4.8, 1.9, 2.3, 2.6, 2.6
85, 5, 4.5, 4.6, 4.3, 3.8, 2.5, 5.6, 5.8, 5.6, 5.2, 5.9, 2.2, 2.9, 2.9, 3.1
85, 6, 5.8, 5.7, 5.2, 4.5, 2.8, 7.5, 7.6, 7.3, 6.8, 7.8, 3.8, 4.8, 4.7, 5.1
85, 7, 6.2, 6.3, 5.8, 5.1, 3.2, 8.2, 8.4, 8.1, 7.6, 8.6, 4.5, 5.7, 5.6, 6.0
85, 8, 5.3, 5.9, 5.7, 5.1, 3.6, 7.2, 7.8, 7.7, 7.3, 7.8, 4.1, 5.1, 5.5, 5.6
85, 9, 3.5, 4.5, 4.6, 4.3, 3.4, 5.0, 5.7, 5.8, 5.6, 5.8, 2.9, 3.3, 3.9, 3.9
85,10, 1.9, 2.5, 2.6, 2.5, 2.2, 2.4, 2.9, 3.0, 3.0, 3.0, 1.4, 1.2, 1.7, 1.7
85,11, 1.3, 2.3, 2.5, 2.7, 2.5, 2.0, 2.7, 2.9, 3.0, 3.0, 1.8, 1.1, 1.9, 2.0
85,12, 1.1, 2.3, 2.6, 2.8, 2.7, 1.7, 2.6, 2.9, 3.1, 3.2, 2.2, 1.2, 2.2, 2.4
86, 1, 0.9, 1.2, 1.3, 1.3, 1.2, 1.0, 1.3, 1.4, 1.4, 1.4, 0.6, 0.4, 0.6, 0.7
86, 2, 1.6, 2.3, 2.5, 2.5, 2.2, 2.2, 2.7, 2.8, 2.9, 2.9, 1.5, 1.1, 1.8, 1.8
86, 3, 2.3, 2.9, 2.9, 2.8, 2.3, 2.9, 3.3, 3.4, 3.3, 3.4, 1.4, 1.4, 1.8, 1.8
86, 4, 3.2, 3.5, 3.4, 3.1, 2.3, 4.0, 4.2, 4.2, 4.0, 4.3, 1.5, 1.8, 2.0, 2.1
86, 5, 4.6, 4.7, 4.4, 3.8, 2.6, 5.8, 5.9, 5.7, 5.4, 6.0, 2.5, 3.3, 3.3, 3.5
86, 6, 5.3, 5.1, 4.7, 4.1, 2.6, 6.6, 6.7, 6.4, 5.9, 6.8, 3.0, 3.9, 3.8, 4.1
86, 7, 4.6, 4.6, 4.2, 3.7, 2.4, 5.5, 5.6, 5.4, 5.0, 5.7, 2.2, 2.8, 2.7, 2.9
86, 8, 5.1, 5.6, 5.4, 4.9, 3.4, 6.7, 7.2, 7.1, 6.7, 7.3, 3.7, 4.5, 4.8, 5.0
86, 9, 3.3, 4.0, 4.0, 3.8, 2.9, 4.3, 4.9, 4.9, 4.7, 4.9, 2.2, 2.5, 2.9, 2.9
86,10, 2.2, 3.1, 3.2, 3.2, 2.8, 3.0, 3.7, 3.8, 3.8, 3.9, 2.0, 1.8, 2.5, 2.5
86,11, 1.1, 1.7, 1.9, 1.9, 1.7, 1.5, 1.9, 2.1, 2.1, 2.1, 1.1, 0.7, 1.2, 1.2
86,12, 0.9, 1.7, 1.9, 2.1, 2.0, 1.4, 2.0, 2.2, 2.3, 2.3, 1.5, 0.9, 1.6, 1.7
87, 1, 0.9, 1.5, 1.7, 1.8, 1.6, 1.3, 1.7, 1.8, 1.9, 1.9, 1.1, 0.6, 1.1, 1.2
87, 2, 1.6, 2.3, 2.5, 2.5, 2.2, 2.2, 2.7, 2.8, 2.8, 2.9, 1.5, 1.2, 1.7, 1.8
87, 3, 2.6, 3.2, 3.2, 3.1, 2.5, 3.5, 4.0, 4.0, 3.9, 4.0, 1.8, 2.0, 2.4, 2.4
87, 4, 3.9, 4.4, 4.3, 3.9, 2.9, 5.0, 5.4, 5.3, 5.1, 5.4, 2.4, 2.8, 3.1, 3.2
87, 5, 4.9, 5.1, 4.8, 4.2, 2.8, 6.4, 6.6, 6.4, 6.0, 6.7, 3.1, 3.9, 4.0, 4.2
87, 6, 5.8, 5.7, 5.3, 4.6, 2.8, 7.5, 7.7, 7.3, 6.8, 7.8, 3.8, 4.9, 4.7, 5.2
87, 7, 5.1, 5.1, 4.7, 4.2, 2.7, 6.3, 6.4, 6.2, 5.8, 6.6, 3.0, 3.7, 3.7, 3.9
87, 8, 5.0, 5.4, 5.2, 4.7, 3.3, 6.6, 7.1, 6.9, 6.6, 7.1, 3.5, 4.4, 4.7, 4.8
87, 9, 4.0, 5.1, 5.1, 4.9, 3.8, 5.7, 6.5, 6.6, 6.4, 6.6, 3.5, 4.0, 4.7, 4.8
87,10, 2.7, 4.2, 4.5, 4.5, 3.9, 4.2, 5.3, 5.5, 5.5, 5.6, 3.3, 3.0, 4.2, 4.2
87,11, 1.1, 1.7, 1.8, 1.8, 1.6, 1.5, 1.9, 2.0, 2.0, 2.0, 1.0, 0.6, 1.1, 1.1
87,12, 0.9, 1.7, 2.0, 2.1, 2.0, 1.3, 2.0, 2.2, 2.3, 2.3, 1.4, 0.8, 1.5, 1.6
88, 1, 0.9, 1.4, 1.5, 1.5, 1.4, 1.2, 1.5, 1.6, 1.7, 1.7, 0.8, 0.5, 0.9, 1.0
88, 2, 1.6, 2.1, 2.2, 2.2, 1.9, 2.0, 2.4, 2.5, 2.5, 2.5, 1.2, 0.9, 1.4, 1.4
88, 3, 2.5, 3.1, 3.1, 3.0, 2.5, 3.2, 3.7, 3.7, 3.7, 3.8, 1.6, 1.7, 2.1, 2.2
88, 4, 3.8, 4.2, 4.1, 3.7, 2.7, 4.9, 5.3, 5.2, 5.0, 5.3, 2.3, 2.8, 3.1, 3.2
88, 5, 4.1, 4.1, 3.8, 3.3, 2.3, 5.0, 5.1, 4.9, 4.6, 5.1, 1.8, 2.4, 2.4, 2.5
88, 6, 5.4, 5.3, 4.8, 4.2, 2.7, 6.8, 6.8, 6.6, 6.1, 7.0, 3.1, 4.0, 3.9, 4.2
88, 7, 5.6, 5.7, 5.3, 4.6, 2.9, 7.3, 7.5, 7.2, 6.8, 7.6, 3.7, 4.8, 4.7, 5.0
88, 8, 4.7, 5.2, 5.0, 4.5, 3.1, 6.3, 6.7, 6.5, 6.2, 6.7, 3.2, 4.0, 4.3, 4.4
88, 9, 3.7, 4.6, 4.7, 4.4, 3.5, 5.1, 5.9, 5.9, 5.8, 6.0, 3.1, 3.5, 4.2, 4.2
88,10, 1.9, 2.5, 2.5, 2.5, 2.1, 2.5, 2.9, 3.0, 2.9, 3.0, 1.4, 1.3, 1.7, 1.8
88,11, 1.1, 1.5, 1.6, 1.7, 1.5, 1.3, 1.7, 1.8, 1.8, 1.8, 0.9, 0.6, 1.0, 1.0
88,12, 0.8, 1.3, 1.5, 1.5, 1.5, 1.1, 1.5, 1.6, 1.7, 1.7, 1.0, 0.5, 1.0, 1.1
89, 1, 0.9, 1.2, 1.3, 1.3, 1.2, 1.0, 1.3, 1.4, 1.4, 1.4, 0.6, 0.4, 0.7, 0.7
89, 2, 1.9, 3.1, 3.4, 3.5, 3.2, 2.8, 3.7, 4.0, 4.1, 4.1, 2.5, 1.9, 2.9, 3.0
89, 3, 2.2, 2.6, 2.6, 2.5, 2.0, 2.7, 3.0, 3.0, 3.0, 3.1, 1.1, 1.2, 1.5, 1.5
89, 4, 4.3, 4.8, 4.7, 4.3, 3.1, 5.9, 6.4, 6.3, 6.0, 6.4, 3.1, 3.9, 4.3, 4.3
89, 5, 4.7, 4.8, 4.5, 4.0, 2.7, 5.9, 6.1, 5.8, 5.5, 6.1, 2.6, 3.2, 3.3, 3.5
89, 6, 5.2, 5.1, 4.7, 4.0, 2.6, 6.6, 6.7, 6.4, 6.0, 6.9, 3.0, 4.0, 3.8, 4.2
89, 7, 4.8, 4.8, 4.4, 3.9, 2.5, 5.8, 5.9, 5.7, 5.3, 6.1, 2.4, 3.0, 3.0, 3.2
89, 8, 4.4, 4.8, 4.6, 4.1, 2.9, 5.6, 6.0, 5.8, 5.5, 6.0, 2.8, 3.4, 3.6, 3.7
89, 9, 4.4, 5.7, 5.8, 5.5, 4.3, 6.7, 7.7, 7.8, 7.6, 7.8, 4.4, 5.1, 6.1, 6.1
89,10, 2.1, 3.0, 3.2, 3.1, 2.7, 3.0, 3.7, 3.8, 3.8, 3.8, 2.0, 1.8, 2.5, 2.5
89,11, 1.0, 1.5, 1.6, 1.6, 1.5, 1.3, 1.7, 1.8, 1.8, 1.8, 0.9, 0.6, 1.0, 1.0
89,12, 0.8, 1.2, 1.3, 1.3, 1.2, 0.9, 1.3, 1.4, 1.4, 1.4, 0.7, 0.4, 0.7, 0.8
90, 1, 0.9, 1.2, 1.3, 1.3, 1.2, 1.0, 1.3, 1.4, 1.4, 1.5, 0.6, 0.4, 0.7, 0.8
90, 2, 1.8, 2.6, 2.8, 2.9, 2.6, 2.6, 3.2, 3.3, 3.4, 3.4, 1.7, 1.5, 2.1, 2.1
90, 3, 2.6, 3.3, 3.4, 3.3, 2.7, 3.5, 4.1, 4.1, 4.0, 4.1, 2.0, 2.0, 2.6, 2.6
90, 4, 3.4, 3.7, 3.6, 3.3, 2.4, 4.2, 4.5, 4.4, 4.2, 4.5, 1.7, 2.1, 2.3, 2.4
90, 5, 4.3, 4.3, 4.0, 3.5, 2.4, 5.2, 5.3, 5.2, 4.8, 5.4, 2.0, 2.6, 2.6, 2.8
90, 6, 4.2, 4.1, 3.7, 3.2, 2.1, 5.0, 4.9, 4.7, 4.4, 5.1, 1.7, 2.2, 2.2, 2.3
90, 7, 6.1, 6.2, 5.7, 5.0, 3.1, 8.3, 8.5, 8.2, 7.7, 8.7, 4.5, 5.9, 5.8, 6.2
90, 8, 4.6, 5.0, 4.8, 4.3, 3.0, 6.0, 6.4, 6.3, 6.0, 6.5, 3.1, 3.8, 4.0, 4.2
90, 9, 3.7, 4.5, 4.5, 4.3, 3.3, 5.1, 5.8, 5.8, 5.6, 5.8, 2.9, 3.4, 4.0, 4.0
90,10, 1.8, 2.3, 2.3, 2.3, 1.9, 2.3, 2.7, 2.7, 2.7, 2.8, 1.1, 1.1, 1.4, 1.5
90,11, 1.0, 1.3, 1.4, 1.4, 1.2, 1.2, 1.4, 1.5, 1.5, 1.5, 0.6, 0.4, 0.7, 0.8
90,12, 0.8, 1.3, 1.4, 1.5, 1.4, 1.1, 1.5, 1.6, 1.6, 1.6, 0.9, 0.5, 0.9, 1.0
