"City:    ","WATERLOO              "
"State:   ","IA"
"WBAN No: ", 94910
"Lat(N):  ", 42.55
"Long(W): ", 92.40
"Elev(m): ",   265
"Pres(mb):",   985
"Stn Type:","Secondary"
"MONTHLY SOLAR RADIATION (kWh/m2/day)"
"COLUMN A: Year"
"COLUMN B: Month"
"COLUMN C: Flat-Plate Collector Facing South at Fixed Tilt=0"
"COLUMN D: Flat-Plate Collector Facing South at Fixed Tilt=Lat-15"
"COLUMN E: Flat-Plate Collector Facing South at Fixed Tilt=Lat"
"COLUMN F: Flat-Plate Collector Facing South at Fixed Tilt=Lat+15"
"COLUMN G: Flat-Plate Collector Facing South at Fixed Tilt=90"
"COLUMN H: 1-Axis Tracking Flat-Plate Collector with North-South Axis, Axis Tilt=0"
"COLUMN I: 1-Axis Tracking Flat-Plate Collector with North-South Axis, Axis Tilt=Lat-15"
"COLUMN J: 1-Axis Tracking Flat-Plate Collector with North-South Axis, Axis Tilt=Lat"
"COLUMN K: 1-Axis Tracking Flat-Plate Collector with North-South Axis, Axis Tilt=Lat+15"
"COLUMN L: 2-Axis Tracking Flat-Plate Collector"
"COLUMN M: 1-Axis Tracking Concentrating Collector with East-West Horizontal Axis"
"COLUMN N: 1-Axis Tracking Concentrating Collector with North-South Horizontal Axis"
"COLUMN O: 1-Axis Tracking Concentrating Collector with North-South Axis, Axis Tilt=Lat"
"COLUMN P: 2-Axis Tracking Concentrating Collector"
"COL A","COL B","COL C","COL D","COL E","COL F","COL G","COL H","COL I","COL J","COL K","COL L","COL M","COL N","COL O","COL P"
61, 1, 1.9, 3.1, 3.6, 3.8, 3.7, 2.9, 3.8, 4.2, 4.4, 4.4, 2.6, 1.8, 2.8, 3.0
61, 2, 2.5, 3.5, 3.9, 4.0, 3.5, 3.5, 4.3, 4.6, 4.7, 4.7, 2.3, 2.0, 2.8, 2.9
61, 3, 3.3, 3.9, 4.0, 3.9, 3.2, 4.2, 4.7, 4.8, 4.7, 4.8, 1.9, 2.0, 2.5, 2.5
61, 4, 4.3, 4.6, 4.4, 4.1, 2.8, 5.4, 5.7, 5.6, 5.3, 5.7, 2.1, 2.8, 2.9, 3.0
61, 5, 5.9, 6.0, 5.6, 5.0, 2.9, 7.7, 7.9, 7.6, 7.2, 8.0, 3.7, 4.9, 4.8, 5.1
61, 6, 6.6, 6.5, 5.9, 5.1, 2.8, 8.8, 8.8, 8.5, 7.9, 9.0, 4.3, 5.7, 5.4, 5.8
61, 7, 6.2, 6.2, 5.7, 5.0, 2.8, 8.1, 8.2, 7.9, 7.4, 8.4, 4.0, 5.2, 5.0, 5.4
61, 8, 5.8, 6.2, 6.0, 5.5, 3.4, 7.9, 8.3, 8.2, 7.8, 8.4, 4.1, 5.4, 5.6, 5.7
61, 9, 3.9, 4.5, 4.5, 4.3, 3.1, 5.2, 5.7, 5.7, 5.6, 5.8, 2.6, 3.1, 3.6, 3.6
61,10, 3.3, 4.5, 4.8, 4.9, 4.0, 4.8, 5.7, 6.0, 6.0, 6.0, 3.4, 3.3, 4.3, 4.4
61,11, 1.9, 2.8, 3.1, 3.2, 2.9, 2.7, 3.4, 3.6, 3.7, 3.8, 2.2, 1.6, 2.4, 2.6
61,12, 1.5, 2.3, 2.6, 2.8, 2.7, 2.1, 2.7, 3.0, 3.1, 3.1, 1.5, 1.0, 1.6, 1.7
62, 1, 1.9, 3.0, 3.4, 3.6, 3.5, 2.9, 3.6, 3.9, 4.1, 4.2, 2.1, 1.5, 2.3, 2.4
62, 2, 2.6, 3.4, 3.7, 3.8, 3.5, 3.4, 4.1, 4.3, 4.4, 4.4, 1.9, 1.6, 2.2, 2.3
62, 3, 4.0, 4.9, 5.1, 5.1, 4.3, 5.3, 6.0, 6.2, 6.2, 6.2, 2.6, 2.8, 3.4, 3.4
62, 4, 4.9, 5.4, 5.3, 4.8, 3.2, 6.6, 7.1, 7.0, 6.7, 7.1, 3.3, 4.3, 4.6, 4.6
62, 5, 5.7, 5.8, 5.5, 4.8, 2.8, 7.3, 7.5, 7.3, 6.8, 7.6, 3.5, 4.6, 4.5, 4.8
62, 6, 6.1, 6.0, 5.5, 4.8, 2.6, 7.9, 7.9, 7.6, 7.1, 8.1, 3.6, 4.8, 4.5, 4.9
62, 7, 5.6, 5.5, 5.1, 4.4, 2.5, 7.2, 7.3, 7.0, 6.6, 7.4, 3.0, 4.1, 4.0, 4.3
62, 8, 5.6, 5.9, 5.7, 5.2, 3.2, 7.6, 7.9, 7.8, 7.4, 8.0, 3.8, 5.0, 5.2, 5.3
62, 9, 4.3, 5.1, 5.2, 5.0, 3.6, 6.1, 6.7, 6.8, 6.6, 6.8, 3.3, 4.0, 4.6, 4.6
62,10, 2.9, 3.9, 4.1, 4.2, 3.5, 4.1, 4.8, 5.0, 5.1, 5.1, 2.7, 2.6, 3.4, 3.4
62,11, 2.0, 3.0, 3.3, 3.5, 3.1, 2.8, 3.5, 3.8, 3.9, 4.0, 2.2, 1.6, 2.5, 2.6
62,12, 1.6, 2.6, 3.0, 3.3, 3.1, 2.4, 3.1, 3.5, 3.7, 3.7, 2.3, 1.5, 2.4, 2.6
63, 1, 1.8, 2.7, 3.0, 3.2, 3.1, 2.6, 3.3, 3.5, 3.7, 3.7, 1.9, 1.4, 2.1, 2.2
63, 2, 2.7, 3.8, 4.1, 4.3, 3.9, 3.8, 4.7, 5.0, 5.1, 5.1, 2.6, 2.3, 3.2, 3.2
63, 3, 3.7, 4.4, 4.5, 4.4, 3.5, 4.9, 5.5, 5.6, 5.5, 5.6, 2.6, 2.9, 3.5, 3.5
63, 4, 4.7, 5.2, 5.1, 4.7, 3.1, 6.3, 6.7, 6.7, 6.4, 6.8, 3.0, 4.0, 4.3, 4.3
63, 5, 5.8, 5.9, 5.5, 4.9, 2.8, 7.6, 7.8, 7.5, 7.1, 7.8, 3.6, 4.8, 4.7, 4.9
63, 6, 6.9, 6.8, 6.3, 5.4, 2.9, 9.1, 9.1, 8.8, 8.2, 9.3, 4.6, 5.9, 5.6, 6.1
63, 7, 6.2, 6.2, 5.8, 5.0, 2.8, 8.2, 8.3, 8.0, 7.5, 8.5, 4.0, 5.3, 5.2, 5.5
63, 8, 5.4, 5.7, 5.5, 5.0, 3.1, 7.1, 7.4, 7.3, 6.9, 7.5, 3.3, 4.4, 4.5, 4.6
63, 9, 4.1, 4.9, 4.9, 4.7, 3.5, 5.6, 6.2, 6.2, 6.1, 6.2, 2.9, 3.4, 3.9, 3.9
63,10, 3.4, 4.7, 5.0, 5.1, 4.2, 4.8, 5.8, 6.1, 6.1, 6.2, 3.5, 3.3, 4.3, 4.4
63,11, 1.9, 2.8, 3.1, 3.2, 2.9, 2.7, 3.3, 3.6, 3.7, 3.7, 2.1, 1.6, 2.4, 2.5
63,12, 1.7, 2.9, 3.3, 3.6, 3.6, 2.5, 3.5, 3.8, 4.1, 4.1, 2.5, 1.6, 2.6, 2.8
64, 1, 2.0, 3.3, 3.8, 4.0, 3.8, 3.0, 4.0, 4.4, 4.6, 4.6, 2.9, 2.0, 3.2, 3.4
64, 2, 2.8, 4.1, 4.5, 4.7, 4.0, 4.2, 5.2, 5.5, 5.6, 5.6, 3.3, 2.8, 3.9, 4.0
64, 3, 3.7, 4.4, 4.6, 4.5, 3.7, 5.0, 5.6, 5.7, 5.6, 5.7, 2.5, 2.8, 3.3, 3.3
64, 4, 4.4, 4.8, 4.7, 4.3, 2.9, 5.6, 5.9, 5.8, 5.6, 5.9, 2.5, 3.1, 3.3, 3.4
64, 5, 6.2, 6.3, 5.9, 5.2, 3.0, 8.3, 8.5, 8.2, 7.8, 8.6, 4.1, 5.5, 5.4, 5.7
64, 6, 6.3, 6.2, 5.7, 4.9, 2.7, 8.2, 8.2, 7.9, 7.3, 8.4, 4.0, 5.3, 5.0, 5.4
64, 7, 6.6, 6.7, 6.2, 5.4, 3.0, 8.9, 9.0, 8.7, 8.2, 9.2, 4.5, 5.9, 5.7, 6.2
64, 8, 5.4, 5.8, 5.6, 5.1, 3.2, 7.2, 7.5, 7.4, 7.0, 7.6, 3.4, 4.5, 4.6, 4.8
64, 9, 4.1, 4.8, 4.8, 4.6, 3.3, 5.5, 6.1, 6.1, 5.9, 6.1, 2.8, 3.3, 3.8, 3.8
64,10, 3.3, 4.6, 4.9, 5.0, 4.1, 4.8, 5.7, 6.0, 6.1, 6.1, 3.4, 3.3, 4.3, 4.3
64,11, 1.9, 2.8, 3.2, 3.3, 3.1, 2.7, 3.4, 3.7, 3.8, 3.9, 2.2, 1.6, 2.5, 2.6
64,12, 1.4, 2.1, 2.3, 2.5, 2.3, 1.8, 2.4, 2.6, 2.7, 2.7, 1.5, 0.9, 1.5, 1.7
65, 1, 1.8, 2.9, 3.3, 3.6, 3.4, 2.7, 3.5, 3.8, 4.0, 4.1, 2.4, 1.6, 2.6, 2.8
65, 2, 2.6, 3.7, 4.1, 4.3, 3.9, 3.8, 4.6, 4.9, 5.0, 5.0, 2.5, 2.2, 3.0, 3.1
65, 3, 3.8, 4.5, 4.7, 4.7, 4.0, 4.9, 5.6, 5.7, 5.7, 5.7, 2.3, 2.5, 3.0, 3.0
65, 4, 4.4, 4.7, 4.5, 4.1, 2.7, 5.4, 5.7, 5.6, 5.3, 5.7, 2.3, 2.9, 3.0, 3.1
65, 5, 5.2, 5.3, 4.9, 4.4, 2.6, 6.7, 6.8, 6.6, 6.2, 6.9, 2.7, 3.6, 3.6, 3.8
65, 6, 6.3, 6.1, 5.6, 4.9, 2.7, 8.1, 8.1, 7.8, 7.3, 8.3, 3.8, 5.0, 4.7, 5.1
65, 7, 6.2, 6.2, 5.7, 5.0, 2.8, 8.3, 8.3, 8.0, 7.5, 8.5, 4.0, 5.3, 5.1, 5.5
65, 8, 5.4, 5.7, 5.5, 5.0, 3.1, 7.1, 7.4, 7.3, 6.9, 7.4, 3.4, 4.4, 4.5, 4.7
65, 9, 3.5, 3.8, 3.8, 3.6, 2.6, 4.3, 4.6, 4.6, 4.4, 4.6, 1.7, 2.0, 2.3, 2.3
65,10, 3.2, 4.4, 4.7, 4.8, 4.0, 4.6, 5.5, 5.8, 5.8, 5.8, 3.2, 3.0, 4.0, 4.0
65,11, 2.0, 3.0, 3.3, 3.4, 3.1, 2.8, 3.5, 3.8, 3.9, 4.0, 2.3, 1.7, 2.5, 2.7
65,12, 1.4, 2.2, 2.4, 2.5, 2.3, 1.9, 2.5, 2.7, 2.8, 2.8, 1.6, 1.0, 1.6, 1.8
66, 1, 2.1, 3.5, 4.0, 4.3, 4.2, 3.2, 4.3, 4.7, 4.9, 5.0, 3.0, 2.0, 3.2, 3.4
66, 2, 2.8, 4.0, 4.3, 4.5, 3.9, 4.0, 4.9, 5.2, 5.3, 5.3, 2.9, 2.5, 3.5, 3.6
66, 3, 3.6, 4.3, 4.5, 4.3, 3.4, 4.7, 5.3, 5.4, 5.3, 5.4, 2.5, 2.7, 3.3, 3.3
66, 4, 4.3, 4.6, 4.5, 4.1, 2.8, 5.4, 5.6, 5.5, 5.3, 5.7, 2.1, 2.7, 2.9, 2.9
66, 5, 6.3, 6.4, 6.0, 5.3, 3.1, 8.4, 8.6, 8.4, 7.9, 8.7, 4.3, 5.6, 5.5, 5.8
66, 6, 6.5, 6.4, 5.9, 5.1, 2.8, 8.6, 8.6, 8.2, 7.7, 8.8, 4.2, 5.5, 5.2, 5.7
66, 7, 6.7, 6.7, 6.3, 5.4, 3.0, 9.1, 9.2, 8.9, 8.4, 9.4, 4.8, 6.3, 6.1, 6.5
66, 8, 5.7, 6.1, 5.9, 5.3, 3.3, 7.7, 8.1, 8.0, 7.6, 8.2, 3.8, 5.0, 5.2, 5.3
66, 9, 4.5, 5.4, 5.5, 5.2, 3.8, 6.3, 7.0, 7.1, 6.9, 7.1, 3.5, 4.2, 4.7, 4.7
66,10, 3.3, 4.6, 4.9, 5.0, 4.1, 4.9, 5.8, 6.1, 6.1, 6.1, 3.5, 3.3, 4.4, 4.4
66,11, 2.0, 2.9, 3.3, 3.4, 3.0, 2.8, 3.5, 3.8, 3.9, 3.9, 2.2, 1.6, 2.5, 2.6
66,12, 1.6, 2.7, 3.1, 3.3, 3.1, 2.3, 3.1, 3.5, 3.7, 3.7, 2.3, 1.4, 2.4, 2.6
67, 1, 1.7, 2.5, 2.9, 3.0, 2.9, 2.4, 3.0, 3.3, 3.4, 3.5, 1.7, 1.2, 1.9, 2.0
67, 2, 2.6, 3.7, 4.0, 4.2, 3.8, 3.7, 4.5, 4.8, 4.9, 4.9, 2.5, 2.1, 2.9, 3.0
67, 3, 3.6, 4.3, 4.5, 4.4, 3.4, 4.6, 5.2, 5.3, 5.3, 5.4, 2.4, 2.5, 3.1, 3.2
67, 4, 4.3, 4.6, 4.5, 4.1, 2.8, 5.4, 5.7, 5.6, 5.3, 5.7, 2.2, 2.8, 3.0, 3.1
67, 5, 5.8, 5.9, 5.6, 4.9, 2.9, 7.5, 7.6, 7.4, 6.9, 7.7, 3.4, 4.4, 4.4, 4.6
67, 6, 5.8, 5.6, 5.2, 4.5, 2.5, 7.2, 7.1, 6.8, 6.4, 7.3, 2.9, 3.8, 3.6, 3.9
67, 7, 6.3, 6.3, 5.9, 5.1, 2.9, 8.3, 8.4, 8.1, 7.6, 8.6, 3.9, 5.2, 5.0, 5.4
67, 8, 5.7, 6.2, 6.0, 5.4, 3.4, 7.8, 8.2, 8.0, 7.7, 8.2, 4.0, 5.1, 5.3, 5.5
67, 9, 4.6, 5.5, 5.5, 5.3, 3.8, 6.6, 7.3, 7.3, 7.1, 7.3, 3.7, 4.5, 5.1, 5.1
67,10, 3.0, 3.9, 4.1, 4.1, 3.4, 4.1, 4.8, 5.0, 5.0, 5.0, 2.5, 2.4, 3.2, 3.2
67,11, 1.9, 2.7, 3.0, 3.1, 2.8, 2.5, 3.2, 3.4, 3.5, 3.6, 1.9, 1.4, 2.2, 2.3
67,12, 1.4, 2.2, 2.5, 2.7, 2.5, 2.0, 2.6, 2.8, 3.0, 3.0, 1.7, 1.0, 1.7, 1.9
68, 1, 1.8, 2.9, 3.3, 3.5, 3.3, 2.6, 3.4, 3.7, 3.9, 4.0, 2.3, 1.5, 2.4, 2.6
68, 2, 2.9, 4.3, 4.8, 4.9, 4.3, 4.4, 5.4, 5.7, 5.9, 5.9, 3.5, 3.0, 4.2, 4.3
68, 3, 4.2, 5.3, 5.5, 5.4, 4.2, 5.9, 6.8, 7.0, 6.9, 7.0, 3.8, 4.1, 5.0, 5.0
68, 4, 4.8, 5.3, 5.2, 4.8, 3.2, 6.4, 6.8, 6.7, 6.4, 6.8, 3.0, 3.9, 4.1, 4.2
68, 5, 5.3, 5.4, 5.1, 4.5, 2.7, 6.7, 6.8, 6.6, 6.2, 6.9, 2.7, 3.5, 3.5, 3.7
68, 6, 6.3, 6.2, 5.7, 4.9, 2.7, 8.2, 8.2, 7.9, 7.4, 8.4, 3.8, 5.0, 4.8, 5.2
68, 7, 6.4, 6.4, 5.9, 5.2, 2.9, 8.5, 8.6, 8.3, 7.8, 8.8, 4.2, 5.5, 5.3, 5.7
68, 8, 5.6, 6.1, 5.8, 5.3, 3.3, 7.5, 7.9, 7.8, 7.4, 7.9, 3.8, 4.9, 5.1, 5.2
68, 9, 4.4, 5.2, 5.3, 5.0, 3.7, 6.1, 6.8, 6.8, 6.7, 6.9, 3.5, 4.1, 4.7, 4.7
68,10, 2.9, 3.9, 4.2, 4.2, 3.5, 4.1, 4.8, 5.0, 5.0, 5.1, 2.6, 2.5, 3.2, 3.3
68,11, 1.7, 2.4, 2.6, 2.7, 2.3, 2.3, 2.8, 2.9, 3.0, 3.0, 1.5, 1.1, 1.7, 1.8
68,12, 1.5, 2.2, 2.5, 2.7, 2.5, 2.0, 2.6, 2.8, 2.9, 3.0, 1.6, 1.0, 1.7, 1.8
69, 1, 1.8, 2.5, 2.8, 3.0, 2.9, 2.4, 3.0, 3.2, 3.3, 3.4, 1.5, 1.0, 1.6, 1.7
69, 2, 2.6, 3.5, 3.8, 4.0, 3.7, 3.5, 4.2, 4.4, 4.6, 4.6, 2.0, 1.7, 2.4, 2.4
69, 3, 4.1, 5.2, 5.5, 5.4, 4.3, 5.9, 6.8, 6.9, 6.9, 7.0, 3.7, 4.0, 4.8, 4.9
69, 4, 5.1, 5.6, 5.4, 5.0, 3.3, 6.9, 7.3, 7.2, 6.9, 7.3, 3.4, 4.5, 4.8, 4.9
69, 5, 5.6, 5.7, 5.3, 4.7, 2.8, 7.2, 7.3, 7.1, 6.6, 7.4, 3.0, 4.0, 4.0, 4.2
69, 6, 5.8, 5.7, 5.2, 4.5, 2.6, 7.2, 7.2, 6.9, 6.4, 7.3, 3.0, 4.0, 3.7, 4.1
69, 7, 6.0, 6.0, 5.6, 4.9, 2.8, 7.8, 7.9, 7.6, 7.1, 8.0, 3.5, 4.7, 4.5, 4.8
69, 8, 6.1, 6.6, 6.4, 5.8, 3.5, 8.5, 8.9, 8.8, 8.4, 9.0, 4.7, 6.0, 6.2, 6.4
69, 9, 4.4, 5.2, 5.3, 5.0, 3.7, 6.0, 6.7, 6.8, 6.6, 6.8, 3.3, 3.9, 4.5, 4.5
69,10, 2.8, 3.6, 3.7, 3.7, 3.0, 3.8, 4.4, 4.5, 4.5, 4.6, 2.2, 2.2, 2.8, 2.9
69,11, 1.9, 2.8, 3.0, 3.2, 2.8, 2.6, 3.3, 3.5, 3.6, 3.6, 1.9, 1.5, 2.2, 2.3
69,12, 1.5, 2.3, 2.6, 2.8, 2.7, 2.1, 2.7, 2.9, 3.0, 3.1, 1.4, 0.9, 1.5, 1.6
70, 1, 2.1, 3.4, 3.9, 4.3, 4.2, 3.2, 4.2, 4.6, 4.8, 4.9, 2.6, 1.8, 2.9, 3.1
70, 2, 2.9, 4.3, 4.7, 5.0, 4.6, 4.4, 5.4, 5.8, 5.9, 5.9, 3.2, 2.8, 3.8, 3.9
70, 3, 3.8, 4.7, 4.8, 4.7, 3.7, 5.2, 5.8, 6.0, 5.9, 6.0, 2.9, 3.1, 3.8, 3.8
70, 4, 5.0, 5.5, 5.4, 5.0, 3.3, 6.7, 7.1, 7.1, 6.8, 7.2, 3.3, 4.2, 4.5, 4.6
70, 5, 5.8, 5.9, 5.5, 4.9, 2.9, 7.5, 7.7, 7.4, 7.0, 7.8, 3.5, 4.6, 4.5, 4.8
70, 6, 6.5, 6.4, 5.8, 5.1, 2.8, 8.6, 8.6, 8.3, 7.8, 8.9, 4.1, 5.5, 5.2, 5.7
70, 7, 6.6, 6.6, 6.1, 5.4, 3.0, 8.9, 9.0, 8.7, 8.2, 9.2, 4.4, 5.9, 5.7, 6.1
70, 8, 5.5, 5.9, 5.7, 5.2, 3.3, 7.3, 7.7, 7.5, 7.2, 7.7, 3.6, 4.6, 4.8, 5.0
70, 9, 4.0, 4.7, 4.7, 4.5, 3.2, 5.4, 5.9, 5.9, 5.8, 6.0, 2.7, 3.2, 3.7, 3.7
70,10, 2.9, 3.7, 3.9, 3.9, 3.2, 3.9, 4.6, 4.7, 4.7, 4.7, 2.3, 2.3, 3.0, 3.0
70,11, 1.7, 2.3, 2.5, 2.6, 2.3, 2.1, 2.6, 2.8, 2.8, 2.8, 1.3, 0.9, 1.5, 1.5
70,12, 1.8, 3.0, 3.4, 3.7, 3.6, 2.6, 3.5, 3.9, 4.2, 4.2, 2.5, 1.6, 2.7, 2.9
71, 1, 2.2, 3.5, 4.1, 4.4, 4.3, 3.3, 4.3, 4.8, 5.0, 5.1, 2.8, 1.9, 3.1, 3.3
71, 2, 2.8, 3.9, 4.3, 4.4, 4.1, 4.0, 4.8, 5.1, 5.2, 5.2, 2.3, 2.0, 2.8, 2.8
71, 3, 3.8, 4.6, 4.8, 4.8, 4.0, 5.1, 5.8, 5.9, 5.9, 5.9, 2.6, 2.8, 3.4, 3.4
71, 4, 5.3, 5.9, 5.8, 5.4, 3.6, 7.3, 7.8, 7.7, 7.4, 7.8, 3.9, 4.9, 5.3, 5.4
71, 5, 5.8, 5.8, 5.5, 4.8, 2.8, 7.6, 7.8, 7.5, 7.1, 7.9, 3.5, 4.7, 4.6, 4.9
71, 6, 6.6, 6.5, 6.0, 5.2, 2.8, 8.7, 8.7, 8.4, 7.8, 8.9, 4.2, 5.5, 5.2, 5.7
71, 7, 6.0, 5.9, 5.5, 4.8, 2.7, 7.9, 8.0, 7.7, 7.3, 8.2, 3.6, 4.8, 4.7, 5.0
71, 8, 5.8, 6.3, 6.1, 5.5, 3.4, 8.0, 8.4, 8.3, 7.9, 8.5, 4.1, 5.4, 5.6, 5.8
71, 9, 4.4, 5.2, 5.3, 5.0, 3.6, 6.2, 6.8, 6.8, 6.7, 6.9, 3.3, 4.0, 4.5, 4.6
71,10, 3.0, 3.9, 4.1, 4.1, 3.4, 4.1, 4.8, 5.0, 5.0, 5.0, 2.6, 2.5, 3.3, 3.3
71,11, 1.9, 2.8, 3.1, 3.2, 2.9, 2.6, 3.3, 3.5, 3.6, 3.7, 1.9, 1.5, 2.2, 2.3
71,12, 1.4, 2.0, 2.2, 2.3, 2.1, 1.8, 2.2, 2.4, 2.5, 2.5, 1.2, 0.8, 1.3, 1.4
72, 1, 1.9, 3.1, 3.5, 3.8, 3.7, 2.9, 3.8, 4.1, 4.3, 4.4, 2.5, 1.8, 2.8, 3.0
72, 2, 2.9, 4.1, 4.5, 4.7, 4.4, 4.1, 5.0, 5.3, 5.5, 5.5, 2.7, 2.3, 3.2, 3.3
72, 3, 3.7, 4.6, 4.8, 4.7, 3.7, 5.0, 5.7, 5.9, 5.8, 5.9, 2.8, 3.0, 3.7, 3.7
72, 4, 4.2, 4.5, 4.3, 4.0, 2.7, 5.1, 5.4, 5.3, 5.1, 5.4, 1.9, 2.5, 2.7, 2.7
72, 5, 6.0, 6.1, 5.7, 5.0, 2.9, 7.8, 7.9, 7.7, 7.2, 8.0, 3.7, 4.8, 4.7, 5.0
72, 6, 6.3, 6.2, 5.7, 4.9, 2.7, 8.1, 8.1, 7.8, 7.3, 8.3, 3.7, 4.9, 4.6, 5.0
72, 7, 5.8, 5.8, 5.3, 4.7, 2.7, 7.5, 7.6, 7.3, 6.8, 7.7, 3.3, 4.4, 4.3, 4.6
72, 8, 5.3, 5.7, 5.5, 5.0, 3.1, 7.1, 7.4, 7.3, 6.9, 7.5, 3.5, 4.5, 4.7, 4.8
72, 9, 4.0, 4.7, 4.7, 4.5, 3.2, 5.3, 5.9, 5.9, 5.7, 5.9, 2.6, 3.1, 3.6, 3.6
72,10, 2.8, 3.7, 3.9, 3.9, 3.2, 3.9, 4.6, 4.8, 4.8, 4.8, 2.4, 2.4, 3.1, 3.1
72,11, 1.6, 2.1, 2.2, 2.3, 2.0, 2.0, 2.3, 2.4, 2.5, 2.5, 0.8, 0.6, 0.9, 1.0
72,12, 1.5, 2.3, 2.6, 2.7, 2.7, 2.0, 2.6, 2.9, 3.0, 3.0, 1.5, 0.9, 1.5, 1.7
73, 1, 1.9, 3.0, 3.5, 3.7, 3.6, 2.8, 3.7, 4.1, 4.3, 4.3, 2.5, 1.7, 2.7, 2.9
73, 2, 2.7, 3.7, 4.0, 4.2, 3.8, 3.8, 4.6, 4.8, 4.9, 4.9, 2.5, 2.2, 3.0, 3.1
73, 3, 3.3, 3.9, 3.9, 3.8, 2.8, 4.2, 4.6, 4.7, 4.6, 4.7, 1.9, 2.1, 2.5, 2.5
73, 4, 4.6, 4.9, 4.8, 4.5, 3.1, 5.8, 6.1, 6.0, 5.8, 6.1, 2.3, 2.9, 3.1, 3.2
73, 5, 5.6, 5.7, 5.3, 4.7, 2.8, 7.2, 7.3, 7.1, 6.7, 7.4, 3.2, 4.2, 4.2, 4.4
73, 6, 6.7, 6.5, 6.0, 5.2, 2.8, 8.7, 8.8, 8.4, 7.9, 9.0, 4.3, 5.6, 5.3, 5.8
73, 7, 6.1, 6.1, 5.6, 4.9, 2.8, 7.9, 8.0, 7.7, 7.2, 8.2, 3.7, 4.9, 4.7, 5.1
73, 8, 5.7, 6.1, 5.9, 5.3, 3.3, 7.9, 8.3, 8.1, 7.7, 8.3, 4.1, 5.4, 5.5, 5.7
73, 9, 3.8, 4.3, 4.2, 4.0, 2.9, 4.8, 5.2, 5.2, 5.0, 5.2, 2.1, 2.5, 2.8, 2.8
73,10, 3.1, 4.3, 4.6, 4.6, 3.8, 4.4, 5.3, 5.6, 5.6, 5.6, 3.1, 2.9, 3.9, 3.9
73,11, 1.8, 2.5, 2.7, 2.8, 2.5, 2.3, 2.8, 3.0, 3.1, 3.1, 1.5, 1.1, 1.7, 1.8
73,12, 1.6, 2.6, 3.0, 3.2, 3.2, 2.3, 3.1, 3.4, 3.6, 3.7, 2.0, 1.3, 2.1, 2.3
74, 1, 1.9, 3.0, 3.4, 3.7, 3.5, 2.8, 3.6, 4.0, 4.2, 4.2, 2.4, 1.6, 2.6, 2.8
74, 2, 2.7, 3.8, 4.2, 4.3, 3.9, 3.9, 4.7, 5.0, 5.2, 5.1, 2.7, 2.4, 3.3, 3.3
74, 3, 3.3, 3.8, 3.9, 3.8, 2.9, 4.1, 4.6, 4.6, 4.5, 4.6, 1.8, 2.0, 2.4, 2.4
74, 4, 4.9, 5.3, 5.2, 4.8, 3.2, 6.5, 6.9, 6.8, 6.5, 6.9, 3.1, 4.0, 4.2, 4.3
74, 5, 5.1, 5.1, 4.8, 4.3, 2.6, 6.1, 6.2, 6.0, 5.6, 6.3, 2.3, 3.0, 2.9, 3.1
74, 6, 6.5, 6.4, 5.9, 5.1, 2.8, 8.5, 8.5, 8.2, 7.6, 8.7, 4.1, 5.3, 5.1, 5.5
74, 7, 6.5, 6.6, 6.1, 5.3, 2.9, 8.7, 8.8, 8.5, 8.0, 9.0, 4.3, 5.7, 5.5, 5.9
74, 8, 5.1, 5.4, 5.2, 4.8, 3.0, 6.6, 6.9, 6.8, 6.4, 6.9, 2.8, 3.7, 3.8, 3.9
74, 9, 4.4, 5.2, 5.2, 5.0, 3.6, 6.2, 6.8, 6.8, 6.7, 6.9, 3.3, 4.0, 4.6, 4.6
74,10, 3.1, 4.2, 4.5, 4.5, 3.7, 4.4, 5.3, 5.5, 5.5, 5.6, 3.0, 2.9, 3.8, 3.8
74,11, 1.9, 2.8, 3.1, 3.2, 2.8, 2.6, 3.3, 3.5, 3.6, 3.6, 2.0, 1.4, 2.2, 2.3
74,12, 1.5, 2.4, 2.7, 2.9, 2.8, 2.1, 2.8, 3.1, 3.2, 3.3, 1.8, 1.2, 1.9, 2.1
75, 1, 1.6, 2.4, 2.6, 2.8, 2.6, 2.2, 2.7, 3.0, 3.1, 3.1, 1.5, 1.0, 1.6, 1.7
75, 2, 2.5, 3.3, 3.5, 3.6, 3.3, 3.3, 3.9, 4.1, 4.1, 4.1, 1.7, 1.5, 2.0, 2.1
75, 3, 3.8, 4.7, 4.9, 5.0, 4.3, 5.2, 5.9, 6.1, 6.1, 6.1, 2.7, 2.8, 3.5, 3.5
75, 4, 4.2, 4.5, 4.4, 4.1, 2.9, 5.2, 5.5, 5.4, 5.2, 5.5, 2.0, 2.5, 2.7, 2.7
75, 5, 5.6, 5.7, 5.3, 4.7, 2.8, 7.2, 7.3, 7.1, 6.7, 7.4, 3.2, 4.3, 4.2, 4.4
75, 6, 5.9, 5.8, 5.3, 4.6, 2.6, 7.5, 7.5, 7.2, 6.7, 7.7, 3.3, 4.3, 4.0, 4.4
75, 7, 7.0, 7.0, 6.4, 5.6, 3.0, 9.8, 9.9, 9.6, 9.0,10.1, 5.2, 7.0, 6.8, 7.3
75, 8, 5.2, 5.4, 5.2, 4.7, 3.0, 6.8, 7.1, 6.9, 6.6, 7.1, 3.0, 4.0, 4.1, 4.2
75, 9, 4.1, 4.8, 4.9, 4.6, 3.3, 5.7, 6.3, 6.3, 6.1, 6.3, 2.9, 3.6, 4.1, 4.1
75,10, 3.6, 5.0, 5.4, 5.5, 4.6, 5.4, 6.5, 6.8, 6.9, 6.9, 4.1, 4.0, 5.2, 5.2
75,11, 1.8, 2.5, 2.7, 2.8, 2.5, 2.4, 2.9, 3.1, 3.2, 3.2, 1.7, 1.3, 1.9, 2.0
75,12, 1.4, 2.1, 2.3, 2.5, 2.3, 1.8, 2.4, 2.6, 2.7, 2.7, 1.5, 1.0, 1.6, 1.7
76, 1, 1.9, 3.1, 3.5, 3.7, 3.5, 2.8, 3.7, 4.1, 4.3, 4.3, 2.7, 1.8, 2.9, 3.1
76, 2, 2.6, 3.6, 4.0, 4.1, 3.5, 3.7, 4.4, 4.7, 4.8, 4.8, 2.5, 2.2, 3.0, 3.1
76, 3, 3.4, 4.1, 4.3, 4.2, 3.3, 4.5, 5.1, 5.2, 5.1, 5.2, 2.3, 2.5, 3.0, 3.0
76, 4, 5.0, 5.5, 5.4, 5.0, 3.3, 6.8, 7.2, 7.2, 6.9, 7.3, 3.3, 4.3, 4.6, 4.7
76, 5, 5.8, 5.9, 5.6, 4.9, 2.9, 7.7, 7.9, 7.7, 7.2, 8.0, 3.6, 4.8, 4.8, 5.1
76, 6, 6.9, 6.8, 6.3, 5.4, 2.9, 9.2, 9.2, 8.9, 8.3, 9.4, 4.7, 6.2, 5.8, 6.3
76, 7, 6.6, 6.6, 6.1, 5.3, 2.9, 8.9, 9.0, 8.7, 8.1, 9.2, 4.6, 6.1, 5.8, 6.3
76, 8, 5.9, 6.3, 6.1, 5.6, 3.5, 8.0, 8.5, 8.3, 7.9, 8.5, 4.3, 5.5, 5.7, 5.9
76, 9, 4.8, 5.8, 5.9, 5.6, 4.0, 6.9, 7.6, 7.7, 7.5, 7.7, 4.1, 4.9, 5.6, 5.6
76,10, 3.0, 4.1, 4.4, 4.4, 3.6, 4.3, 5.1, 5.3, 5.3, 5.4, 2.9, 2.8, 3.7, 3.7
76,11, 2.1, 3.3, 3.7, 3.9, 3.6, 3.1, 4.0, 4.4, 4.5, 4.6, 2.7, 2.0, 3.1, 3.2
76,12, 1.8, 3.2, 3.7, 4.0, 3.9, 2.8, 3.8, 4.3, 4.6, 4.6, 3.0, 1.9, 3.1, 3.4
77, 1, 1.9, 3.0, 3.4, 3.7, 3.6, 2.8, 3.6, 4.0, 4.2, 4.2, 2.3, 1.6, 2.5, 2.6
77, 2, 2.6, 3.7, 4.1, 4.3, 3.8, 3.8, 4.6, 4.9, 5.0, 5.1, 2.8, 2.4, 3.3, 3.4
77, 3, 3.4, 4.2, 4.3, 4.2, 3.3, 4.6, 5.2, 5.3, 5.2, 5.3, 2.5, 2.7, 3.3, 3.3
77, 4, 5.0, 5.5, 5.3, 4.9, 3.3, 6.6, 7.0, 6.9, 6.6, 7.0, 3.2, 4.1, 4.3, 4.4
77, 5, 5.9, 6.0, 5.6, 5.0, 2.9, 7.9, 8.1, 7.8, 7.4, 8.1, 3.8, 5.1, 5.0, 5.3
77, 6, 6.6, 6.5, 6.0, 5.2, 2.8, 8.6, 8.6, 8.3, 7.7, 8.8, 4.1, 5.4, 5.1, 5.5
77, 7, 6.5, 6.5, 6.0, 5.3, 2.9, 8.6, 8.7, 8.4, 7.9, 8.9, 4.3, 5.6, 5.4, 5.8
77, 8, 4.7, 4.9, 4.7, 4.2, 2.7, 6.0, 6.2, 6.0, 5.7, 6.2, 2.4, 3.2, 3.3, 3.4
77, 9, 3.7, 4.3, 4.3, 4.1, 2.9, 4.8, 5.2, 5.2, 5.1, 5.3, 2.2, 2.6, 3.0, 3.0
77,10, 2.9, 3.9, 4.1, 4.1, 3.4, 4.2, 4.9, 5.1, 5.1, 5.1, 2.7, 2.7, 3.5, 3.5
77,11, 1.9, 2.7, 3.0, 3.2, 2.9, 2.6, 3.2, 3.5, 3.6, 3.6, 1.8, 1.4, 2.1, 2.2
77,12, 1.5, 2.4, 2.7, 2.9, 2.8, 2.2, 2.8, 3.0, 3.2, 3.2, 1.5, 1.0, 1.6, 1.8
78, 1, 2.1, 3.5, 4.0, 4.3, 4.3, 3.3, 4.3, 4.7, 5.0, 5.0, 2.8, 2.0, 3.1, 3.3
78, 2, 2.8, 3.9, 4.3, 4.4, 4.1, 3.9, 4.8, 5.1, 5.2, 5.2, 2.4, 2.0, 2.8, 2.9
78, 3, 4.0, 5.0, 5.2, 5.2, 4.3, 5.7, 6.4, 6.6, 6.6, 6.6, 3.0, 3.3, 4.0, 4.1
78, 4, 4.4, 4.8, 4.7, 4.3, 2.9, 5.6, 5.9, 5.8, 5.5, 5.9, 2.4, 3.1, 3.3, 3.3
78, 5, 5.1, 5.1, 4.8, 4.3, 2.6, 6.3, 6.4, 6.2, 5.8, 6.4, 2.5, 3.3, 3.2, 3.4
78, 6, 6.2, 6.1, 5.7, 4.9, 2.7, 8.1, 8.1, 7.8, 7.2, 8.3, 3.8, 4.9, 4.7, 5.1
78, 7, 5.5, 5.4, 5.0, 4.4, 2.6, 6.9, 7.0, 6.7, 6.3, 7.1, 2.7, 3.6, 3.5, 3.7
78, 8, 5.7, 6.2, 5.9, 5.4, 3.3, 7.9, 8.3, 8.2, 7.8, 8.4, 4.1, 5.4, 5.5, 5.7
78, 9, 4.5, 5.4, 5.4, 5.2, 3.7, 6.5, 7.2, 7.2, 7.0, 7.2, 3.6, 4.5, 5.0, 5.1
78,10, 2.9, 3.9, 4.2, 4.2, 3.5, 4.0, 4.8, 5.0, 5.0, 5.1, 2.7, 2.5, 3.3, 3.3
78,11, 1.9, 2.7, 2.9, 3.0, 2.7, 2.6, 3.2, 3.4, 3.5, 3.5, 1.8, 1.4, 2.0, 2.1
78,12, 1.5, 2.3, 2.6, 2.7, 2.7, 2.0, 2.6, 2.9, 3.0, 3.1, 1.5, 1.0, 1.6, 1.7
79, 1, 2.1, 3.3, 3.7, 4.0, 3.9, 3.1, 3.9, 4.3, 4.5, 4.6, 2.3, 1.6, 2.5, 2.7
79, 2, 3.0, 4.3, 4.7, 4.9, 4.5, 4.3, 5.2, 5.5, 5.7, 5.7, 2.7, 2.2, 3.1, 3.2
79, 3, 3.2, 3.7, 3.8, 3.8, 3.2, 4.1, 4.5, 4.6, 4.5, 4.6, 1.5, 1.7, 2.1, 2.1
79, 4, 4.4, 4.8, 4.6, 4.3, 2.9, 5.7, 6.1, 6.0, 5.7, 6.1, 2.5, 3.3, 3.5, 3.6
79, 5, 5.9, 5.9, 5.6, 4.9, 2.8, 7.9, 8.1, 7.8, 7.4, 8.2, 3.8, 5.1, 5.0, 5.3
79, 6, 6.3, 6.2, 5.7, 4.9, 2.7, 8.1, 8.1, 7.8, 7.2, 8.3, 3.8, 5.0, 4.7, 5.1
79, 7, 6.0, 6.0, 5.5, 4.8, 2.7, 7.7, 7.7, 7.5, 7.0, 7.9, 3.5, 4.6, 4.4, 4.7
79, 8, 5.1, 5.4, 5.2, 4.7, 3.0, 6.5, 6.8, 6.7, 6.3, 6.9, 3.0, 3.9, 4.0, 4.1
79, 9, 5.1, 6.3, 6.4, 6.2, 4.5, 7.6, 8.5, 8.6, 8.4, 8.6, 4.8, 5.7, 6.6, 6.6
79,10, 3.1, 4.1, 4.4, 4.4, 3.7, 4.3, 5.1, 5.3, 5.3, 5.4, 2.9, 2.7, 3.6, 3.6
79,11, 1.8, 2.6, 2.8, 2.9, 2.6, 2.5, 3.0, 3.3, 3.3, 3.4, 1.8, 1.4, 2.0, 2.1
79,12, 1.5, 2.5, 2.9, 3.1, 2.9, 2.2, 3.0, 3.3, 3.5, 3.5, 2.1, 1.3, 2.2, 2.4
80, 1, 1.6, 2.3, 2.6, 2.7, 2.5, 2.2, 2.7, 2.9, 3.0, 3.0, 1.4, 1.0, 1.6, 1.7
80, 2, 2.8, 3.9, 4.3, 4.5, 4.2, 4.0, 4.8, 5.2, 5.3, 5.3, 2.6, 2.2, 3.1, 3.2
80, 3, 3.7, 4.6, 4.8, 4.7, 3.9, 5.0, 5.7, 5.9, 5.8, 5.9, 2.6, 2.8, 3.5, 3.5
80, 4, 5.0, 5.4, 5.3, 4.9, 3.2, 6.6, 7.1, 7.0, 6.7, 7.1, 3.2, 4.1, 4.4, 4.5
80, 5, 6.1, 6.2, 5.8, 5.1, 3.0, 8.1, 8.3, 8.0, 7.5, 8.4, 4.0, 5.3, 5.2, 5.5
80, 6, 6.7, 6.6, 6.1, 5.3, 2.8, 8.8, 8.9, 8.5, 7.9, 9.1, 4.4, 5.7, 5.4, 5.9
80, 7, 6.7, 6.8, 6.3, 5.5, 3.0, 8.9, 9.0, 8.7, 8.1, 9.2, 4.6, 5.9, 5.7, 6.1
80, 8, 5.3, 5.7, 5.5, 5.0, 3.1, 7.2, 7.5, 7.3, 7.0, 7.5, 3.4, 4.4, 4.6, 4.7
80, 9, 4.6, 5.5, 5.6, 5.3, 3.9, 6.4, 7.1, 7.2, 7.0, 7.2, 3.7, 4.3, 5.0, 5.0
80,10, 3.0, 4.1, 4.3, 4.4, 3.6, 4.3, 5.1, 5.3, 5.3, 5.4, 2.9, 2.8, 3.7, 3.7
80,11, 2.1, 3.3, 3.7, 3.8, 3.5, 3.1, 4.0, 4.3, 4.4, 4.5, 2.6, 2.0, 3.0, 3.1
80,12, 1.4, 2.2, 2.5, 2.6, 2.5, 1.9, 2.5, 2.8, 2.9, 2.9, 1.6, 1.0, 1.7, 1.8
81, 1, 2.0, 3.5, 4.1, 4.4, 4.2, 3.3, 4.4, 4.8, 5.1, 5.1, 3.3, 2.3, 3.7, 3.9
81, 2, 2.7, 3.7, 4.1, 4.3, 3.9, 3.8, 4.6, 4.9, 5.0, 5.0, 2.5, 2.1, 2.9, 3.0
81, 3, 4.3, 5.5, 5.8, 5.7, 4.4, 6.2, 7.2, 7.4, 7.3, 7.4, 4.0, 4.4, 5.3, 5.3
81, 4, 4.6, 5.0, 4.8, 4.5, 3.0, 5.8, 6.1, 6.0, 5.8, 6.1, 2.6, 3.2, 3.4, 3.5
81, 5, 5.7, 5.7, 5.4, 4.7, 2.8, 7.4, 7.5, 7.3, 6.8, 7.6, 3.3, 4.4, 4.3, 4.5
81, 6, 6.3, 6.2, 5.7, 4.9, 2.7, 8.1, 8.1, 7.7, 7.2, 8.3, 3.7, 4.9, 4.6, 5.0
81, 7, 5.9, 5.8, 5.4, 4.7, 2.7, 7.6, 7.6, 7.3, 6.9, 7.8, 3.3, 4.4, 4.2, 4.5
81, 8, 5.2, 5.5, 5.3, 4.8, 3.0, 6.8, 7.1, 7.0, 6.6, 7.2, 3.2, 4.2, 4.3, 4.4
81, 9, 4.7, 5.7, 5.7, 5.5, 4.0, 6.8, 7.6, 7.7, 7.5, 7.7, 3.9, 4.8, 5.4, 5.4
81,10, 2.9, 3.8, 4.0, 4.0, 3.3, 4.0, 4.6, 4.8, 4.8, 4.9, 2.5, 2.4, 3.2, 3.2
81,11, 2.0, 3.0, 3.3, 3.5, 3.1, 2.8, 3.6, 3.8, 4.0, 4.0, 2.3, 1.7, 2.6, 2.7
81,12, 1.6, 2.5, 2.9, 3.1, 3.1, 2.3, 3.0, 3.3, 3.5, 3.6, 2.0, 1.3, 2.1, 2.3
82, 1, 1.9, 2.9, 3.3, 3.5, 3.4, 2.7, 3.5, 3.8, 4.0, 4.0, 1.9, 1.3, 2.1, 2.2
82, 2, 2.9, 4.0, 4.4, 4.6, 4.3, 4.2, 5.0, 5.3, 5.5, 5.5, 2.5, 2.2, 3.1, 3.2
82, 3, 3.6, 4.3, 4.4, 4.3, 3.4, 4.8, 5.4, 5.5, 5.4, 5.5, 2.4, 2.7, 3.3, 3.3
82, 4, 4.8, 5.3, 5.2, 4.8, 3.3, 6.4, 6.8, 6.7, 6.4, 6.8, 3.0, 3.8, 4.1, 4.1
82, 5, 4.9, 4.9, 4.6, 4.1, 2.5, 5.9, 6.0, 5.8, 5.5, 6.1, 2.2, 2.9, 2.8, 3.0
82, 6, 6.1, 5.9, 5.4, 4.7, 2.6, 7.9, 7.9, 7.5, 7.1, 8.1, 3.6, 4.8, 4.5, 4.9
82, 7, 5.9, 5.9, 5.5, 4.8, 2.7, 7.6, 7.7, 7.4, 7.0, 7.9, 3.5, 4.6, 4.4, 4.7
82, 8, 5.2, 5.5, 5.3, 4.8, 3.0, 6.8, 7.1, 6.9, 6.6, 7.1, 3.1, 4.0, 4.1, 4.3
82, 9, 3.9, 4.5, 4.5, 4.2, 3.1, 5.1, 5.6, 5.6, 5.4, 5.6, 2.4, 2.9, 3.3, 3.3
82,10, 2.7, 3.5, 3.7, 3.7, 3.0, 3.5, 4.2, 4.3, 4.3, 4.3, 2.1, 2.0, 2.6, 2.6
82,11, 1.6, 2.2, 2.4, 2.4, 2.1, 2.0, 2.4, 2.6, 2.6, 2.6, 1.2, 0.9, 1.4, 1.4
82,12, 1.3, 1.9, 2.1, 2.2, 2.1, 1.6, 2.1, 2.3, 2.4, 2.4, 1.2, 0.7, 1.2, 1.3
83, 1, 1.5, 2.2, 2.5, 2.6, 2.4, 2.0, 2.5, 2.8, 2.8, 2.9, 1.5, 1.0, 1.5, 1.7
83, 2, 2.3, 3.0, 3.1, 3.2, 2.8, 2.8, 3.3, 3.4, 3.5, 3.5, 1.3, 1.0, 1.5, 1.5
83, 3, 3.0, 3.3, 3.3, 3.2, 2.5, 3.4, 3.8, 3.8, 3.7, 3.8, 1.1, 1.2, 1.5, 1.5
83, 4, 4.4, 4.7, 4.5, 4.2, 2.7, 5.5, 5.7, 5.6, 5.4, 5.8, 2.3, 2.9, 3.1, 3.1
83, 5, 5.2, 5.2, 4.9, 4.3, 2.6, 6.6, 6.7, 6.4, 6.0, 6.7, 2.7, 3.6, 3.5, 3.7
83, 6, 6.0, 5.9, 5.4, 4.7, 2.7, 7.5, 7.5, 7.2, 6.7, 7.7, 3.2, 4.2, 3.9, 4.3
83, 7, 6.6, 6.6, 6.1, 5.3, 3.0, 8.6, 8.7, 8.4, 7.9, 8.9, 4.3, 5.6, 5.4, 5.8
83, 8, 5.5, 5.9, 5.6, 5.1, 3.2, 7.3, 7.6, 7.4, 7.1, 7.6, 3.4, 4.4, 4.6, 4.7
83, 9, 4.3, 5.1, 5.2, 4.9, 3.6, 5.9, 6.5, 6.6, 6.4, 6.6, 3.2, 3.7, 4.3, 4.3
83,10, 2.8, 3.6, 3.8, 3.8, 3.2, 3.8, 4.4, 4.6, 4.6, 4.6, 2.3, 2.2, 2.9, 2.9
83,11, 1.5, 1.9, 2.0, 2.0, 1.7, 1.7, 2.0, 2.1, 2.2, 2.2, 0.9, 0.6, 0.9, 1.0
83,12, 1.5, 2.4, 2.7, 2.9, 2.9, 2.2, 2.8, 3.1, 3.3, 3.3, 1.7, 1.1, 1.8, 1.9
84, 1, 1.9, 3.0, 3.5, 3.7, 3.6, 2.8, 3.7, 4.0, 4.2, 4.3, 2.2, 1.5, 2.4, 2.6
84, 2, 2.7, 3.7, 4.1, 4.2, 3.7, 3.7, 4.5, 4.8, 4.9, 4.9, 2.5, 2.1, 2.9, 3.0
84, 3, 3.6, 4.3, 4.4, 4.4, 3.7, 4.7, 5.3, 5.4, 5.4, 5.4, 2.1, 2.3, 2.8, 2.8
84, 4, 4.1, 4.3, 4.2, 3.8, 2.6, 5.0, 5.3, 5.2, 4.9, 5.3, 1.9, 2.5, 2.6, 2.7
84, 5, 5.7, 5.7, 5.4, 4.8, 2.8, 7.3, 7.4, 7.2, 6.8, 7.5, 3.4, 4.4, 4.3, 4.6
84, 6, 6.1, 6.0, 5.6, 4.8, 2.7, 7.9, 7.9, 7.6, 7.1, 8.1, 3.6, 4.7, 4.5, 4.8
84, 7, 6.4, 6.4, 5.9, 5.2, 2.9, 8.5, 8.6, 8.3, 7.8, 8.7, 4.1, 5.5, 5.3, 5.7
84, 8, 5.8, 6.2, 6.0, 5.5, 3.4, 7.9, 8.3, 8.2, 7.8, 8.4, 4.0, 5.3, 5.4, 5.6
84, 9, 4.3, 5.1, 5.1, 4.9, 3.6, 5.9, 6.6, 6.6, 6.4, 6.6, 3.1, 3.8, 4.3, 4.3
84,10, 2.4, 3.1, 3.2, 3.2, 2.6, 3.1, 3.6, 3.7, 3.7, 3.7, 1.7, 1.6, 2.1, 2.1
84,11, 2.0, 3.1, 3.5, 3.6, 3.3, 2.9, 3.7, 4.0, 4.1, 4.1, 2.5, 1.8, 2.8, 2.9
84,12, 1.4, 2.2, 2.5, 2.7, 2.5, 2.0, 2.6, 2.9, 3.0, 3.0, 1.8, 1.1, 1.9, 2.0
85, 1, 2.0, 3.5, 4.0, 4.3, 4.3, 3.2, 4.2, 4.7, 5.0, 5.0, 3.0, 2.0, 3.2, 3.4
85, 2, 2.8, 4.0, 4.4, 4.6, 4.2, 4.0, 4.9, 5.3, 5.4, 5.4, 2.8, 2.4, 3.3, 3.4
85, 3, 3.7, 4.5, 4.7, 4.6, 3.6, 5.0, 5.7, 5.8, 5.7, 5.8, 2.9, 3.1, 3.8, 3.8
85, 4, 5.2, 5.8, 5.7, 5.3, 3.6, 7.1, 7.6, 7.5, 7.2, 7.6, 3.7, 4.7, 5.1, 5.2
85, 5, 6.1, 6.2, 5.8, 5.1, 3.0, 8.0, 8.2, 8.0, 7.5, 8.3, 3.9, 5.2, 5.1, 5.4
85, 6, 6.1, 6.0, 5.5, 4.8, 2.7, 7.8, 7.8, 7.5, 7.0, 7.9, 3.4, 4.5, 4.2, 4.6
85, 7, 6.3, 6.3, 5.9, 5.1, 2.8, 8.4, 8.4, 8.1, 7.6, 8.6, 4.2, 5.5, 5.3, 5.7
85, 8, 5.2, 5.4, 5.2, 4.7, 2.9, 6.7, 7.0, 6.8, 6.5, 7.0, 3.2, 4.1, 4.2, 4.3
85, 9, 3.9, 4.5, 4.5, 4.3, 3.1, 5.1, 5.6, 5.6, 5.4, 5.7, 2.6, 3.0, 3.5, 3.5
85,10, 2.6, 3.3, 3.4, 3.4, 2.8, 3.4, 3.9, 4.1, 4.0, 4.1, 1.9, 1.8, 2.4, 2.4
85,11, 1.8, 2.4, 2.6, 2.7, 2.4, 2.3, 2.8, 3.0, 3.0, 3.0, 1.5, 1.1, 1.6, 1.7
85,12, 1.9, 3.1, 3.6, 4.0, 3.9, 2.9, 3.8, 4.2, 4.5, 4.6, 2.7, 1.7, 2.8, 3.1
86, 1, 1.9, 2.9, 3.3, 3.5, 3.4, 2.7, 3.5, 3.8, 4.0, 4.1, 2.0, 1.4, 2.2, 2.4
86, 2, 2.7, 3.5, 3.7, 3.8, 3.5, 3.5, 4.1, 4.3, 4.4, 4.4, 1.7, 1.5, 2.0, 2.1
86, 3, 3.7, 4.4, 4.5, 4.4, 3.5, 4.9, 5.5, 5.6, 5.5, 5.6, 2.5, 2.8, 3.3, 3.4
86, 4, 4.7, 5.1, 5.0, 4.6, 3.1, 6.2, 6.5, 6.5, 6.2, 6.6, 2.9, 3.7, 4.0, 4.1
86, 5, 5.4, 5.5, 5.2, 4.6, 2.7, 7.0, 7.1, 6.9, 6.5, 7.2, 3.1, 4.1, 4.1, 4.3
86, 6, 6.2, 6.0, 5.5, 4.8, 2.6, 8.1, 8.1, 7.8, 7.3, 8.3, 3.8, 5.1, 4.8, 5.3
86, 7, 6.4, 6.4, 5.9, 5.2, 2.9, 8.5, 8.6, 8.3, 7.8, 8.7, 4.2, 5.5, 5.3, 5.7
86, 8, 5.5, 5.9, 5.7, 5.1, 3.2, 7.4, 7.8, 7.7, 7.3, 7.9, 3.8, 4.9, 5.1, 5.2
86, 9, 3.7, 4.2, 4.2, 4.0, 2.8, 4.8, 5.2, 5.2, 5.0, 5.2, 2.2, 2.7, 3.0, 3.0
86,10, 2.8, 3.8, 4.0, 4.0, 3.3, 4.0, 4.7, 4.9, 4.9, 4.9, 2.6, 2.5, 3.3, 3.4
86,11, 2.1, 3.2, 3.6, 3.8, 3.5, 3.0, 3.9, 4.2, 4.3, 4.4, 2.4, 1.8, 2.7, 2.8
86,12, 1.5, 2.4, 2.7, 2.9, 2.8, 2.1, 2.8, 3.0, 3.2, 3.2, 1.6, 1.0, 1.7, 1.9
87, 1, 1.8, 2.8, 3.2, 3.5, 3.4, 2.6, 3.4, 3.7, 3.9, 3.9, 2.1, 1.4, 2.3, 2.5
87, 2, 2.5, 3.6, 3.9, 4.0, 3.5, 3.6, 4.4, 4.6, 4.7, 4.7, 2.5, 2.1, 3.0, 3.0
87, 3, 3.3, 4.0, 4.1, 4.0, 3.2, 4.4, 4.9, 5.0, 5.0, 5.1, 2.1, 2.3, 2.9, 2.9
87, 4, 5.6, 6.2, 6.1, 5.7, 3.8, 7.9, 8.4, 8.4, 8.1, 8.5, 4.5, 5.8, 6.2, 6.3
87, 5, 6.0, 6.1, 5.7, 5.1, 3.0, 7.9, 8.1, 7.9, 7.4, 8.2, 3.9, 5.2, 5.1, 5.4
87, 6, 6.7, 6.5, 6.0, 5.2, 2.8, 8.6, 8.7, 8.3, 7.8, 8.9, 4.3, 5.5, 5.2, 5.7
87, 7, 6.6, 6.6, 6.1, 5.3, 3.0, 8.8, 8.9, 8.6, 8.1, 9.0, 4.4, 5.8, 5.6, 6.0
87, 8, 5.1, 5.4, 5.2, 4.7, 3.0, 6.8, 7.1, 6.9, 6.6, 7.1, 3.2, 4.2, 4.3, 4.4
87, 9, 4.2, 4.9, 5.0, 4.8, 3.5, 5.7, 6.3, 6.3, 6.1, 6.3, 3.0, 3.5, 4.0, 4.0
87,10, 3.2, 4.3, 4.6, 4.7, 3.9, 4.6, 5.5, 5.7, 5.8, 5.8, 3.2, 3.1, 4.1, 4.1
87,11, 1.9, 2.7, 3.0, 3.1, 2.8, 2.5, 3.2, 3.4, 3.5, 3.5, 2.0, 1.5, 2.3, 2.4
87,12, 1.5, 2.3, 2.6, 2.8, 2.7, 2.1, 2.7, 3.0, 3.1, 3.2, 1.7, 1.1, 1.8, 2.0
88, 1, 2.0, 3.2, 3.7, 4.0, 3.9, 3.0, 3.9, 4.3, 4.5, 4.6, 2.6, 1.8, 2.9, 3.1
88, 2, 2.9, 4.3, 4.7, 4.9, 4.3, 4.5, 5.5, 5.8, 5.9, 5.9, 3.4, 3.0, 4.2, 4.3
88, 3, 3.8, 4.6, 4.8, 4.6, 3.6, 5.3, 5.9, 6.0, 5.9, 6.1, 2.9, 3.3, 3.9, 3.9
88, 4, 5.4, 6.0, 5.8, 5.4, 3.6, 7.4, 7.9, 7.9, 7.6, 8.0, 4.0, 5.1, 5.5, 5.6
88, 5, 6.5, 6.7, 6.3, 5.5, 3.2, 8.7, 9.0, 8.7, 8.2, 9.1, 4.5, 5.9, 5.8, 6.1
88, 6, 7.4, 7.2, 6.6, 5.7, 3.0,10.1,10.1, 9.8, 9.1,10.4, 5.6, 7.4, 7.0, 7.6
88, 7, 7.0, 7.1, 6.5, 5.7, 3.1, 9.6, 9.7, 9.4, 8.8, 9.9, 5.2, 6.8, 6.5, 7.0
88, 8, 6.1, 6.6, 6.3, 5.7, 3.5, 8.6, 9.0, 8.9, 8.4, 9.1, 4.7, 6.2, 6.4, 6.6
88, 9, 4.4, 5.2, 5.3, 5.0, 3.6, 6.1, 6.7, 6.8, 6.6, 6.8, 3.3, 4.0, 4.5, 4.5
88,10, 3.4, 4.7, 5.1, 5.2, 4.3, 5.1, 6.1, 6.3, 6.4, 6.4, 3.8, 3.7, 4.8, 4.8
88,11, 1.9, 2.8, 3.1, 3.2, 2.9, 2.5, 3.2, 3.5, 3.6, 3.6, 2.0, 1.5, 2.2, 2.3
88,12, 1.6, 2.8, 3.3, 3.5, 3.4, 2.5, 3.4, 3.8, 4.0, 4.1, 2.6, 1.7, 2.7, 3.0
89, 1, 1.8, 2.9, 3.3, 3.6, 3.3, 2.7, 3.6, 3.9, 4.1, 4.1, 2.5, 1.8, 2.8, 3.0
89, 2, 2.8, 4.1, 4.6, 4.8, 4.4, 4.4, 5.3, 5.7, 5.8, 5.8, 3.1, 2.8, 3.8, 3.9
89, 3, 3.6, 4.4, 4.5, 4.4, 3.6, 4.8, 5.4, 5.5, 5.5, 5.5, 2.5, 2.7, 3.2, 3.2
89, 4, 4.9, 5.4, 5.3, 4.9, 3.3, 6.5, 6.9, 6.9, 6.6, 7.0, 3.2, 4.0, 4.3, 4.4
89, 5, 5.8, 5.9, 5.5, 4.9, 2.9, 7.7, 7.8, 7.6, 7.2, 7.9, 3.7, 4.9, 4.8, 5.1
89, 6, 6.3, 6.2, 5.7, 4.9, 2.7, 8.2, 8.2, 7.9, 7.3, 8.4, 3.8, 5.0, 4.8, 5.2
89, 7, 6.4, 6.4, 5.9, 5.1, 2.8, 8.5, 8.6, 8.3, 7.8, 8.8, 4.2, 5.6, 5.4, 5.8
89, 8, 5.4, 5.7, 5.5, 4.9, 3.1, 7.4, 7.7, 7.5, 7.2, 7.7, 3.4, 4.6, 4.7, 4.9
89, 9, 4.6, 5.6, 5.7, 5.5, 4.1, 6.6, 7.4, 7.5, 7.3, 7.5, 3.9, 4.6, 5.4, 5.4
89,10, 3.3, 4.6, 4.9, 5.0, 4.1, 4.9, 5.8, 6.1, 6.2, 6.2, 3.5, 3.4, 4.5, 4.5
89,11, 1.8, 2.6, 2.9, 3.0, 2.7, 2.5, 3.1, 3.3, 3.4, 3.5, 1.8, 1.4, 2.0, 2.2
89,12, 1.6, 2.7, 3.1, 3.3, 3.2, 2.4, 3.2, 3.5, 3.7, 3.8, 2.2, 1.4, 2.3, 2.5
90, 1, 1.9, 3.1, 3.5, 3.8, 3.6, 2.9, 3.8, 4.2, 4.4, 4.4, 2.7, 1.9, 3.0, 3.2
90, 2, 2.8, 4.0, 4.4, 4.5, 4.0, 4.1, 5.0, 5.3, 5.4, 5.4, 3.0, 2.6, 3.6, 3.7
90, 3, 3.6, 4.3, 4.4, 4.3, 3.3, 4.8, 5.4, 5.5, 5.4, 5.5, 2.7, 3.0, 3.6, 3.6
90, 4, 4.8, 5.3, 5.2, 4.8, 3.2, 6.4, 6.8, 6.8, 6.5, 6.9, 3.1, 4.0, 4.3, 4.4
90, 5, 5.3, 5.3, 5.0, 4.4, 2.6, 6.7, 6.8, 6.6, 6.2, 6.9, 2.8, 3.8, 3.8, 4.0
90, 6, 5.7, 5.6, 5.1, 4.4, 2.5, 7.2, 7.2, 6.9, 6.5, 7.4, 3.3, 4.3, 4.1, 4.4
90, 7, 5.8, 5.8, 5.3, 4.7, 2.7, 7.5, 7.6, 7.3, 6.8, 7.7, 3.4, 4.5, 4.3, 4.6
90, 8, 5.5, 5.9, 5.7, 5.2, 3.2, 7.4, 7.8, 7.7, 7.3, 7.9, 3.8, 4.9, 5.0, 5.2
90, 9, 4.5, 5.4, 5.5, 5.3, 3.8, 6.4, 7.1, 7.2, 7.0, 7.2, 3.6, 4.3, 4.9, 4.9
90,10, 3.3, 4.6, 5.0, 5.1, 4.2, 4.9, 5.9, 6.2, 6.2, 6.2, 3.6, 3.4, 4.5, 4.6
90,11, 2.0, 3.2, 3.6, 3.8, 3.4, 3.0, 3.8, 4.1, 4.3, 4.3, 2.6, 1.9, 2.9, 3.1
90,12, 1.7, 2.8, 3.3, 3.6, 3.5, 2.6, 3.4, 3.8, 4.0, 4.1, 2.3, 1.5, 2.5, 2.7
